116.9153823852539 159.0
113.04408264160156 126.0
113.75375366210938 154.0
109.69093322753906 132.0
115.06123352050781 124.0
113.03955841064453 112.0
107.21226501464844 119.0
110.11311340332031 139.0
118.05326080322266 167.0
128.70614624023438 135.0
132.01300048828125 160.0
115.09712982177734 122.0
117.09609985351562 118.0
117.91987609863281 176.0
129.9822998046875 169.0
113.82727813720703 127.0
120.96244049072266 134.0
92.48197937011719 121.0
111.43102264404297 122.0
117.45172882080078 128.0
118.43009948730469 154.0
114.99736785888672 108.0
113.57211303710938 155.0
117.75151062011719 167.0
116.26676940917969 130.0
109.58181762695312 115.0
131.74267578125 167.0
106.25029754638672 148.0
139.56822204589844 171.0
101.07880401611328 111.0
119.01594543457031 122.0
114.02224731445312 106.0
109.69751739501953 114.0
108.71533966064453 143.0
117.21673583984375 144.0
129.36941528320312 114.0
114.79545593261719 125.0
120.18708038330078 111.0
128.9956817626953 146.0
119.945068359375 130.0
109.5401611328125 120.0
114.86583709716797 134.0
113.98735809326172 126.0
105.17920684814453 136.0
131.9248809814453 153.0
116.74738311767578 167.0
127.1343002319336 133.0
116.81423950195312 116.0
104.27944946289062 106.0
107.10882568359375 120.0
109.7176284790039 161.0
106.3961410522461 129.0
110.51165771484375 150.0
117.93843841552734 130.0
108.44261169433594 110.0
101.95864868164062 127.0
110.60240173339844 126.0
106.72284698486328 134.0
120.1417236328125 144.0
111.57340240478516 114.0
108.62320709228516 111.0
106.15380859375 134.0
113.26701354980469 128.0
110.40113830566406 158.0
120.45123291015625 110.0
129.92396545410156 153.0
119.84342956542969 149.0
114.96888732910156 162.0
115.18677520751953 132.0
105.65821838378906 117.0
109.63953399658203 122.0
107.92005157470703 159.0
104.6007080078125 126.0
108.05300903320312 154.0
92.2791976928711 132.0
94.78935241699219 124.0
83.1285171508789 112.0
91.3289794921875 119.0
100.72525024414062 139.0
111.62510681152344 167.0
102.8683090209961 135.0
115.79032135009766 160.0
98.72738647460938 122.0
101.4984130859375 118.0
115.70938110351562 176.0
121.94390869140625 169.0
109.56800842285156 127.0
109.60152435302734 134.0
96.97760009765625 121.0
86.41184997558594 122.0
106.4061050415039 128.0
107.41502380371094 154.0
96.57415771484375 108.0
108.68080139160156 155.0
98.17151641845703 167.0
100.19873046875 130.0
92.34590148925781 115.0
116.05487060546875 167.0
91.66563415527344 148.0
122.83448791503906 171.0
90.0490951538086 111.0
98.81229400634766 122.0
89.65518951416016 106.0
93.76663208007812 114.0
103.5320816040039 143.0
116.57273864746094 144.0
110.80705261230469 114.0
104.43174743652344 125.0
95.69425964355469 111.0
112.66704559326172 146.0
102.50382995605469 130.0
96.07921600341797 120.0
102.25735473632812 134.0
85.67381286621094 126.0
89.37320709228516 136.0
112.68500518798828 153.0
111.96631622314453 167.0
100.00789642333984 133.0
100.08979034423828 116.0
91.04126739501953 106.0
92.09159088134766 120.0
105.55926513671875 161.0
82.78203582763672 129.0
105.98826599121094 150.0
116.10639953613281 130.0
93.13967895507812 110.0
89.45499420166016 127.0
89.04138946533203 126.0
121.12189483642578 134.0
118.18952941894531 144.0
97.31808471679688 114.0
100.73762512207031 111.0
98.8989028930664 134.0
111.65782165527344 128.0
98.24193572998047 158.0
104.03047943115234 110.0
109.76423645019531 153.0
114.48230743408203 149.0
103.51130676269531 162.0
105.45266723632812 132.0
84.77594757080078 117.0
85.9016342163086 122.0
120.90157318115234 159.0
99.52845001220703 126.0
119.90166473388672 154.0
90.09516143798828 132.0
82.9410171508789 124.0
47.514869689941406 112.0
90.7239990234375 119.0
109.42157745361328 139.0
129.72726440429688 167.0
93.70221710205078 135.0
108.01563262939453 160.0
92.21504211425781 122.0
86.02725982666016 118.0
68.1306381225586 176.0
125.83395385742188 169.0
103.81607055664062 127.0
116.91763305664062 134.0
63.21184539794922 121.0
45.832393646240234 122.0
105.537109375 128.0
101.83097076416016 154.0
90.27018737792969 108.0
125.50198364257812 155.0
113.08211517333984 167.0
102.14868927001953 130.0
101.1767578125 115.0
100.4898681640625 167.0
78.46769714355469 148.0
118.63822937011719 171.0
76.5439224243164 111.0
76.74890899658203 122.0
62.55768966674805 106.0
76.64830780029297 114.0
124.82752990722656 143.0
123.60218811035156 144.0
84.90853881835938 114.0
83.84603118896484 125.0
94.83720397949219 111.0
122.83291625976562 146.0
98.04647064208984 130.0
90.99234771728516 120.0
117.73038482666016 134.0
50.625648498535156 126.0
104.59149169921875 136.0
105.9100570678711 153.0
102.516845703125 167.0
97.69728088378906 133.0
89.15101623535156 116.0
100.79235076904297 106.0
94.31974792480469 120.0
122.34280395507812 161.0
79.6583251953125 129.0
93.4456787109375 150.0
107.2468032836914 130.0
81.22544860839844 110.0
83.71934509277344 127.0
89.39848327636719 126.0
101.25520324707031 134.0
83.12557220458984 144.0
74.91605377197266 114.0
74.00962829589844 111.0
98.46824645996094 134.0
108.99873352050781 128.0
115.58991241455078 158.0
94.17012023925781 110.0
103.53669738769531 153.0
117.19923400878906 149.0
86.7828140258789 162.0
110.02093505859375 132.0
74.33859252929688 117.0
40.94877243041992 122.0
116.00162506103516 159.0
77.49981689453125 126.0
97.43295288085938 154.0
71.73295593261719 132.0
63.20199966430664 124.0
63.87656784057617 112.0
77.93347930908203 119.0
96.77749633789062 139.0
116.16316223144531 167.0
77.34405517578125 135.0
97.96359252929688 160.0
82.02000427246094 122.0
68.96678161621094 118.0
84.0254898071289 176.0
112.17739868164062 169.0
81.47856903076172 127.0
96.04783630371094 134.0
88.5586929321289 121.0
68.71174621582031 122.0
88.29933166503906 128.0
88.40962982177734 154.0
78.0289306640625 108.0
110.87596130371094 155.0
107.634765625 167.0
76.56673431396484 130.0
89.41983795166016 115.0
99.38882446289062 167.0
76.59491729736328 148.0
97.99751281738281 171.0
57.94749450683594 111.0
53.24290466308594 122.0
63.357601165771484 106.0
61.38513946533203 114.0
107.97343444824219 143.0
100.85302734375 144.0
57.361698150634766 114.0
73.75997924804688 125.0
84.77399444580078 111.0
106.3095474243164 146.0
92.78935241699219 130.0
73.49771118164062 120.0
102.90060424804688 134.0
79.9858169555664 126.0
96.60631561279297 136.0
99.36394500732422 153.0
92.5220718383789 167.0
97.3332748413086 133.0
80.47977447509766 116.0
89.07024383544922 106.0
78.26824188232422 120.0
107.14260864257812 161.0
72.53475952148438 129.0
95.1326904296875 150.0
83.83284759521484 130.0
65.28665924072266 110.0
86.1553955078125 127.0
78.0872573852539 126.0
104.79036712646484 134.0
91.85745239257812 144.0
60.722957611083984 114.0
51.97993087768555 111.0
77.25692749023438 134.0
88.58084869384766 128.0
105.13127899169922 158.0
71.91315460205078 110.0
92.5405502319336 153.0
102.62127685546875 149.0
78.49180603027344 162.0
92.51272583007812 132.0
67.83294677734375 117.0
25.164358139038086 122.0
157.39102172851562 159.0
108.45234680175781 126.0
129.18373107910156 154.0
103.78775787353516 132.0
93.8667984008789 124.0
77.83657836914062 112.0
120.51619720458984 119.0
134.8709259033203 139.0
161.54946899414062 167.0
115.110595703125 135.0
147.68460083007812 160.0
108.18463897705078 122.0
103.71988677978516 118.0
144.94979858398438 176.0
157.41085815429688 169.0
108.83123779296875 127.0
126.68264770507812 134.0
93.76351165771484 121.0
77.7567138671875 122.0
116.5821762084961 128.0
134.0519256591797 154.0
102.4267349243164 108.0
152.16029357910156 155.0
128.6177215576172 167.0
110.1614761352539 130.0
113.54472351074219 115.0
146.501220703125 167.0
126.74610137939453 148.0
149.24769592285156 171.0
93.10074615478516 111.0
96.07372283935547 122.0
85.20645141601562 106.0
101.07737731933594 114.0
140.53887939453125 143.0
134.8822784423828 144.0
97.45063781738281 114.0
100.15791320800781 125.0
103.38285827636719 111.0
146.21087646484375 146.0
124.2913818359375 130.0
108.1487808227539 120.0
129.30467224121094 134.0
79.2098159790039 126.0
121.26419067382812 136.0
143.11419677734375 153.0
140.28515625 167.0
113.14804077148438 133.0
102.15616607666016 116.0
109.57058715820312 106.0
106.404296875 120.0
146.41403198242188 161.0
100.0986328125 129.0
139.5428466796875 150.0
108.5831298828125 130.0
100.69911193847656 110.0
95.07464599609375 127.0
112.15727996826172 126.0
116.14639282226562 134.0
113.80946350097656 144.0
110.02876281738281 114.0
97.47940063476562 111.0
110.33761596679688 134.0
116.16272735595703 128.0
139.8711700439453 158.0
108.42172241210938 110.0
138.29263305664062 153.0
124.73881530761719 149.0
140.4383087158203 162.0
124.84247589111328 132.0
94.41934967041016 117.0
86.69831085205078 122.0
136.69821166992188 159.0
104.7623291015625 126.0
124.64715576171875 154.0
101.38699340820312 132.0
98.3431167602539 124.0
88.84269714355469 112.0
105.4704818725586 119.0
119.06877136230469 139.0
147.5126190185547 167.0
111.64906311035156 135.0
135.97280883789062 160.0
107.82904052734375 122.0
104.738525390625 118.0
137.18911743164062 176.0
151.09970092773438 169.0
105.45951843261719 127.0
114.61482238769531 134.0
93.81787109375 121.0
90.9561538696289 122.0
108.78245544433594 128.0
128.28225708007812 154.0
102.10311126708984 108.0
140.27374267578125 155.0
132.59336853027344 167.0
106.60374450683594 130.0
113.13725280761719 115.0
141.5246124267578 167.0
109.1241683959961 148.0
139.85992431640625 171.0
90.62653350830078 111.0
95.06560516357422 122.0
98.14927673339844 106.0
95.86983489990234 114.0
128.97659301757812 143.0
130.7911376953125 144.0
91.35840606689453 114.0
104.15653228759766 125.0
108.11550903320312 111.0
138.7693328857422 146.0
122.28196716308594 130.0
99.7933578491211 120.0
125.94073486328125 134.0
93.01056671142578 126.0
113.17353820800781 136.0
132.42599487304688 153.0
141.5017547607422 167.0
115.10077667236328 133.0
101.76182556152344 116.0
111.51347351074219 106.0
103.25225830078125 120.0
132.3560791015625 161.0
91.7975845336914 129.0
117.51097106933594 150.0
111.70455932617188 130.0
87.98214721679688 110.0
94.52264404296875 127.0
101.76842498779297 126.0
117.98281860351562 134.0
123.86115264892578 144.0
94.74417877197266 114.0
87.88408660888672 111.0
104.71485137939453 134.0
115.15861511230469 128.0
127.06049346923828 158.0
97.84574890136719 110.0
131.49212646484375 153.0
121.50907897949219 149.0
130.77606201171875 162.0
120.01258850097656 132.0
92.70242309570312 117.0
82.73628997802734 122.0
127.0156478881836 159.0
103.85871887207031 126.0
122.56819915771484 154.0
100.33980560302734 132.0
97.14820098876953 124.0
87.52812957763672 112.0
109.64453125 119.0
117.65547943115234 139.0
148.61705017089844 167.0
108.94999694824219 135.0
130.49810791015625 160.0
105.52967071533203 122.0
105.57437133789062 118.0
137.72010803222656 176.0
152.83570861816406 169.0
107.39212036132812 127.0
115.45970153808594 134.0
80.65445709228516 121.0
89.53732299804688 122.0
109.95579528808594 128.0
121.7640151977539 154.0
104.79356384277344 108.0
139.83224487304688 155.0
121.92628479003906 167.0
106.12240600585938 130.0
112.28536987304688 115.0
139.09085083007812 167.0
97.69081115722656 148.0
143.3044891357422 171.0
87.6815414428711 111.0
94.50431060791016 122.0
95.00759887695312 106.0
93.61834716796875 114.0
126.45304870605469 143.0
132.3604736328125 144.0
97.39344024658203 114.0
101.6977767944336 125.0
105.03284454345703 111.0
139.72216796875 146.0
124.93008422851562 130.0
100.61909484863281 120.0
124.74244689941406 134.0
92.08914184570312 126.0
105.96208190917969 136.0
131.6308135986328 153.0
137.69163513183594 167.0
117.60475158691406 133.0
101.75774383544922 116.0
109.84146881103516 106.0
102.00435638427734 120.0
134.7259521484375 161.0
81.25326538085938 129.0
100.847412109375 150.0
117.17538452148438 130.0
90.6950912475586 110.0
86.38190460205078 127.0
92.4325180053711 126.0
107.19571685791016 134.0
105.23780822753906 144.0
98.94065856933594 114.0
88.36312103271484 111.0
103.61723327636719 134.0
118.29136657714844 128.0
116.48074340820312 158.0
99.9743881225586 110.0
132.80897521972656 153.0
121.86934661865234 149.0
126.06375122070312 162.0
121.60697937011719 132.0
83.92906951904297 117.0
77.71336364746094 122.0
158.1481475830078 159.0
116.31233215332031 126.0
130.38075256347656 154.0
113.45012664794922 132.0
112.92794036865234 124.0
110.33111572265625 112.0
117.2131118774414 119.0
130.52088928222656 139.0
151.3016357421875 167.0
122.58671569824219 135.0
149.05062866210938 160.0
112.14335632324219 122.0
118.91307830810547 118.0
155.75787353515625 176.0
155.5465087890625 169.0
120.66070556640625 127.0
135.48587036132812 134.0
110.06166076660156 121.0
118.36742401123047 122.0
126.84478759765625 128.0
145.91827392578125 154.0
110.59195709228516 108.0
146.67779541015625 155.0
145.13670349121094 167.0
123.93403625488281 130.0
113.33474731445312 115.0
155.68565368652344 167.0
130.86376953125 148.0
154.4132080078125 171.0
105.84661865234375 111.0
115.0738754272461 122.0
112.67621612548828 106.0
108.60081481933594 114.0
132.28146362304688 143.0
141.01806640625 144.0
108.6170654296875 114.0
122.22090148925781 125.0
113.55990600585938 111.0
143.8267822265625 146.0
129.7050018310547 130.0
107.7051773071289 120.0
128.14584350585938 134.0
119.04485321044922 126.0
128.99722290039062 136.0
144.46591186523438 153.0
153.57485961914062 167.0
133.9765167236328 133.0
108.60508728027344 116.0
109.36017608642578 106.0
108.35355377197266 120.0
138.47760009765625 161.0
109.7932357788086 129.0
136.9792022705078 150.0
127.14227294921875 130.0
100.73414611816406 110.0
111.503662109375 127.0
120.99253845214844 126.0
132.92135620117188 134.0
140.3552703857422 144.0
112.2041244506836 114.0
106.4315185546875 111.0
117.63460540771484 134.0
128.03175354003906 128.0
144.40704345703125 158.0
119.27875518798828 110.0
143.30096435546875 153.0
144.16709899902344 149.0
150.28411865234375 162.0
126.11495971679688 132.0
110.0796127319336 117.0
110.62139892578125 122.0
123.43626403808594 159.0
86.86719512939453 126.0
100.19868469238281 154.0
87.68073272705078 132.0
80.84044647216797 124.0
67.3388671875 112.0
85.21985626220703 119.0
96.03282165527344 139.0
117.82132720947266 167.0
88.43463897705078 135.0
109.79138946533203 160.0
83.5836181640625 122.0
86.15817260742188 118.0
111.18887329101562 176.0
119.30609130859375 169.0
87.50820922851562 127.0
96.93511962890625 134.0
75.22261047363281 121.0
67.39511108398438 122.0
90.68968963623047 128.0
106.92937469482422 154.0
81.21422576904297 108.0
114.33868408203125 155.0
112.12004089355469 167.0
90.99124908447266 130.0
87.45658111572266 115.0
116.1259765625 167.0
97.45410919189453 148.0
115.76197814941406 171.0
75.17867279052734 111.0
78.5284194946289 122.0
68.47924041748047 106.0
78.59439849853516 114.0
103.60686492919922 143.0
105.82012939453125 144.0
71.93138122558594 114.0
82.55242919921875 125.0
80.95011138916016 111.0
110.3922119140625 146.0
95.84195709228516 130.0
78.17007446289062 120.0
98.47119903564453 134.0
72.02587890625 126.0
98.96204376220703 136.0
109.49842834472656 153.0
113.45518493652344 167.0
94.95980072021484 133.0
77.88919067382812 116.0
82.22644805908203 106.0
81.58500671386719 120.0
108.70063781738281 161.0
82.15440368652344 129.0
112.06171417236328 150.0
90.80735778808594 130.0
75.3353271484375 110.0
83.90917205810547 127.0
91.28936767578125 126.0
97.27166748046875 134.0
96.47883605957031 144.0
75.64786529541016 114.0
68.906494140625 111.0
84.41940307617188 134.0
93.12559509277344 128.0
113.07330322265625 158.0
81.57218933105469 110.0
107.23157501220703 153.0
103.32158660888672 149.0
109.78237915039062 162.0
92.66897583007812 132.0
78.54888916015625 117.0
65.52890014648438 122.0
172.3006591796875 159.0
123.11927795410156 126.0
149.3568878173828 154.0
124.86461639404297 132.0
113.92301177978516 124.0
102.53938293457031 112.0
120.52867126464844 119.0
146.75436401367188 139.0
178.64248657226562 167.0
133.00338745117188 135.0
171.01544189453125 160.0
121.0252685546875 122.0
123.21604919433594 118.0
159.04788208007812 176.0
176.37860107421875 169.0
119.91207885742188 127.0
126.52101135253906 134.0
99.50706481933594 121.0
108.64479064941406 122.0
119.53209686279297 128.0
157.6380615234375 154.0
117.95339965820312 108.0
171.6975555419922 155.0
164.4730682373047 167.0
123.10090637207031 130.0
126.19618225097656 115.0
178.71548461914062 167.0
146.95021057128906 148.0
167.8649139404297 171.0
108.15081787109375 111.0
110.02812194824219 122.0
108.93374633789062 106.0
111.94815826416016 114.0
152.78997802734375 143.0
153.28077697753906 144.0
102.9016342163086 114.0
122.38301086425781 125.0
113.67818450927734 111.0
165.5985565185547 146.0
144.06967163085938 130.0
112.30699920654297 120.0
146.76632690429688 134.0
112.90201568603516 126.0
137.3833465576172 136.0
165.36285400390625 153.0
171.37576293945312 167.0
130.35678100585938 133.0
110.1539535522461 116.0
119.11629486083984 106.0
117.18865966796875 120.0
164.24624633789062 161.0
109.699951171875 129.0
145.48622131347656 150.0
119.56951904296875 130.0
101.88611602783203 110.0
113.43119049072266 127.0
128.4185791015625 126.0
131.24111938476562 134.0
143.83029174804688 144.0
110.46333312988281 114.0
98.52899169921875 111.0
122.12264251708984 134.0
129.04827880859375 128.0
162.58126831054688 158.0
110.99901580810547 110.0
163.39834594726562 153.0
139.6380615234375 149.0
165.9329833984375 162.0
128.46771240234375 132.0
112.19255828857422 117.0
96.24533081054688 122.0
246.27975463867188 159.0
194.76231384277344 126.0
230.997314453125 154.0
186.6156463623047 132.0
179.26502990722656 124.0
175.83660888671875 112.0
214.89744567871094 119.0
208.41119384765625 139.0
255.5908660888672 167.0
201.22142028808594 135.0
242.8855743408203 160.0
193.50209045410156 122.0
202.43634033203125 118.0
257.2738952636719 176.0
259.73614501953125 169.0
204.15325927734375 127.0
227.20567321777344 134.0
153.80819702148438 121.0
181.6389617919922 122.0
214.94668579101562 128.0
231.0949249267578 154.0
186.24298095703125 108.0
240.8955535888672 155.0
227.5037384033203 167.0
217.82562255859375 130.0
191.75933837890625 115.0
247.76292419433594 167.0
197.40322875976562 148.0
259.43292236328125 171.0
176.90150451660156 111.0
193.02169799804688 122.0
179.5908203125 106.0
180.41488647460938 114.0
220.85984802246094 143.0
241.46812438964844 144.0
214.827392578125 114.0
207.2510223388672 125.0
190.63079833984375 111.0
236.23936462402344 146.0
218.15872192382812 130.0
203.08151245117188 120.0
205.82916259765625 134.0
174.4940948486328 126.0
201.1482391357422 136.0
234.39463806152344 153.0
245.3654327392578 167.0
217.00994873046875 133.0
197.1802215576172 116.0
182.78152465820312 106.0
193.49807739257812 120.0
226.98045349121094 161.0
173.5435028076172 129.0
202.0836944580078 150.0
208.8274688720703 130.0
184.87698364257812 110.0
173.4271240234375 127.0
191.37008666992188 126.0
205.0532684326172 134.0
205.62139892578125 144.0
206.73529052734375 114.0
187.36871337890625 111.0
197.01365661621094 134.0
218.63909912109375 128.0
228.85418701171875 158.0
218.340576171875 110.0
226.6398162841797 153.0
230.09027099609375 149.0
239.35765075683594 162.0
220.54383850097656 132.0
163.17816162109375 117.0
231.31045532226562 122.0
147.00100708007812 159.0
104.0889892578125 126.0
124.2769775390625 154.0
106.54508972167969 132.0
97.9614028930664 124.0
87.13023376464844 112.0
102.30029296875 119.0
118.42106628417969 139.0
144.77951049804688 167.0
106.36245727539062 135.0
139.38116455078125 160.0
99.85733795166016 122.0
104.4774169921875 118.0
137.61630249023438 176.0
145.49891662597656 169.0
103.03516387939453 127.0
114.9315185546875 134.0
85.1756820678711 121.0
89.37781524658203 122.0
104.52938079833984 128.0
131.9550018310547 154.0
98.12370300292969 108.0
140.70034790039062 155.0
136.8467254638672 167.0
106.56707000732422 130.0
103.65728759765625 115.0
147.85618591308594 167.0
117.52625274658203 148.0
139.07989501953125 171.0
91.04800415039062 111.0
96.31307983398438 122.0
91.84515380859375 106.0
94.85093688964844 114.0
122.00216674804688 143.0
129.06150817871094 144.0
85.4435043334961 114.0
100.80732727050781 125.0
98.00638580322266 111.0
134.36480712890625 146.0
116.87386322021484 130.0
93.31005859375 120.0
119.44967651367188 134.0
97.00460052490234 126.0
114.05431365966797 136.0
133.24879455566406 153.0
144.22743225097656 167.0
114.20118713378906 133.0
91.69573974609375 116.0
99.07801055908203 106.0
99.37159729003906 120.0
132.00099182128906 161.0
93.95974731445312 129.0
120.20474243164062 150.0
108.86148834228516 130.0
89.20256042480469 110.0
97.049560546875 127.0
107.55186462402344 126.0
112.99408721923828 134.0
120.01100158691406 144.0
89.55165100097656 114.0
86.62525939941406 111.0
104.11965942382812 134.0
110.16903686523438 128.0
134.67478942871094 158.0
96.7588882446289 110.0
138.17172241210938 153.0
123.6422348022461 149.0
133.72933959960938 162.0
111.51886749267578 132.0
93.75874328613281 117.0
69.45562744140625 122.0
168.70252990722656 159.0
125.9459228515625 126.0
144.79966735839844 154.0
122.23345184326172 132.0
122.19925689697266 124.0
103.16380310058594 112.0
110.76314544677734 119.0
133.286376953125 139.0
169.67086791992188 167.0
136.5413055419922 135.0
162.65121459960938 160.0
126.17658996582031 122.0
129.7750244140625 118.0
155.742919921875 176.0
176.2005157470703 169.0
128.3284149169922 127.0
134.34442138671875 134.0
98.91094970703125 121.0
103.36817932128906 122.0
129.99253845214844 128.0
157.4369354248047 154.0
122.24905395507812 108.0
168.06692504882812 155.0
165.2288818359375 167.0
129.6144256591797 130.0
129.5968780517578 115.0
179.0033721923828 167.0
140.09471130371094 148.0
164.33360290527344 171.0
105.7890396118164 111.0
116.74880981445312 122.0
115.42007446289062 106.0
109.74443817138672 114.0
145.128662109375 143.0
159.7371368408203 144.0
107.79772186279297 114.0
119.5523681640625 125.0
122.31884765625 111.0
164.5208740234375 146.0
143.47691345214844 130.0
107.49537658691406 120.0
141.33358764648438 134.0
111.4626693725586 126.0
136.70108032226562 136.0
161.98825073242188 153.0
173.2179412841797 167.0
130.937255859375 133.0
114.23311614990234 116.0
124.00680541992188 106.0
116.02313232421875 120.0
155.00830078125 161.0
110.3900375366211 129.0
146.6067352294922 150.0
131.97677612304688 130.0
104.02764129638672 110.0
115.6090316772461 127.0
125.78193664550781 126.0
128.43472290039062 134.0
146.89039611816406 144.0
107.8702392578125 114.0
98.19851684570312 111.0
121.83595275878906 134.0
135.6963653564453 128.0
160.5128936767578 158.0
111.25736999511719 110.0
165.31788635253906 153.0
144.6954345703125 149.0
156.85731506347656 162.0
133.9044189453125 132.0
115.5750503540039 117.0
69.93418884277344 122.0
125.84490966796875 159.0
89.17123413085938 126.0
105.05825805664062 154.0
91.88998413085938 132.0
85.95023345947266 124.0
79.15775299072266 112.0
82.54598236083984 119.0
93.2447509765625 139.0
127.15065002441406 167.0
93.30431365966797 135.0
123.29215240478516 160.0
85.98160552978516 122.0
89.3760757446289 118.0
135.6063690185547 176.0
131.16705322265625 169.0
84.53114318847656 127.0
90.18717193603516 134.0
86.76209259033203 121.0
83.8868637084961 122.0
87.15593719482422 128.0
114.33850860595703 154.0
85.16993713378906 108.0
121.56822204589844 155.0
122.51036071777344 167.0
89.78509521484375 130.0
88.80554962158203 115.0
140.98155212402344 167.0
110.16954803466797 148.0
120.95692443847656 171.0
75.05765533447266 111.0
78.36273956298828 122.0
75.3304443359375 106.0
83.40579986572266 114.0
102.0040283203125 143.0
108.99661254882812 144.0
70.19970703125 114.0
86.18413543701172 125.0
80.00096130371094 111.0
124.22996520996094 146.0
100.93954467773438 130.0
75.65895080566406 120.0
100.8788070678711 134.0
91.75016784667969 126.0
101.46631622314453 136.0
123.56427001953125 153.0
134.19320678710938 167.0
93.48220825195312 133.0
74.49266815185547 116.0
82.37326049804688 106.0
82.11036682128906 120.0
114.13384246826172 161.0
84.33711242675781 129.0
112.3836669921875 150.0
95.28897857666016 130.0
72.58722686767578 110.0
85.16931915283203 127.0
95.03662109375 126.0
102.61539459228516 134.0
120.9870376586914 144.0
76.11627960205078 114.0
65.0081787109375 111.0
85.4287338256836 134.0
91.7724838256836 128.0
116.72303771972656 158.0
77.07838439941406 110.0
128.16259765625 153.0
102.02715301513672 149.0
120.393798828125 162.0
90.35848999023438 132.0
86.63494110107422 117.0
61.59495544433594 122.0
175.1475830078125 159.0
132.90304565429688 126.0
151.303466796875 154.0
132.2028350830078 132.0
126.38096618652344 124.0
119.37818145751953 112.0
126.31845092773438 119.0
146.61782836914062 139.0
177.85643005371094 167.0
138.63101196289062 135.0
166.48695373535156 160.0
124.24148559570312 122.0
133.9282989501953 118.0
176.39642333984375 176.0
179.87777709960938 169.0
137.04769897460938 127.0
145.14198303222656 134.0
115.01231384277344 121.0
128.88717651367188 122.0
136.6227569580078 128.0
168.41336059570312 154.0
120.654052734375 108.0
172.34605407714844 155.0
173.14712524414062 167.0
133.4067840576172 130.0
128.74891662597656 115.0
177.03530883789062 167.0
145.54415893554688 148.0
178.28036499023438 171.0
119.22522735595703 111.0
124.66913604736328 122.0
124.93953704833984 106.0
121.29032897949219 114.0
153.18484497070312 143.0
163.0941925048828 144.0
119.62639617919922 114.0
141.89688110351562 125.0
129.4817657470703 111.0
162.16123962402344 146.0
147.3248748779297 130.0
118.39926147460938 120.0
145.6222686767578 134.0
125.89988708496094 126.0
142.3497772216797 136.0
162.42724609375 153.0
171.36737060546875 167.0
141.90464782714844 133.0
129.67318725585938 116.0
121.57749938964844 106.0
119.99754333496094 120.0
160.25933837890625 161.0
115.72923278808594 129.0
152.39813232421875 150.0
132.92518615722656 130.0
112.11100006103516 110.0
126.65650177001953 127.0
132.52145385742188 126.0
154.98086547851562 134.0
160.88221740722656 144.0
119.36433410644531 114.0
113.90853881835938 111.0
133.5418701171875 134.0
143.78675842285156 128.0
164.18661499023438 158.0
123.94047546386719 110.0
162.45693969726562 153.0
158.161865234375 149.0
175.37472534179688 162.0
137.41819763183594 132.0
117.04395294189453 117.0
135.86203002929688 122.0
246.88722229003906 159.0
193.28466796875 126.0
232.52899169921875 154.0
191.5827178955078 132.0
164.90347290039062 124.0
162.61737060546875 112.0
216.40960693359375 119.0
191.09866333007812 139.0
244.15530395507812 167.0
189.34210205078125 135.0
211.78326416015625 160.0
178.88063049316406 122.0
195.689208984375 118.0
231.1435546875 176.0
248.4420928955078 169.0
199.3059844970703 127.0
237.05364990234375 134.0
144.25494384765625 121.0
167.57264709472656 122.0
215.45741271972656 128.0
217.53964233398438 154.0
171.13375854492188 108.0
237.94683837890625 155.0
216.56939697265625 167.0
198.871337890625 130.0
188.97789001464844 115.0
227.76220703125 167.0
198.47769165039062 148.0
255.2279510498047 171.0
159.9832763671875 111.0
175.7632598876953 122.0
157.02859497070312 106.0
176.68850708007812 114.0
218.05828857421875 143.0
243.8603515625 144.0
184.63690185546875 114.0
185.43014526367188 125.0
177.9551239013672 111.0
227.68466186523438 146.0
202.3700714111328 130.0
193.8511962890625 120.0
203.63360595703125 134.0
168.10140991210938 126.0
197.71591186523438 136.0
205.83937072753906 153.0
219.25650024414062 167.0
212.34884643554688 133.0
192.74981689453125 116.0
188.54257202148438 106.0
196.33953857421875 120.0
221.5352783203125 161.0
167.9210662841797 129.0
201.9288787841797 150.0
200.4655303955078 130.0
176.83749389648438 110.0
172.48878479003906 127.0
186.3436279296875 126.0
181.47265625 134.0
191.81771850585938 144.0
197.2344970703125 114.0
162.76931762695312 111.0
193.59957885742188 134.0
227.86151123046875 128.0
228.9137420654297 158.0
207.85076904296875 110.0
219.39151000976562 153.0
238.09567260742188 149.0
229.21717834472656 162.0
229.99229431152344 132.0
157.38299560546875 117.0
178.3614044189453 122.0
119.72453308105469 159.0
90.36343383789062 126.0
104.01042938232422 154.0
92.86873626708984 132.0
86.27352142333984 124.0
80.90573120117188 112.0
87.08800506591797 119.0
102.9718017578125 139.0
123.74230194091797 167.0
91.49330139160156 135.0
120.87017822265625 160.0
86.94819641113281 122.0
86.83467864990234 118.0
126.38799285888672 176.0
124.01415252685547 169.0
86.9537124633789 127.0
92.97065734863281 134.0
83.30486297607422 121.0
86.73524475097656 122.0
88.58975982666016 128.0
112.91718292236328 154.0
83.68355560302734 108.0
119.7867431640625 155.0
118.48262023925781 167.0
87.35189819335938 130.0
89.01978302001953 115.0
130.08743286132812 167.0
108.42933654785156 148.0
115.14600372314453 171.0
82.11312866210938 111.0
79.57752990722656 122.0
76.20254516601562 106.0
85.63810729980469 114.0
107.2852783203125 143.0
107.95453643798828 144.0
71.84883880615234 114.0
87.1554183959961 125.0
82.13970947265625 111.0
116.06898498535156 146.0
100.72544860839844 130.0
80.3215560913086 120.0
101.90238952636719 134.0
91.6202163696289 126.0
100.16949462890625 136.0
117.42671203613281 153.0
119.3641586303711 167.0
93.5252456665039 133.0
79.75480651855469 116.0
83.05296325683594 106.0
84.42961120605469 120.0
115.63825225830078 161.0
86.65898895263672 129.0
109.89491271972656 150.0
90.42527770996094 130.0
78.05509185791016 110.0
86.89460754394531 127.0
94.08749389648438 126.0
100.46949768066406 134.0
112.10545349121094 144.0
78.33395385742188 114.0
70.23899841308594 111.0
89.6908187866211 134.0
92.2218017578125 128.0
113.56558990478516 158.0
79.66873168945312 110.0
119.55290222167969 153.0
100.93225860595703 149.0
116.6324234008789 162.0
89.73249053955078 132.0
87.25716400146484 117.0
68.44834899902344 122.0
140.82806396484375 159.0
107.81350708007812 126.0
127.17346954345703 154.0
108.44990539550781 132.0
98.00027465820312 124.0
88.82504272460938 112.0
105.27364349365234 119.0
115.20841979980469 139.0
144.30093383789062 167.0
107.06788635253906 135.0
135.5904998779297 160.0
99.80083465576172 122.0
105.513671875 118.0
145.15960693359375 176.0
141.89627075195312 169.0
103.16568756103516 127.0
110.28622436523438 134.0
91.99401092529297 121.0
97.13861846923828 122.0
105.58900451660156 128.0
130.1316680908203 154.0
96.65090942382812 108.0
140.27618408203125 155.0
134.22799682617188 167.0
100.13822937011719 130.0
102.4765625 115.0
144.26577758789062 167.0
123.58850860595703 148.0
139.44265747070312 171.0
94.57821655273438 111.0
93.10891723632812 122.0
84.5744400024414 106.0
101.59095764160156 114.0
123.47924041748047 143.0
130.66302490234375 144.0
90.25057983398438 114.0
103.00362396240234 125.0
92.21766662597656 111.0
131.6690216064453 146.0
114.80148315429688 130.0
98.4305191040039 120.0
115.82730865478516 134.0
101.65856170654297 126.0
113.46031188964844 136.0
130.45680236816406 153.0
134.80137634277344 167.0
110.58946228027344 133.0
95.44033813476562 116.0
97.51988983154297 106.0
101.96484375 120.0
131.7067108154297 161.0
95.90697479248047 129.0
127.70606994628906 150.0
109.63240814208984 130.0
93.58751678466797 110.0
97.97660064697266 127.0
108.5130615234375 126.0
116.72077941894531 134.0
130.466796875 144.0
96.57527160644531 114.0
83.82964324951172 111.0
105.42034912109375 134.0
114.41558074951172 128.0
130.57769775390625 158.0
98.98333740234375 110.0
135.3011474609375 153.0
123.26319885253906 149.0
136.71481323242188 162.0
109.37802124023438 132.0
93.23959350585938 117.0
85.24333190917969 122.0
137.06149291992188 159.0
108.90958404541016 126.0
124.08283996582031 154.0
108.75657653808594 132.0
103.48418426513672 124.0
94.81855773925781 112.0
98.26705932617188 119.0
123.67276763916016 139.0
144.2471160888672 167.0
107.1710433959961 135.0
145.46432495117188 160.0
97.12059020996094 122.0
102.64353942871094 118.0
159.62486267089844 176.0
143.7633819580078 169.0
101.66027069091797 127.0
104.32679748535156 134.0
100.82963562011719 121.0
104.97423553466797 122.0
101.64920806884766 128.0
133.9966278076172 154.0
98.23431396484375 108.0
141.11141967773438 155.0
140.4758758544922 167.0
101.19989776611328 130.0
102.30809020996094 115.0
154.0327911376953 167.0
124.45053100585938 148.0
137.94033813476562 171.0
101.30937194824219 111.0
97.26644134521484 122.0
89.31752014160156 106.0
100.0488510131836 114.0
123.95245361328125 143.0
128.90518188476562 144.0
87.22575378417969 114.0
107.04569244384766 125.0
97.9843521118164 111.0
134.32298278808594 146.0
115.6562728881836 130.0
92.15835571289062 120.0
118.2686538696289 134.0
109.6272201538086 126.0
112.77198791503906 136.0
136.99583435058594 153.0
148.34762573242188 167.0
112.77499389648438 133.0
96.8549575805664 116.0
95.5760269165039 106.0
98.17741394042969 120.0
135.21621704101562 161.0
99.96548461914062 129.0
126.23353576660156 150.0
109.9482650756836 130.0
92.98888397216797 110.0
104.23104858398438 127.0
109.12842559814453 126.0
125.12138366699219 134.0
138.70079040527344 144.0
88.21434020996094 114.0
88.25359344482422 111.0
108.71298217773438 134.0
111.8893051147461 128.0
128.12538146972656 158.0
94.75639343261719 110.0
140.0148162841797 153.0
126.69729614257812 149.0
136.45718383789062 162.0
102.58282470703125 132.0
101.54690551757812 117.0
85.19169616699219 122.0
188.58950805664062 159.0
144.43894958496094 126.0
168.85984802246094 154.0
142.28977966308594 132.0
139.3071746826172 124.0
124.45655059814453 112.0
142.86131286621094 119.0
167.06454467773438 139.0
197.06015014648438 167.0
156.7550811767578 135.0
189.50436401367188 160.0
144.9669647216797 122.0
146.99114990234375 118.0
160.9915771484375 176.0
199.970458984375 169.0
150.376220703125 127.0
161.5579376220703 134.0
121.07427215576172 121.0
128.8737030029297 122.0
153.55087280273438 128.0
185.6828155517578 154.0
137.0403289794922 108.0
192.4588623046875 155.0
189.7029266357422 167.0
146.55735778808594 130.0
153.3572998046875 115.0
195.9868927001953 167.0
161.1107635498047 148.0
191.93284606933594 171.0
126.86965942382812 111.0
133.98916625976562 122.0
139.44749450683594 106.0
128.7759246826172 114.0
175.0048370361328 143.0
179.29400634765625 144.0
130.96058654785156 114.0
142.65821838378906 125.0
148.71397399902344 111.0
179.690185546875 146.0
163.79905700683594 130.0
130.03472900390625 120.0
167.3440399169922 134.0
137.0422821044922 126.0
155.32981872558594 136.0
184.3225860595703 153.0
186.21664428710938 167.0
153.60398864746094 133.0
143.22894287109375 116.0
145.45474243164062 106.0
136.59896850585938 120.0
181.27821350097656 161.0
124.84561157226562 129.0
168.24000549316406 150.0
141.6045379638672 130.0
127.45809173583984 110.0
134.269287109375 127.0
144.82691955566406 126.0
159.96945190429688 134.0
166.7629852294922 144.0
129.16390991210938 114.0
125.81169128417969 111.0
145.22242736816406 134.0
153.2200927734375 128.0
182.48684692382812 158.0
132.82090759277344 110.0
180.52163696289062 153.0
167.70022583007812 149.0
185.437744140625 162.0
157.0618133544922 132.0
128.80787658691406 117.0
106.61849975585938 122.0
173.30133056640625 159.0
124.69673156738281 126.0
147.00521850585938 154.0
127.68727111816406 132.0
120.81401062011719 124.0
113.67498016357422 112.0
126.0013427734375 119.0
140.0248565673828 139.0
168.54847717285156 167.0
128.4811553955078 135.0
159.58677673339844 160.0
117.69439697265625 122.0
124.29908752441406 118.0
180.87066650390625 176.0
169.4505615234375 169.0
124.08577728271484 127.0
142.09469604492188 134.0
115.74214172363281 121.0
122.10879516601562 122.0
131.72573852539062 128.0
162.74513244628906 154.0
114.74138641357422 108.0
165.06654357910156 155.0
164.03062438964844 167.0
129.9992218017578 130.0
123.60836791992188 115.0
169.3296661376953 167.0
148.5190887451172 148.0
167.28115844726562 171.0
112.67029571533203 111.0
119.30332946777344 122.0
111.45616149902344 106.0
117.14784240722656 114.0
146.2615203857422 143.0
153.6085662841797 144.0
108.11512756347656 114.0
125.83525085449219 125.0
119.42365264892578 111.0
153.67103576660156 146.0
137.96063232421875 130.0
110.76351928710938 120.0
139.16612243652344 134.0
126.37492370605469 126.0
139.33834838867188 136.0
153.44923400878906 153.0
169.44857788085938 167.0
136.6007843017578 133.0
117.60284423828125 116.0
115.2556381225586 106.0
118.21533203125 120.0
156.29464721679688 161.0
117.14649963378906 129.0
152.5319061279297 150.0
134.2892303466797 130.0
109.22037506103516 110.0
119.67431640625 127.0
130.2384490966797 126.0
142.37442016601562 134.0
152.88833618164062 144.0
115.27906799316406 114.0
104.94136047363281 111.0
125.90145874023438 134.0
131.53826904296875 128.0
161.96365356445312 158.0
118.85025787353516 110.0
158.18763732910156 153.0
150.19473266601562 149.0
166.91024780273438 162.0
133.490966796875 132.0
117.80938720703125 117.0
110.68984985351562 122.0
170.3656768798828 159.0
120.93499755859375 126.0
144.47122192382812 154.0
124.94979858398438 132.0
117.16883850097656 124.0
109.11032104492188 112.0
121.60418701171875 119.0
137.19198608398438 139.0
167.1629180908203 167.0
126.18392944335938 135.0
157.80104064941406 160.0
115.4942626953125 122.0
120.87703704833984 118.0
176.94244384765625 176.0
167.7212677001953 169.0
119.96758270263672 127.0
136.5946807861328 134.0
108.9130859375 121.0
117.13792419433594 122.0
126.70841979980469 128.0
159.97543334960938 154.0
113.00459289550781 108.0
163.27500915527344 155.0
161.77679443359375 167.0
125.3486328125 130.0
121.8743667602539 115.0
167.2099151611328 167.0
145.5015411376953 148.0
164.19314575195312 171.0
108.4298095703125 111.0
114.51703643798828 122.0
108.13746643066406 106.0
113.67344665527344 114.0
144.44508361816406 143.0
149.0711669921875 144.0
103.36032104492188 114.0
120.31906127929688 125.0
115.7979507446289 111.0
151.6785888671875 146.0
135.7634735107422 130.0
107.80610656738281 120.0
137.3595733642578 134.0
122.33643341064453 126.0
135.19815063476562 136.0
151.82460021972656 153.0
166.765380859375 167.0
133.14785766601562 133.0
112.10039520263672 116.0
113.3636703491211 106.0
114.90129852294922 120.0
154.9694366455078 161.0
113.25276184082031 129.0
147.28103637695312 150.0
129.07855224609375 130.0
106.09225463867188 110.0
115.09886169433594 127.0
126.13066101074219 126.0
133.3284912109375 134.0
147.3949432373047 144.0
110.99320983886719 114.0
100.49005126953125 111.0
121.88316345214844 134.0
127.10014343261719 128.0
159.39064025878906 158.0
113.42817687988281 110.0
156.18951416015625 153.0
144.03274536132812 149.0
163.95083618164062 162.0
130.27943420410156 132.0
113.84174346923828 117.0
103.46466064453125 122.0
157.7715606689453 159.0
116.85700988769531 126.0
138.02896118164062 154.0
120.10215759277344 132.0
112.49962615966797 124.0
104.69384002685547 112.0
114.38386535644531 119.0
128.64295959472656 139.0
158.1593017578125 167.0
119.43849182128906 135.0
151.86740112304688 160.0
109.16986846923828 122.0
115.16094970703125 118.0
168.87014770507812 176.0
160.84036254882812 169.0
114.92406463623047 127.0
127.5500717163086 134.0
105.67801666259766 121.0
112.29400634765625 122.0
118.66703796386719 128.0
150.0718536376953 154.0
108.02890014648438 108.0
154.31134033203125 155.0
154.0368194580078 167.0
118.37489318847656 130.0
114.59734344482422 115.0
162.02938842773438 167.0
136.47280883789062 148.0
155.70663452148438 171.0
103.20062255859375 111.0
107.59968566894531 122.0
101.92916870117188 106.0
109.4071044921875 114.0
136.02700805664062 143.0
143.04466247558594 144.0
97.54761505126953 114.0
115.68074798583984 125.0
110.4273910522461 111.0
146.91354370117188 146.0
129.26632690429688 130.0
101.52641296386719 120.0
130.9260711669922 134.0
118.04568481445312 126.0
128.30064392089844 136.0
145.8923797607422 153.0
157.83651733398438 167.0
125.61131286621094 133.0
106.7765884399414 116.0
107.62811279296875 106.0
109.37359619140625 120.0
146.6512908935547 161.0
108.0980453491211 129.0
138.77456665039062 150.0
123.50727844238281 130.0
100.56671905517578 110.0
110.51671600341797 127.0
120.21111297607422 126.0
129.97695922851562 134.0
142.3871612548828 144.0
103.31361389160156 114.0
93.70135498046875 111.0
115.72914123535156 134.0
121.93022155761719 128.0
147.6607208251953 158.0
106.48603057861328 110.0
151.8685302734375 153.0
137.9817352294922 149.0
153.44747924804688 162.0
121.87734985351562 132.0
109.0490493774414 117.0
98.46843719482422 122.0
160.18417358398438 159.0
118.62818145751953 126.0
139.600341796875 154.0
122.19808197021484 132.0
114.78907775878906 124.0
104.80976104736328 112.0
115.1844711303711 119.0
129.1372833251953 139.0
159.77566528320312 167.0
122.06182861328125 135.0
152.960693359375 160.0
110.40945434570312 122.0
117.36988830566406 118.0
168.7261505126953 176.0
162.4515380859375 169.0
115.82514190673828 127.0
129.33042907714844 134.0
106.03738403320312 121.0
112.95170593261719 122.0
120.04605102539062 128.0
152.47817993164062 154.0
109.44092559814453 108.0
154.856689453125 155.0
156.31358337402344 167.0
120.91194915771484 130.0
115.6156997680664 115.0
163.9003448486328 167.0
137.93951416015625 148.0
158.61212158203125 171.0
105.98988342285156 111.0
109.62113952636719 122.0
103.5597152709961 106.0
110.3206558227539 114.0
136.51055908203125 143.0
145.02392578125 144.0
99.91171264648438 114.0
118.38626098632812 125.0
110.98974609375 111.0
147.9902801513672 146.0
130.9888916015625 130.0
102.461181640625 120.0
131.31573486328125 134.0
117.97430419921875 126.0
130.46054077148438 136.0
148.22157287597656 153.0
159.27381896972656 167.0
127.2314453125 133.0
108.42707061767578 116.0
107.58432006835938 106.0
110.22836303710938 120.0
148.56919860839844 161.0
109.42001342773438 129.0
139.5977325439453 150.0
126.10375213623047 130.0
100.9974136352539 110.0
112.34088897705078 127.0
121.93377685546875 126.0
131.63250732421875 134.0
144.6980743408203 144.0
103.68792724609375 114.0
94.02015686035156 111.0
117.1064453125 134.0
123.32263946533203 128.0
150.1774139404297 158.0
107.83478546142578 110.0
152.9505615234375 153.0
138.77606201171875 149.0
156.28616333007812 162.0
122.23770141601562 132.0
110.57379913330078 117.0
101.10767364501953 122.0
166.43382263183594 159.0
123.5985107421875 126.0
145.19354248046875 154.0
127.32992553710938 132.0
119.84947967529297 124.0
111.30705261230469 112.0
122.63113403320312 119.0
134.1593017578125 139.0
163.16055297851562 167.0
126.59744262695312 135.0
156.18685913085938 160.0
115.337646484375 122.0
123.97260284423828 118.0
177.3106689453125 176.0
166.46177673339844 169.0
124.13337707519531 127.0
139.4677734375 134.0
111.25791931152344 121.0
119.85327911376953 122.0
129.54534912109375 128.0
159.04052734375 154.0
114.03340148925781 108.0
159.73709106445312 155.0
159.97239685058594 167.0
129.382568359375 130.0
120.77188873291016 115.0
166.69314575195312 167.0
142.83038330078125 148.0
164.48843383789062 171.0
111.33099365234375 111.0
118.76538848876953 122.0
110.29259490966797 106.0
115.71400451660156 114.0
141.60569763183594 143.0
151.69578552246094 144.0
107.87388610839844 114.0
125.10401916503906 125.0
117.45285034179688 111.0
150.5911102294922 146.0
136.14974975585938 130.0
108.91224670410156 120.0
136.20849609375 134.0
123.64422607421875 126.0
135.97787475585938 136.0
150.3170166015625 153.0
166.65577697753906 167.0
134.78945922851562 133.0
116.9543228149414 116.0
113.77372741699219 106.0
116.1282730102539 120.0
151.82809448242188 161.0
114.41255187988281 129.0
147.57211303710938 150.0
134.90037536621094 130.0
107.84109497070312 110.0
117.70761108398438 127.0
127.74507141113281 126.0
137.64932250976562 134.0
148.55657958984375 144.0
112.77030181884766 114.0
103.16276550292969 111.0
123.59063720703125 134.0
131.2225341796875 128.0
156.20010375976562 158.0
116.7051010131836 110.0
155.534423828125 153.0
148.70611572265625 149.0
161.8115234375 162.0
130.4063720703125 132.0
115.26757049560547 117.0
109.55393981933594 122.0
167.91819763183594 159.0
120.97535705566406 126.0
143.30909729003906 154.0
125.07688903808594 132.0
116.66883850097656 124.0
109.13630676269531 112.0
120.61425018310547 119.0
133.6341552734375 139.0
164.91677856445312 167.0
124.1210708618164 135.0
154.6630859375 160.0
113.2781982421875 122.0
119.82234191894531 118.0
176.7547149658203 176.0
166.5233917236328 169.0
119.04483032226562 127.0
135.64346313476562 134.0
111.02629089355469 121.0
118.18513488769531 122.0
125.21665954589844 128.0
158.34483337402344 154.0
111.80070495605469 108.0
160.83551025390625 155.0
161.0701446533203 167.0
125.50054931640625 130.0
119.27886199951172 115.0
165.2655029296875 167.0
145.2325897216797 148.0
162.84402465820312 171.0
107.80980682373047 111.0
113.28547668457031 122.0
105.7492904663086 106.0
112.84459686279297 114.0
142.11720275878906 143.0
149.4141845703125 144.0
102.50979614257812 114.0
121.91034698486328 125.0
115.07263946533203 111.0
151.10833740234375 146.0
133.19981384277344 130.0
106.25894165039062 120.0
134.93106079101562 134.0
122.6773681640625 126.0
134.77017211914062 136.0
149.3296356201172 153.0
163.44189453125 167.0
132.33033752441406 133.0
111.91612243652344 116.0
112.15525817871094 106.0
114.1064682006836 120.0
153.9866180419922 161.0
113.36878967285156 129.0
148.96157836914062 150.0
130.83786010742188 130.0
105.05915069580078 110.0
116.13107299804688 127.0
125.89524841308594 126.0
137.563720703125 134.0
149.46397399902344 144.0
108.41969299316406 114.0
97.25526428222656 111.0
120.42446899414062 134.0
127.11861419677734 128.0
157.35231018066406 158.0
113.3318099975586 110.0
154.94741821289062 153.0
145.18882751464844 149.0
160.52381896972656 162.0
126.9329833984375 132.0
113.6363525390625 117.0
105.08230590820312 122.0
161.44508361816406 159.0
119.00345611572266 126.0
139.7626953125 154.0
122.56421661376953 132.0
114.68850708007812 124.0
106.60281372070312 112.0
115.49044036865234 119.0
129.953857421875 139.0
160.57293701171875 167.0
122.31983184814453 135.0
153.53985595703125 160.0
110.5197982788086 122.0
118.13133239746094 118.0
166.38648986816406 176.0
163.66380310058594 169.0
117.00416564941406 127.0
129.12327575683594 134.0
108.23330688476562 121.0
115.38987731933594 122.0
121.0545883178711 128.0
153.708251953125 154.0
109.89222717285156 108.0
156.17977905273438 155.0
159.411376953125 167.0
121.16476440429688 130.0
116.34869384765625 115.0
164.4471893310547 167.0
139.92918395996094 148.0
159.93536376953125 171.0
105.23710632324219 111.0
109.39012908935547 122.0
104.00614929199219 106.0
111.01383209228516 114.0
137.30569458007812 143.0
145.5650634765625 144.0
99.85514068603516 114.0
120.68804168701172 125.0
112.02623748779297 111.0
149.52032470703125 146.0
131.63394165039062 130.0
102.69927978515625 120.0
131.76719665527344 134.0
120.26876831054688 126.0
132.07028198242188 136.0
149.427978515625 153.0
157.45535278320312 167.0
127.71826934814453 133.0
108.80050659179688 116.0
108.6254653930664 106.0
110.6789779663086 120.0
149.5901641845703 161.0
111.00923156738281 129.0
141.8801727294922 150.0
123.84691619873047 130.0
101.40283966064453 110.0
114.50911712646484 127.0
123.14981842041016 126.0
133.7312469482422 134.0
146.82354736328125 144.0
104.49456787109375 114.0
93.36923217773438 111.0
116.23612976074219 134.0
124.04000854492188 128.0
151.34136962890625 158.0
107.3040771484375 110.0
153.9928741455078 153.0
139.91819763183594 149.0
156.73876953125 162.0
121.93185424804688 132.0
111.43089294433594 117.0
103.35224914550781 122.0
171.38604736328125 159.0
125.49527740478516 126.0
147.28076171875 154.0
128.27517700195312 132.0
121.4336166381836 124.0
112.43927001953125 112.0
126.57025146484375 119.0
139.03465270996094 139.0
168.202880859375 167.0
128.58180236816406 135.0
157.94366455078125 160.0
116.38995361328125 122.0
124.97233581542969 118.0
179.67987060546875 176.0
169.63272094726562 169.0
124.834228515625 127.0
142.5680694580078 134.0
113.11621856689453 121.0
121.16962432861328 122.0
132.15438842773438 128.0
163.0326385498047 154.0
114.85025024414062 108.0
165.10662841796875 155.0
162.9075927734375 167.0
131.47181701660156 130.0
122.77029418945312 115.0
168.58218383789062 167.0
148.3462677001953 148.0
167.67681884765625 171.0
112.8450927734375 111.0
120.27080535888672 122.0
111.65393829345703 106.0
117.95946502685547 114.0
146.2757568359375 143.0
154.28106689453125 144.0
110.71990966796875 114.0
127.4619140625 125.0
119.91016387939453 111.0
153.1324920654297 146.0
138.34658813476562 130.0
111.29281616210938 120.0
137.4930419921875 134.0
124.33631134033203 126.0
138.34945678710938 136.0
152.6162872314453 153.0
167.12220764160156 167.0
136.20738220214844 133.0
118.74540710449219 116.0
115.28498840332031 106.0
118.43876647949219 120.0
156.45361328125 161.0
116.13603210449219 129.0
151.82571411132812 150.0
134.4431915283203 130.0
109.78984069824219 110.0
118.67552185058594 127.0
130.29319763183594 126.0
140.96839904785156 134.0
152.4046630859375 144.0
115.78778839111328 114.0
104.68592834472656 111.0
125.39545440673828 134.0
132.90518188476562 128.0
160.21424865722656 158.0
119.06880187988281 110.0
156.57745361328125 153.0
149.43287658691406 149.0
165.98907470703125 162.0
134.23187255859375 132.0
116.38086700439453 117.0
112.07386779785156 122.0
162.67770385742188 159.0
120.28108978271484 126.0
140.58551025390625 154.0
123.44084167480469 132.0
114.74324035644531 124.0
108.85889434814453 112.0
117.62193298339844 119.0
131.57870483398438 139.0
159.3711395263672 167.0
121.80660247802734 135.0
153.89390563964844 160.0
111.01338195800781 122.0
117.7611083984375 118.0
173.99053955078125 176.0
162.6930389404297 169.0
118.22796630859375 127.0
132.35833740234375 134.0
109.11905670166016 121.0
118.01532745361328 122.0
123.004638671875 128.0
154.85911560058594 154.0
110.46028137207031 108.0
156.31190490722656 155.0
158.20327758789062 167.0
122.94100952148438 130.0
116.66807556152344 115.0
165.10377502441406 167.0
140.68402099609375 148.0
159.09107971191406 171.0
107.52841186523438 111.0
112.19109344482422 122.0
105.20938110351562 106.0
111.71287536621094 114.0
138.1542205810547 143.0
145.99761962890625 144.0
102.08441162109375 114.0
120.66500854492188 125.0
114.51126861572266 111.0
148.34007263183594 146.0
132.77737426757812 130.0
105.7657470703125 120.0
132.8228759765625 134.0
122.53273010253906 126.0
132.16912841796875 136.0
148.20555114746094 153.0
161.1569366455078 167.0
130.00669860839844 133.0
111.67767333984375 116.0
110.05769348144531 106.0
112.24354553222656 120.0
149.3696746826172 161.0
111.17655944824219 129.0
144.01766967773438 150.0
127.1173324584961 130.0
103.9123764038086 110.0
114.37608337402344 127.0
124.31625366210938 126.0
135.50326538085938 134.0
146.8936767578125 144.0
107.85688781738281 114.0
97.206787109375 111.0
119.65304565429688 134.0
124.98101806640625 128.0
151.9079132080078 158.0
110.122802734375 110.0
153.91070556640625 153.0
141.65737915039062 149.0
157.60328674316406 162.0
125.18270111083984 132.0
112.24517059326172 117.0
106.02987670898438 122.0
166.69204711914062 159.0
121.91206359863281 126.0
143.87693786621094 154.0
124.6414794921875 132.0
117.0033187866211 124.0
109.48654174804688 112.0
118.70655822753906 119.0
132.73306274414062 139.0
161.32415771484375 167.0
124.18152618408203 135.0
153.8665008544922 160.0
111.64830017089844 122.0
119.4073486328125 118.0
173.02590942382812 176.0
163.72885131835938 169.0
119.93572998046875 127.0
135.56216430664062 134.0
111.10543823242188 121.0
118.63555145263672 122.0
125.97061920166016 128.0
157.58209228515625 154.0
111.28964233398438 108.0
156.987060546875 155.0
161.1781768798828 167.0
126.51742553710938 130.0
118.00018310546875 115.0
164.58206176757812 167.0
141.94918823242188 148.0
161.6576690673828 171.0
109.90190124511719 111.0
113.96194458007812 122.0
106.970703125 106.0
113.49200439453125 114.0
139.1582794189453 143.0
149.0717010498047 144.0
104.93695068359375 114.0
123.66304016113281 125.0
115.38760375976562 111.0
148.3917999267578 146.0
133.6481475830078 130.0
106.49470520019531 120.0
133.46563720703125 134.0
122.77892303466797 126.0
135.5179901123047 136.0
148.82412719726562 153.0
163.56190490722656 167.0
133.1175537109375 133.0
112.73117065429688 116.0
110.37301635742188 106.0
113.48613739013672 120.0
150.3621826171875 161.0
113.93714904785156 129.0
146.34368896484375 150.0
131.9046173095703 130.0
104.31920623779297 110.0
116.90159606933594 127.0
126.22002410888672 126.0
138.54000854492188 134.0
150.6404571533203 144.0
107.61846923828125 114.0
98.62123107910156 111.0
121.3621597290039 134.0
128.16949462890625 128.0
156.29733276367188 158.0
112.37930297851562 110.0
153.0272979736328 153.0
146.193115234375 149.0
160.26168823242188 162.0
126.61168670654297 132.0
113.54560852050781 117.0
107.06680297851562 122.0
157.37147521972656 159.0
117.13693237304688 126.0
138.2429962158203 154.0
120.11339569091797 132.0
112.39874267578125 124.0
103.36770629882812 112.0
112.91873168945312 119.0
131.4687957763672 139.0
158.18092346191406 167.0
120.29931640625 135.0
151.558837890625 160.0
109.44586944580078 122.0
116.79193115234375 118.0
168.70416259765625 176.0
159.83023071289062 169.0
116.1572036743164 127.0
127.99662780761719 134.0
104.2684326171875 121.0
112.32402801513672 122.0
119.33734893798828 128.0
152.61386108398438 154.0
108.46175384521484 108.0
154.46380615234375 155.0
153.32427978515625 167.0
119.96446228027344 130.0
114.97279357910156 115.0
160.94715881347656 167.0
137.4886474609375 148.0
156.0013885498047 171.0
106.78121948242188 111.0
111.3196029663086 122.0
102.96728515625 106.0
109.96885681152344 114.0
137.05459594726562 143.0
143.47918701171875 144.0
100.89599609375 114.0
117.60371398925781 125.0
110.91493225097656 111.0
144.8981170654297 146.0
129.8232421875 130.0
102.44131469726562 120.0
128.99185180664062 134.0
116.81272888183594 126.0
127.96351623535156 136.0
145.85031127929688 153.0
158.11697387695312 167.0
124.73014068603516 133.0
109.33538055419922 116.0
107.34297180175781 106.0
110.00254821777344 120.0
147.371337890625 161.0
107.67898559570312 129.0
138.94947814941406 150.0
124.22858428955078 130.0
102.09879302978516 110.0
109.71250915527344 127.0
120.00440216064453 126.0
129.76869201660156 134.0
143.37730407714844 144.0
105.32942199707031 114.0
97.94232940673828 111.0
118.49368286132812 134.0
121.96490478515625 128.0
148.1717987060547 158.0
107.00116729736328 110.0
149.7906494140625 153.0
136.41140747070312 149.0
155.37278747558594 162.0
123.65111541748047 132.0
108.8579330444336 117.0
102.16393280029297 122.0
166.0321807861328 159.0
125.29431915283203 126.0
147.7443389892578 154.0
128.171142578125 132.0
118.53462982177734 124.0
110.18772888183594 112.0
123.64957427978516 119.0
137.57034301757812 139.0
168.0411376953125 167.0
126.45501708984375 135.0
157.21739196777344 160.0
115.13859558105469 122.0
122.8877944946289 118.0
173.58688354492188 176.0
168.8173828125 169.0
122.00489044189453 127.0
137.1531982421875 134.0
109.86992645263672 121.0
118.22972869873047 122.0
127.83544921875 128.0
160.21939086914062 154.0
113.06018829345703 108.0
164.64398193359375 155.0
160.6375732421875 167.0
126.66610717773438 130.0
120.26142883300781 115.0
166.62477111816406 167.0
144.5428924560547 148.0
167.66622924804688 171.0
111.87760925292969 111.0
117.09767150878906 122.0
108.62519073486328 106.0
116.17909240722656 114.0
145.89479064941406 143.0
154.20167541503906 144.0
106.92755889892578 114.0
124.34404754638672 125.0
117.16490173339844 111.0
153.03343200683594 146.0
136.55072021484375 130.0
108.54287719726562 120.0
137.55294799804688 134.0
121.5171890258789 126.0
135.94232177734375 136.0
151.42881774902344 153.0
160.63275146484375 167.0
132.99044799804688 133.0
116.31664276123047 116.0
112.63838195800781 106.0
117.25785827636719 120.0
156.28904724121094 161.0
113.59208679199219 129.0
147.3743896484375 150.0
129.26699829101562 130.0
106.95386505126953 110.0
115.79240417480469 127.0
127.45726013183594 126.0
137.08084106445312 134.0
148.6668701171875 144.0
111.64288330078125 114.0
100.4708251953125 111.0
123.67862701416016 134.0
131.18429565429688 128.0
155.26644897460938 158.0
114.34688568115234 110.0
157.37347412109375 153.0
146.3273162841797 149.0
164.26768493652344 162.0
130.4189453125 132.0
113.5294418334961 117.0
110.05310821533203 122.0
162.73117065429688 159.0
117.13020324707031 126.0
139.01876831054688 154.0
121.3153076171875 132.0
113.69082641601562 124.0
105.70335388183594 112.0
114.28434753417969 119.0
128.55784606933594 139.0
159.0971221923828 167.0
121.05802917480469 135.0
150.10397338867188 160.0
109.41487884521484 122.0
115.6120376586914 118.0
164.9427490234375 176.0
162.0999298095703 169.0
115.03520965576172 127.0
131.20849609375 134.0
107.31671142578125 121.0
114.34428405761719 122.0
121.33283996582031 128.0
153.84384155273438 154.0
108.98722839355469 108.0
155.0734100341797 155.0
158.5358123779297 167.0
121.85653686523438 130.0
116.14959716796875 115.0
161.97869873046875 167.0
139.3951416015625 148.0
159.33009338378906 171.0
104.22453308105469 111.0
109.26318359375 122.0
103.04249572753906 106.0
109.17375946044922 114.0
135.95213317871094 143.0
144.31298828125 144.0
98.71671295166016 114.0
117.88272857666016 125.0
111.57115936279297 111.0
147.6129150390625 146.0
129.84315490722656 130.0
102.42046356201172 120.0
130.4296112060547 134.0
119.57606506347656 126.0
132.08714294433594 136.0
146.30892944335938 153.0
156.2473602294922 167.0
129.04928588867188 133.0
106.1531753540039 116.0
107.68069458007812 106.0
110.1647720336914 120.0
148.68235778808594 161.0
111.00741577148438 129.0
143.09600830078125 150.0
125.4005355834961 130.0
99.45469665527344 110.0
112.40764617919922 127.0
122.3172607421875 126.0
130.775146484375 134.0
146.70123291015625 144.0
103.86766052246094 114.0
92.87705993652344 111.0
115.688232421875 134.0
121.89556121826172 128.0
151.76571655273438 158.0
107.35706329345703 110.0
152.38218688964844 153.0
138.9295196533203 149.0
156.20777893066406 162.0
123.25587463378906 132.0
110.41729736328125 117.0
99.49119567871094 122.0
156.79075622558594 159.0
113.89515686035156 126.0
132.7764892578125 154.0
117.14714813232422 132.0
109.88233184814453 124.0
103.50328826904297 112.0
111.99148559570312 119.0
127.44514465332031 139.0
152.021240234375 167.0
117.76954650878906 135.0
145.52853393554688 160.0
105.79022979736328 122.0
113.02558135986328 118.0
164.72142028808594 176.0
154.00350952148438 169.0
112.77922058105469 127.0
126.16751098632812 134.0
105.26190948486328 121.0
112.8441162109375 122.0
117.70773315429688 128.0
149.7220458984375 154.0
105.00502014160156 108.0
149.20242309570312 155.0
151.50161743164062 167.0
118.46642303466797 130.0
110.14835357666016 115.0
154.5669403076172 167.0
137.1741943359375 148.0
153.08880615234375 171.0
104.447509765625 111.0
108.71334075927734 122.0
100.5735855102539 106.0
106.83809661865234 114.0
131.37692260742188 143.0
139.16363525390625 144.0
98.51030731201172 114.0
116.7684097290039 125.0
108.09526062011719 111.0
140.2149658203125 146.0
124.50981140136719 130.0
99.47367858886719 120.0
124.89315032958984 134.0
117.00324249267578 126.0
127.10604858398438 136.0
140.50814819335938 153.0
152.6112060546875 167.0
123.1990737915039 133.0
104.64879608154297 116.0
103.29847717285156 106.0
105.99601745605469 120.0
142.32687377929688 161.0
107.97288513183594 129.0
141.3477325439453 150.0
122.33367156982422 130.0
97.49737548828125 110.0
109.68633270263672 127.0
120.16212463378906 126.0
132.13934326171875 134.0
144.010009765625 144.0
102.71968841552734 114.0
94.49960327148438 111.0
113.10406494140625 134.0
119.16386413574219 128.0
145.416748046875 158.0
105.35706329345703 110.0
144.74346923828125 153.0
135.36488342285156 149.0
152.09890747070312 162.0
116.2681655883789 132.0
108.3428726196289 117.0
103.7461929321289 122.0
162.884033203125 159.0
118.2024917602539 126.0
140.9122772216797 154.0
120.81166076660156 132.0
113.21881866455078 124.0
104.43980407714844 112.0
116.53742218017578 119.0
133.3238983154297 139.0
162.50595092773438 167.0
122.65708923339844 135.0
152.94744873046875 160.0
110.4413070678711 122.0
116.97451782226562 118.0
175.69088745117188 176.0
163.98211669921875 169.0
116.78128051757812 127.0
129.33062744140625 134.0
104.2695083618164 121.0
113.69419860839844 122.0
120.8124008178711 128.0
155.3638153076172 154.0
109.78372955322266 108.0
158.91079711914062 155.0
156.26756286621094 167.0
121.58240509033203 130.0
117.3161392211914 115.0
163.92953491210938 167.0
140.9211883544922 148.0
159.97357177734375 171.0
106.67945861816406 111.0
110.0080795288086 122.0
103.63358306884766 106.0
110.38787078857422 114.0
139.66200256347656 143.0
146.3528289794922 144.0
100.68560791015625 114.0
118.75196838378906 125.0
112.28741455078125 111.0
149.07298278808594 146.0
131.78089904785156 130.0
104.94503021240234 120.0
131.6575469970703 134.0
117.58898162841797 126.0
130.13619995117188 136.0
148.09310913085938 153.0
162.58901977539062 167.0
126.7299575805664 133.0
107.89933776855469 116.0
109.55308532714844 106.0
111.4481430053711 120.0
151.55128479003906 161.0
109.16915893554688 129.0
142.9600372314453 150.0
125.99443054199219 130.0
101.84150695800781 110.0
110.67060852050781 127.0
121.78150177001953 126.0
131.5656280517578 134.0
145.55960083007812 144.0
105.75801849365234 114.0
96.44868469238281 111.0
117.8866195678711 134.0
123.4764175415039 128.0
152.50042724609375 158.0
107.84774780273438 110.0
152.7547149658203 153.0
137.64450073242188 149.0
158.7825927734375 162.0
123.69309997558594 132.0
108.94621276855469 117.0
103.2649154663086 122.0
167.30287170410156 159.0
121.17013549804688 126.0
143.27073669433594 154.0
124.35115814208984 132.0
116.88943481445312 124.0
108.5867691040039 112.0
119.15501403808594 119.0
133.75389099121094 139.0
165.26022338867188 167.0
126.27294921875 135.0
154.3278045654297 160.0
113.70927429199219 122.0
120.95206451416016 118.0
170.955322265625 176.0
168.62757873535156 169.0
121.1441650390625 127.0
137.23471069335938 134.0
107.53707122802734 121.0
116.8222885131836 122.0
127.35140228271484 128.0
161.1622772216797 154.0
112.64692687988281 108.0
161.947509765625 155.0
163.3964080810547 167.0
125.55099487304688 130.0
120.31256103515625 115.0
166.42173767089844 167.0
143.31005859375 148.0
165.42172241210938 171.0
107.28952026367188 111.0
113.54908752441406 122.0
107.6617202758789 106.0
112.3039321899414 114.0
142.21038818359375 143.0
150.90406799316406 144.0
103.32954406738281 114.0
121.66627502441406 125.0
116.4410400390625 111.0
152.91098022460938 146.0
135.47293090820312 130.0
106.71173858642578 120.0
135.70359802246094 134.0
122.77836608886719 126.0
134.74740600585938 136.0
150.64187622070312 153.0
159.5944366455078 167.0
132.3441162109375 133.0
113.16368103027344 116.0
113.123291015625 106.0
114.32502746582031 120.0
154.1671905517578 161.0
112.0682373046875 129.0
146.33860778808594 150.0
129.55238342285156 130.0
103.31903839111328 110.0
115.5467300415039 127.0
125.39894104003906 126.0
133.88360595703125 134.0
149.20181274414062 144.0
109.24308013916016 114.0
96.73139190673828 111.0
120.45365905761719 134.0
127.60254669189453 128.0
156.9383544921875 158.0
111.41470336914062 110.0
156.6103515625 153.0
144.1961212158203 149.0
162.54029846191406 162.0
128.95423889160156 132.0
112.63252258300781 117.0
103.33589935302734 122.0
175.7919464111328 159.0
124.99105834960938 126.0
148.39329528808594 154.0
128.4782257080078 132.0
122.87629699707031 124.0
115.52783966064453 112.0
124.7374496459961 119.0
140.61148071289062 139.0
171.67271423339844 167.0
131.64480590820312 135.0
159.48764038085938 160.0
118.5733642578125 122.0
126.09754943847656 118.0
183.64779663085938 176.0
174.20184326171875 169.0
125.99064636230469 127.0
143.36402893066406 134.0
114.6453857421875 121.0
125.00927734375 122.0
132.9108428955078 128.0
169.07005310058594 154.0
116.66952514648438 108.0
167.91888427734375 155.0
167.60585021972656 167.0
133.1636962890625 130.0
124.66039276123047 115.0
171.81790161132812 167.0
150.9449005126953 148.0
170.61996459960938 171.0
113.88858795166016 111.0
120.78318786621094 122.0
115.13178253173828 106.0
116.8329086303711 114.0
147.7265167236328 143.0
155.368896484375 144.0
109.15327453613281 114.0
128.43089294433594 125.0
122.20289611816406 111.0
156.4073028564453 146.0
140.84275817871094 130.0
111.17842864990234 120.0
139.56910705566406 134.0
128.59487915039062 126.0
141.0587158203125 136.0
154.8521728515625 153.0
170.06590270996094 167.0
138.61109924316406 133.0
117.1951904296875 116.0
116.83251953125 106.0
118.12965393066406 120.0
159.3972930908203 161.0
117.25855255126953 129.0
156.044189453125 150.0
137.58859252929688 130.0
108.53070831298828 110.0
120.03694152832031 127.0
130.58653259277344 126.0
142.26068115234375 134.0
157.84207153320312 144.0
115.75126647949219 114.0
103.84896087646484 111.0
126.49241638183594 134.0
131.81761169433594 128.0
165.64248657226562 158.0
117.86844635009766 110.0
160.29739379882812 153.0
149.17770385742188 149.0
170.34556579589844 162.0
133.5447235107422 132.0
118.20404052734375 117.0
112.27093505859375 122.0
165.6544647216797 159.0
123.90696716308594 126.0
145.53221130371094 154.0
126.41827392578125 132.0
116.95675659179688 124.0
110.44377899169922 112.0
121.41972351074219 119.0
130.99008178710938 139.0
161.67742919921875 167.0
124.03103637695312 135.0
152.1360321044922 160.0
112.56201171875 122.0
120.62574768066406 118.0
170.4203338623047 176.0
164.65853881835938 169.0
121.5130844116211 127.0
138.40219116210938 134.0
110.39727783203125 121.0
118.6060791015625 122.0
127.80081176757812 128.0
156.90447998046875 154.0
112.62366485595703 108.0
157.24505615234375 155.0
161.2176971435547 167.0
127.75230407714844 130.0
119.32347106933594 115.0
163.86935424804688 167.0
140.59791564941406 148.0
162.92117309570312 171.0
110.24824523925781 111.0
114.5103988647461 122.0
106.67232513427734 106.0
114.48436737060547 114.0
140.15663146972656 143.0
150.38534545898438 144.0
105.71334075927734 114.0
124.41035461425781 125.0
117.52283477783203 111.0
150.3379669189453 146.0
135.51829528808594 130.0
108.30024719238281 120.0
135.57174682617188 134.0
122.66487884521484 126.0
136.7273406982422 136.0
147.614013671875 153.0
159.1207733154297 167.0
132.945068359375 133.0
114.9473876953125 116.0
112.1971435546875 106.0
116.33863067626953 120.0
150.70603942871094 161.0
114.53985595703125 129.0
147.00189208984375 150.0
131.05133056640625 130.0
105.23692321777344 110.0
117.37158966064453 127.0
127.47259521484375 126.0
137.42083740234375 134.0
148.05917358398438 144.0
109.7045669555664 114.0
98.4044189453125 111.0
122.53267669677734 134.0
129.90066528320312 128.0
155.4036407470703 158.0
113.3667221069336 110.0
152.76229858398438 153.0
146.8163604736328 149.0
159.14755249023438 162.0
127.89366149902344 132.0
113.34676361083984 117.0
108.84712982177734 122.0
159.26673889160156 159.0
118.14598846435547 126.0
136.93838500976562 154.0
120.68207550048828 132.0
112.66107177734375 124.0
105.31381225585938 112.0
113.35005187988281 119.0
129.11428833007812 139.0
156.32110595703125 167.0
118.61976623535156 135.0
150.03599548339844 160.0
106.59847259521484 122.0
114.94996643066406 118.0
170.27423095703125 176.0
157.78955078125 169.0
114.58154296875 127.0
125.95256805419922 134.0
107.55075073242188 121.0
115.32390594482422 122.0
118.18061828613281 128.0
151.06739807128906 154.0
106.73147583007812 108.0
152.80361938476562 155.0
155.41445922851562 167.0
119.76861572265625 130.0
111.42162322998047 115.0
159.97015380859375 167.0
139.62698364257812 148.0
155.20721435546875 171.0
107.66937255859375 111.0
108.75440979003906 122.0
100.21084594726562 106.0
109.63566589355469 114.0
133.62005615234375 143.0
142.77120971679688 144.0
100.38062286376953 114.0
120.65023803710938 125.0
110.72764587402344 111.0
143.59664916992188 146.0
127.24351501464844 130.0
101.15141296386719 120.0
127.52413940429688 134.0
118.7384033203125 126.0
129.2853240966797 136.0
144.682861328125 153.0
157.4542999267578 167.0
124.90657806396484 133.0
106.75411224365234 116.0
103.63793182373047 106.0
108.4852066040039 120.0
145.41754150390625 161.0
110.3009262084961 129.0
144.14315795898438 150.0
122.93756866455078 130.0
99.64775848388672 110.0
112.10198974609375 127.0
123.24754333496094 126.0
136.98208618164062 134.0
148.35475158691406 144.0
102.92543029785156 114.0
94.43822479248047 111.0
116.06566619873047 134.0
121.40682983398438 128.0
147.11029052734375 158.0
105.43276977539062 110.0
148.4741973876953 153.0
137.3748779296875 149.0
154.21261596679688 162.0
117.63774108886719 132.0
110.56975555419922 117.0
104.74968719482422 122.0
154.3771209716797 159.0
113.98918151855469 126.0
132.35372924804688 154.0
117.61259460449219 132.0
108.63578796386719 124.0
101.90032958984375 112.0
108.44943237304688 119.0
126.7976303100586 139.0
154.03858947753906 167.0
117.21641540527344 135.0
149.11688232421875 160.0
106.45401000976562 122.0
113.63042449951172 118.0
167.5358428955078 176.0
158.51080322265625 169.0
111.57592010498047 127.0
121.19631958007812 134.0
102.07429504394531 121.0
110.9165267944336 122.0
113.95122528076172 128.0
147.6435546875 154.0
105.50456237792969 108.0
151.8964080810547 155.0
151.70664978027344 167.0
115.08291625976562 130.0
111.32145690917969 115.0
159.65170288085938 167.0
135.5338592529297 148.0
154.1145477294922 171.0
102.2542953491211 111.0
105.4417495727539 122.0
99.39419555664062 106.0
106.31768035888672 114.0
132.138671875 143.0
140.21987915039062 144.0
95.33036804199219 114.0
115.0857162475586 125.0
107.30768585205078 111.0
143.96060180664062 146.0
127.55915069580078 130.0
98.35395050048828 120.0
126.90071868896484 134.0
115.5690689086914 126.0
125.11568450927734 136.0
144.05389404296875 153.0
153.38243103027344 167.0
122.27674102783203 133.0
103.46814727783203 116.0
103.69960021972656 106.0
105.960693359375 120.0
144.7814178466797 161.0
105.67140197753906 129.0
138.10455322265625 150.0
117.88422393798828 130.0
97.04261779785156 110.0
108.33406066894531 127.0
117.8298568725586 126.0
126.463134765625 134.0
140.50302124023438 144.0
99.6297378540039 114.0
89.7671890258789 111.0
112.0339584350586 134.0
117.38398742675781 128.0
144.04180908203125 158.0
100.85958862304688 110.0
148.85362243652344 153.0
132.45791625976562 149.0
150.9467315673828 162.0
115.55155944824219 132.0
105.9017105102539 117.0
99.38475799560547 122.0
165.77134704589844 159.0
121.57911682128906 126.0
143.08328247070312 154.0
124.90972900390625 132.0
116.23163604736328 124.0
108.91841888427734 112.0
118.56852722167969 119.0
133.54493713378906 139.0
163.74481201171875 167.0
123.80915069580078 135.0
154.0547332763672 160.0
112.56916046142578 122.0
119.9541015625 118.0
174.22906494140625 176.0
166.05084228515625 169.0
119.79090118408203 127.0
134.96261596679688 134.0
109.63320922851562 121.0
117.59964752197266 122.0
125.26099395751953 128.0
157.07540893554688 154.0
111.90420532226562 108.0
160.0791778564453 155.0
159.51956176757812 167.0
125.43570709228516 130.0
119.25961303710938 115.0
165.24078369140625 167.0
142.64578247070312 148.0
162.63174438476562 171.0
109.25643920898438 111.0
113.9878158569336 122.0
106.28681945800781 106.0
113.00968933105469 114.0
140.84300231933594 143.0
149.4628448486328 144.0
103.41123962402344 114.0
121.92561340332031 125.0
115.50186920166016 111.0
150.57333374023438 146.0
134.173828125 130.0
107.01538848876953 120.0
134.2003173828125 134.0
122.02740478515625 126.0
134.1788330078125 136.0
149.1322021484375 153.0
161.5929718017578 167.0
131.9409942626953 133.0
111.57833862304688 116.0
111.60543823242188 106.0
114.3864517211914 120.0
152.80624389648438 161.0
113.08847045898438 129.0
147.6702880859375 150.0
129.71534729003906 130.0
104.11241149902344 110.0
115.31368255615234 127.0
125.82450103759766 126.0
135.01211547851562 134.0
148.3950653076172 144.0
108.61283874511719 114.0
98.3727798461914 111.0
121.12423706054688 134.0
126.86117553710938 128.0
155.2916259765625 158.0
111.43582153320312 110.0
154.60516357421875 153.0
143.98789978027344 149.0
159.58343505859375 162.0
127.0389404296875 132.0
112.85428619384766 117.0
105.6080551147461 122.0
163.86502075195312 159.0
120.54949188232422 126.0
141.4398193359375 154.0
124.11255645751953 132.0
115.40103149414062 124.0
108.4255142211914 112.0
117.31690979003906 119.0
132.18186950683594 139.0
161.1385498046875 167.0
122.70993041992188 135.0
152.62319946289062 160.0
111.2000732421875 122.0
118.99124145507812 118.0
172.11013793945312 176.0
163.7139129638672 169.0
118.73841857910156 127.0
134.13894653320312 134.0
109.29911804199219 121.0
117.34939575195312 122.0
124.44329071044922 128.0
156.1935272216797 154.0
110.96040344238281 108.0
157.8671417236328 155.0
158.95938110351562 167.0
124.61734771728516 130.0
117.700439453125 115.0
163.70840454101562 167.0
141.6306610107422 148.0
161.21658325195312 171.0
108.5656509399414 111.0
113.47969818115234 122.0
105.48602294921875 106.0
112.25064849853516 114.0
138.8907928466797 143.0
147.47994995117188 144.0
102.75843048095703 114.0
121.18826293945312 125.0
114.81351470947266 111.0
148.5809326171875 146.0
133.24874877929688 130.0
105.65057373046875 120.0
132.52108764648438 134.0
121.81562805175781 126.0
133.47787475585938 136.0
147.7238311767578 153.0
159.70831298828125 167.0
130.68032836914062 133.0
111.37020111083984 116.0
109.89070892333984 106.0
113.04916381835938 120.0
150.5236358642578 161.0
112.85346984863281 129.0
146.39158630371094 150.0
128.3164520263672 130.0
103.2489013671875 110.0
114.96331787109375 127.0
125.12409973144531 126.0
134.44979858398438 134.0
147.7969970703125 144.0
108.09996032714844 114.0
98.02391815185547 111.0
119.96483612060547 134.0
125.28548431396484 128.0
153.39703369140625 158.0
110.33757019042969 110.0
153.03451538085938 153.0
142.5636749267578 149.0
158.37918090820312 162.0
125.93331146240234 132.0
112.66290283203125 117.0
105.43592071533203 122.0
161.76646423339844 159.0
118.36474609375 126.0
139.8782196044922 154.0
121.82731628417969 132.0
113.64727783203125 124.0
105.83570098876953 112.0
115.54134368896484 119.0
130.93038940429688 139.0
160.20408630371094 167.0
121.14664459228516 135.0
151.64645385742188 160.0
109.48199462890625 122.0
116.92528533935547 118.0
170.70147705078125 176.0
162.27964782714844 169.0
116.86459350585938 127.0
130.90309143066406 134.0
105.9573745727539 121.0
114.39619445800781 122.0
121.56082153320312 128.0
154.4463348388672 154.0
109.20573425292969 108.0
156.63174438476562 155.0
155.96334838867188 167.0
122.41883850097656 130.0
115.9215087890625 115.0
162.44967651367188 167.0
139.56875610351562 148.0
159.33009338378906 171.0
106.8465347290039 111.0
111.01229858398438 122.0
103.80448913574219 106.0
110.34474182128906 114.0
137.60592651367188 143.0
145.77761840820312 144.0
100.84854888916016 114.0
119.06100463867188 125.0
112.77241516113281 111.0
147.19049072265625 146.0
131.24716186523438 130.0
103.97869110107422 120.0
130.7956085205078 134.0
118.89811706542969 126.0
131.028564453125 136.0
146.41702270507812 153.0
158.473388671875 167.0
128.08705139160156 133.0
108.64305877685547 116.0
107.95858764648438 106.0
110.97537994384766 120.0
149.52566528320312 161.0
110.21998596191406 129.0
143.14154052734375 150.0
125.89584350585938 130.0
101.53422546386719 110.0
112.19581604003906 127.0
122.47666931152344 126.0
131.62484741210938 134.0
145.23089599609375 144.0
106.01539611816406 114.0
96.17884063720703 111.0
118.23162078857422 134.0
122.83163452148438 128.0
151.59774780273438 158.0
107.65104675292969 110.0
151.59832763671875 153.0
138.88490295410156 149.0
156.99000549316406 162.0
123.62647247314453 132.0
109.91375732421875 117.0
103.08523559570312 122.0
163.3230743408203 159.0
120.2605972290039 126.0
141.6466522216797 154.0
123.65202331542969 132.0
115.0198745727539 124.0
107.40564727783203 112.0
117.58010864257812 119.0
132.6910858154297 139.0
161.4522247314453 167.0
122.32807159423828 135.0
153.26271057128906 160.0
110.92594909667969 122.0
118.28034973144531 118.0
172.169921875 176.0
163.2467803955078 169.0
118.33244323730469 127.0
132.28302001953125 134.0
108.21833038330078 121.0
116.2607421875 122.0
123.3418960571289 128.0
155.4200897216797 154.0
110.723388671875 108.0
157.8539276123047 155.0
157.71693420410156 167.0
123.94361877441406 130.0
117.54008483886719 115.0
163.99444580078125 167.0
141.2647247314453 148.0
160.93772888183594 171.0
108.5263671875 111.0
112.52690124511719 122.0
104.7889404296875 106.0
112.22489929199219 114.0
139.1903533935547 143.0
147.14181518554688 144.0
102.57987976074219 114.0
120.82362365722656 125.0
114.17176055908203 111.0
148.41111755371094 146.0
132.89329528808594 130.0
105.81658172607422 120.0
132.61424255371094 134.0
120.54093170166016 126.0
132.8363494873047 136.0
148.0428466796875 153.0
160.10049438476562 167.0
129.60110473632812 133.0
110.5448226928711 116.0
109.57560729980469 106.0
112.80953979492188 120.0
150.58868408203125 161.0
112.20818328857422 129.0
145.1279754638672 150.0
127.11557006835938 130.0
103.2110366821289 110.0
113.92967224121094 127.0
124.42756652832031 126.0
133.79119873046875 134.0
147.09765625 144.0
107.93336486816406 114.0
98.00994873046875 111.0
120.06779479980469 134.0
124.7051773071289 128.0
152.82261657714844 158.0
109.33906555175781 110.0
153.0469970703125 153.0
140.83981323242188 149.0
158.23707580566406 162.0
125.44872283935547 132.0
111.6505355834961 117.0
104.99322509765625 122.0
164.52078247070312 159.0
121.45390319824219 126.0
143.33460998535156 154.0
124.85508728027344 132.0
116.23389434814453 124.0
108.21174621582031 112.0
118.68479919433594 119.0
132.87615966796875 139.0
162.6089324951172 167.0
123.31663513183594 135.0
153.9223175048828 160.0
112.08673858642578 122.0
119.84945678710938 118.0
173.18301391601562 176.0
165.34373474121094 169.0
119.84976959228516 127.0
134.51158142089844 134.0
108.81181335449219 121.0
117.18267822265625 122.0
124.88993835449219 128.0
156.69839477539062 154.0
111.8282241821289 108.0
158.99929809570312 155.0
158.379638671875 167.0
125.3759994506836 130.0
118.60197448730469 115.0
165.14749145507812 167.0
142.00450134277344 148.0
162.20433044433594 171.0
109.11150360107422 111.0
113.71076202392578 122.0
105.71952819824219 106.0
113.15575408935547 114.0
139.90528869628906 143.0
149.0608367919922 144.0
103.464111328125 114.0
121.70081329345703 125.0
115.09200286865234 111.0
150.02822875976562 146.0
134.16476440429688 130.0
106.77548217773438 120.0
133.60935974121094 134.0
121.38568115234375 126.0
133.7734375 136.0
148.83447265625 153.0
160.7023162841797 167.0
131.04595947265625 133.0
111.86711883544922 116.0
110.64540100097656 106.0
114.1566390991211 120.0
151.6974334716797 161.0
112.51713562011719 129.0
146.7079620361328 150.0
129.24142456054688 130.0
104.22528839111328 110.0
114.79649353027344 127.0
125.4908218383789 126.0
134.6751251220703 134.0
148.0465087890625 144.0
108.92462158203125 114.0
98.48410034179688 111.0
121.00825500488281 134.0
126.42445373535156 128.0
153.7659912109375 158.0
111.01277923583984 110.0
154.2706298828125 153.0
143.1380615234375 149.0
159.41754150390625 162.0
127.04500579833984 132.0
112.52690124511719 117.0
105.42400360107422 122.0
165.3123779296875 159.0
121.53919982910156 126.0
142.89599609375 154.0
124.98117065429688 132.0
116.06777954101562 124.0
109.18343353271484 112.0
118.46638488769531 119.0
132.70606994628906 139.0
162.22879028320312 167.0
123.52686309814453 135.0
154.2151336669922 160.0
112.17254638671875 122.0
120.0080795288086 118.0
174.42294311523438 176.0
165.22976684570312 169.0
119.92536926269531 127.0
134.79855346679688 134.0
109.04667663574219 121.0
117.8930435180664 122.0
125.41380310058594 128.0
157.8558349609375 154.0
111.97209930419922 108.0
158.8953857421875 155.0
160.20059204101562 167.0
125.70118713378906 130.0
118.59002685546875 115.0
165.40492248535156 167.0
142.59922790527344 148.0
162.36602783203125 171.0
108.96682739257812 111.0
113.7411117553711 122.0
106.07286071777344 106.0
112.99922180175781 114.0
139.7956085205078 143.0
148.9246368408203 144.0
103.52012634277344 114.0
122.08143615722656 125.0
115.29524230957031 111.0
149.9388427734375 146.0
134.57464599609375 130.0
106.9462890625 120.0
133.6610107421875 134.0
122.52471923828125 126.0
134.6499481201172 136.0
148.89468383789062 153.0
161.5408172607422 167.0
131.3448028564453 133.0
112.01531219482422 116.0
110.76158905029297 106.0
113.8426284790039 120.0
151.38424682617188 161.0
113.27157592773438 129.0
147.22470092773438 150.0
129.36595153808594 130.0
104.07333374023438 110.0
115.2389144897461 127.0
125.93083953857422 126.0
134.37814331054688 134.0
148.22991943359375 144.0
109.60808563232422 114.0
98.5835952758789 111.0
120.76931762695312 134.0
126.33971405029297 128.0
154.6697998046875 158.0
110.988525390625 110.0
154.35726928710938 153.0
143.26329040527344 149.0
159.9281463623047 162.0
127.07099151611328 132.0
113.16273498535156 117.0
105.8393325805664 122.0
159.28038024902344 159.0
116.41349792480469 126.0
138.31539916992188 154.0
120.09768676757812 132.0
111.6182861328125 124.0
103.79600524902344 112.0
114.26390075683594 119.0
127.81124877929688 139.0
156.85678100585938 167.0
118.64988708496094 135.0
147.8824920654297 160.0
107.46519470214844 122.0
114.84516906738281 118.0
166.99632263183594 176.0
159.18008422851562 169.0
115.1424789428711 127.0
129.30722045898438 134.0
104.3663330078125 121.0
112.47195434570312 122.0
119.92967224121094 128.0
151.66925048828125 154.0
107.70954895019531 108.0
153.11375427246094 155.0
153.17298889160156 167.0
121.00312805175781 130.0
114.00106048583984 115.0
158.95455932617188 167.0
136.83070373535156 148.0
155.8548583984375 171.0
105.09956359863281 111.0
108.95474243164062 122.0
101.12478637695312 106.0
108.52737426757812 114.0
134.9255828857422 143.0
143.3981475830078 144.0
99.48033905029297 114.0
117.30497741699219 125.0
110.8264389038086 111.0
144.70721435546875 146.0
128.82672119140625 130.0
102.78853607177734 120.0
128.45130920410156 134.0
116.76338195800781 126.0
129.40301513671875 136.0
143.282470703125 153.0
155.36395263671875 167.0
125.70169067382812 133.0
106.88615417480469 116.0
106.76126861572266 106.0
109.59676361083984 120.0
146.3082733154297 161.0
108.40916442871094 129.0
141.7086181640625 150.0
124.86224365234375 130.0
100.02623748779297 110.0
110.3454360961914 127.0
120.83599853515625 126.0
129.6995086669922 134.0
142.71481323242188 144.0
104.60245513916016 114.0
94.10513305664062 111.0
116.52349853515625 134.0
121.17232513427734 128.0
148.69187927246094 158.0
106.3814697265625 110.0
148.2931671142578 153.0
137.26437377929688 149.0
153.79910278320312 162.0
121.94180297851562 132.0
108.31640625 117.0
101.65684509277344 122.0
161.62384033203125 159.0
118.68460083007812 126.0
140.35459899902344 154.0
122.0504379272461 132.0
113.42085266113281 124.0
106.17825317382812 112.0
116.09751892089844 119.0
130.00448608398438 139.0
159.2567596435547 167.0
120.28317260742188 135.0
151.1209716796875 160.0
109.20919799804688 122.0
116.53323364257812 118.0
169.49871826171875 176.0
161.6598663330078 169.0
116.66716003417969 127.0
130.7281036376953 134.0
106.46686553955078 121.0
114.80557250976562 122.0
121.6896743774414 128.0
153.74378967285156 154.0
109.19486999511719 108.0
155.74977111816406 155.0
155.8155975341797 167.0
122.3232421875 130.0
115.85600280761719 115.0
162.00790405273438 167.0
138.9142303466797 148.0
158.4357147216797 171.0
106.7276382446289 111.0
110.61400604248047 122.0
103.34087371826172 106.0
110.58661651611328 114.0
137.025634765625 143.0
145.80397033691406 144.0
100.70783233642578 114.0
119.091064453125 125.0
112.44931030273438 111.0
146.85699462890625 146.0
130.96412658691406 130.0
104.36601257324219 120.0
130.6206817626953 134.0
119.26664733886719 126.0
131.10824584960938 136.0
145.78089904785156 153.0
158.22084045410156 167.0
128.11166381835938 133.0
108.61957550048828 116.0
108.00586700439453 106.0
111.38394927978516 120.0
148.64979553222656 161.0
109.99427795410156 129.0
143.17930603027344 150.0
126.05524444580078 130.0
101.50849151611328 110.0
112.10214233398438 127.0
122.22917938232422 126.0
132.184814453125 134.0
144.96536254882812 144.0
106.26054382324219 114.0
95.83554077148438 111.0
118.43614959716797 134.0
122.9031982421875 128.0
151.21966552734375 158.0
107.605712890625 110.0
151.5684051513672 153.0
139.0821533203125 149.0
156.2789764404297 162.0
124.17619323730469 132.0
109.68782043457031 117.0
102.81107330322266 122.0
159.99440002441406 159.0
117.05032348632812 126.0
138.2399444580078 154.0
120.343994140625 132.0
112.26272583007812 124.0
105.5473403930664 112.0
114.21559143066406 119.0
128.7517852783203 139.0
157.517578125 167.0
119.30748748779297 135.0
149.7298126220703 160.0
107.7908706665039 122.0
115.37610626220703 118.0
169.84564208984375 176.0
160.20339965820312 169.0
115.80917358398438 127.0
129.6124267578125 134.0
105.52579498291016 121.0
114.11245727539062 122.0
120.47772979736328 128.0
152.42202758789062 154.0
107.9489517211914 108.0
154.14173889160156 155.0
155.02835083007812 167.0
121.23574829101562 130.0
114.24549865722656 115.0
160.49557495117188 167.0
137.79998779296875 148.0
157.05601501464844 171.0
105.34117889404297 111.0
109.2223129272461 122.0
102.62268829345703 106.0
109.02984619140625 114.0
135.28118896484375 143.0
143.9713592529297 144.0
99.4837875366211 114.0
118.02899169921875 125.0
111.72052001953125 111.0
145.17649841308594 146.0
129.33132934570312 130.0
102.70892333984375 120.0
128.81301879882812 134.0
118.5308609008789 126.0
129.75904846191406 136.0
144.3067626953125 153.0
157.715087890625 167.0
126.93601989746094 133.0
107.560302734375 116.0
106.77577209472656 106.0
109.71580505371094 120.0
146.78208923339844 161.0
108.95309448242188 129.0
141.87477111816406 150.0
124.99757385253906 130.0
100.23271179199219 110.0
111.23006439208984 127.0
121.2535171508789 126.0
131.21884155273438 134.0
144.26087951660156 144.0
105.2003173828125 114.0
95.00891876220703 111.0
116.7497787475586 134.0
121.74369812011719 128.0
149.66726684570312 158.0
106.5948715209961 110.0
149.81028747558594 153.0
138.39593505859375 149.0
154.87709045410156 162.0
122.2564926147461 132.0
108.99720764160156 117.0
101.9367446899414 122.0
162.15826416015625 159.0
119.69499206542969 126.0
141.25779724121094 154.0
123.12250518798828 132.0
114.3834457397461 124.0
106.40535736083984 112.0
117.28382110595703 119.0
131.0751953125 139.0
160.2208709716797 167.0
121.31193542480469 135.0
151.17762756347656 160.0
110.40733337402344 122.0
117.72196960449219 118.0
171.81900024414062 176.0
162.67559814453125 169.0
117.94915008544922 127.0
132.6256103515625 134.0
106.92903900146484 121.0
115.09501647949219 122.0
123.33673858642578 128.0
154.8920440673828 154.0
110.16194152832031 108.0
156.66912841796875 155.0
156.73904418945312 167.0
123.89888000488281 130.0
116.75285339355469 115.0
162.7950439453125 167.0
140.0585174560547 148.0
159.75233459472656 171.0
107.81471252441406 111.0
111.95762634277344 122.0
104.13365173339844 106.0
111.52777862548828 114.0
138.0415802001953 143.0
146.79127502441406 144.0
101.88359069824219 114.0
119.74018096923828 125.0
113.61048889160156 111.0
147.64585876464844 146.0
132.2061309814453 130.0
105.43310546875 120.0
131.41006469726562 134.0
119.73602294921875 126.0
132.1625518798828 136.0
146.37283325195312 153.0
159.29409790039062 167.0
128.96560668945312 133.0
110.17105102539062 116.0
109.2769546508789 106.0
112.64585876464844 120.0
149.52577209472656 161.0
110.94547271728516 129.0
144.55845642089844 150.0
127.95726776123047 130.0
102.65866088867188 110.0
113.03398132324219 127.0
123.44280242919922 126.0
132.73629760742188 134.0
145.82650756835938 144.0
107.71526336669922 114.0
97.14439392089844 111.0
119.42594909667969 134.0
124.62547302246094 128.0
151.79693603515625 158.0
109.26264953613281 110.0
151.85902404785156 153.0
140.92483520507812 149.0
157.25079345703125 162.0
125.30522918701172 132.0
110.82431030273438 117.0
104.04415130615234 122.0
