98.47755432128906 159.0
95.52548217773438 126.0
95.51881408691406 154.0
91.67345428466797 132.0
98.93560028076172 124.0
95.52896118164062 112.0
81.08590698242188 119.0
93.60263061523438 139.0
99.84492492675781 167.0
103.31623077392578 135.0
118.82876586914062 160.0
91.28434753417969 122.0
96.63126373291016 118.0
115.5191650390625 176.0
103.76296997070312 169.0
94.00615692138672 127.0
99.47638702392578 134.0
95.44114685058594 121.0
97.05951690673828 122.0
99.82603454589844 128.0
99.66533660888672 154.0
92.66777038574219 108.0
98.35095977783203 155.0
110.25807189941406 167.0
101.36717224121094 130.0
87.74186706542969 115.0
118.59156799316406 167.0
94.90879821777344 148.0
104.36170196533203 171.0
90.73135375976562 111.0
100.72759246826172 122.0
91.59020233154297 106.0
92.0457763671875 114.0
90.95767974853516 143.0
94.39693450927734 144.0
97.04776000976562 114.0
97.50080871582031 125.0
93.95240783691406 111.0
103.13511657714844 146.0
89.10205841064453 130.0
92.51236724853516 120.0
91.2139663696289 134.0
97.90880584716797 126.0
95.31537628173828 136.0
111.01696014404297 153.0
115.08361053466797 167.0
98.71934509277344 133.0
88.6719970703125 116.0
81.43028259277344 106.0
88.21241760253906 120.0
93.00491333007812 161.0
101.59380340576172 129.0
99.79689025878906 150.0
108.41118621826172 130.0
95.246337890625 110.0
98.63872528076172 127.0
98.91107177734375 126.0
88.63519287109375 134.0
114.36006164550781 144.0
93.33689880371094 114.0
96.73635864257812 111.0
92.27603149414062 134.0
90.32077026367188 128.0
95.43458557128906 158.0
99.51741027832031 110.0
112.24707794189453 153.0
105.55330657958984 149.0
94.35338592529297 162.0
90.88278198242188 132.0
102.03976440429688 117.0
82.79358673095703 122.0
102.34320068359375 159.0
71.13297271728516 126.0
90.39177703857422 154.0
66.25584411621094 132.0
63.58451461791992 124.0
38.358665466308594 112.0
63.3262825012207 119.0
80.93536376953125 139.0
100.22443389892578 167.0
72.30221557617188 135.0
94.96604919433594 160.0
63.86387634277344 122.0
58.438323974609375 118.0
91.27296447753906 176.0
93.35623168945312 169.0
83.65476989746094 127.0
89.66757202148438 134.0
66.16703033447266 121.0
35.16265869140625 122.0
88.89511108398438 128.0
92.19163513183594 154.0
63.22343444824219 108.0
97.33061981201172 155.0
95.27046203613281 167.0
86.49848175048828 130.0
71.86918640136719 115.0
88.55071258544922 167.0
73.69285583496094 148.0
87.56072235107422 171.0
58.959835052490234 111.0
63.96379089355469 122.0
41.93177795410156 106.0
62.34098434448242 114.0
90.81285858154297 143.0
95.43010711669922 144.0
67.45823669433594 114.0
65.63069152832031 125.0
66.89542388916016 111.0
87.90904998779297 146.0
62.49694061279297 130.0
70.53196716308594 120.0
77.9901351928711 134.0
39.91636657714844 126.0
81.29010772705078 136.0
91.71543884277344 153.0
103.02226257324219 167.0
75.7102279663086 133.0
62.901363372802734 116.0
67.98360443115234 106.0
66.79193115234375 120.0
92.85050964355469 161.0
69.51821899414062 129.0
93.27474212646484 150.0
106.6806640625 130.0
61.39381408691406 110.0
68.81129455566406 127.0
72.95475769042969 126.0
83.10120391845703 134.0
93.21379852294922 144.0
59.40760803222656 114.0
65.36395263671875 111.0
71.96000671386719 134.0
87.40540313720703 128.0
98.35923767089844 158.0
74.3948745727539 110.0
83.31971740722656 153.0
90.38058471679688 149.0
82.73634338378906 162.0
84.5760498046875 132.0
67.06623840332031 117.0
35.20343017578125 122.0
122.19429016113281 159.0
97.23553466796875 126.0
111.57833099365234 154.0
97.07038116455078 132.0
89.1052474975586 124.0
85.15363311767578 112.0
95.59642791748047 119.0
107.3747787475586 139.0
124.66429138183594 167.0
96.21451568603516 135.0
121.70465850830078 160.0
93.91826629638672 122.0
89.2413101196289 118.0
113.95821380615234 176.0
116.45948028564453 169.0
104.8846206665039 127.0
106.22222900390625 134.0
91.02165222167969 121.0
91.0973892211914 122.0
105.24165344238281 128.0
120.71627807617188 154.0
94.54360961914062 108.0
119.4231948852539 155.0
116.94338989257812 167.0
97.40191650390625 130.0
98.81094360351562 115.0
127.03919982910156 167.0
111.46690368652344 148.0
110.56680297851562 171.0
86.52880859375 111.0
90.1434326171875 122.0
80.20032501220703 106.0
93.66339874267578 114.0
113.17729187011719 143.0
113.94241333007812 144.0
91.76886749267578 114.0
95.539794921875 125.0
86.1727066040039 111.0
110.15980529785156 146.0
103.73662567138672 130.0
96.11407470703125 120.0
106.95551300048828 134.0
92.94953155517578 126.0
105.07878112792969 136.0
114.49662017822266 153.0
111.57608032226562 167.0
107.01069641113281 133.0
92.65376281738281 116.0
96.13025665283203 106.0
94.769287109375 120.0
118.23668670654297 161.0
95.49105834960938 129.0
110.1333999633789 150.0
111.31781005859375 130.0
90.88937377929688 110.0
96.35084533691406 127.0
99.65361022949219 126.0
98.2594985961914 134.0
116.3130874633789 144.0
91.26901245117188 114.0
87.58352661132812 111.0
100.53429412841797 134.0
108.81529235839844 128.0
118.05364990234375 158.0
97.45263671875 110.0
113.35499572753906 153.0
113.75297546386719 149.0
114.36402130126953 162.0
105.77758026123047 132.0
94.93972778320312 117.0
65.57796478271484 122.0
199.28997802734375 159.0
153.65426635742188 126.0
169.59457397460938 154.0
141.21353149414062 132.0
134.9192657470703 124.0
147.30108642578125 112.0
155.53919982910156 119.0
171.2733917236328 139.0
198.19052124023438 167.0
165.40298461914062 135.0
189.328857421875 160.0
143.28118896484375 122.0
152.83779907226562 118.0
189.73397827148438 176.0
203.63841247558594 169.0
168.2374267578125 127.0
177.71275329589844 134.0
173.95632934570312 121.0
159.15032958984375 122.0
172.0994415283203 128.0
190.22872924804688 154.0
138.79110717773438 108.0
190.85516357421875 155.0
197.6871337890625 167.0
161.6457061767578 130.0
147.7803955078125 115.0
186.58663940429688 167.0
160.69970703125 148.0
202.84552001953125 171.0
127.83392333984375 111.0
150.85787963867188 122.0
157.91644287109375 106.0
136.71823120117188 114.0
178.4734344482422 143.0
184.89520263671875 144.0
166.88644409179688 114.0
200.57293701171875 125.0
159.85137939453125 111.0
189.60897827148438 146.0
176.16786193847656 130.0
138.7255859375 120.0
169.83743286132812 134.0
151.41650390625 126.0
171.3330535888672 136.0
184.10789489746094 153.0
181.1235809326172 167.0
176.41763305664062 133.0
166.71258544921875 116.0
142.07846069335938 106.0
141.40548706054688 120.0
183.08827209472656 161.0
139.7819061279297 129.0
179.6424560546875 150.0
158.3950958251953 130.0
128.01727294921875 110.0
167.3085479736328 127.0
155.59100341796875 126.0
227.0596466064453 134.0
195.6967315673828 144.0
149.5673065185547 114.0
135.53244018554688 111.0
146.61293029785156 134.0
170.9759063720703 128.0
182.72434997558594 158.0
154.67762756347656 110.0
173.08953857421875 153.0
185.5691375732422 149.0
191.86846923828125 162.0
164.36013793945312 132.0
136.48927307128906 117.0
198.0674285888672 122.0
180.6947021484375 159.0
132.86204528808594 126.0
148.741943359375 154.0
123.18383026123047 132.0
109.16191101074219 124.0
109.42288970947266 112.0
134.12255859375 119.0
145.0179901123047 139.0
180.08897399902344 167.0
143.69468688964844 135.0
167.73489379882812 160.0
125.27046203613281 122.0
129.7080841064453 118.0
167.4395751953125 176.0
175.905517578125 169.0
142.4957733154297 127.0
148.93992614746094 134.0
127.31957244873047 121.0
117.68598937988281 122.0
143.49395751953125 128.0
168.51976013183594 154.0
118.49174499511719 108.0
169.34063720703125 155.0
164.220947265625 167.0
130.63882446289062 130.0
127.28369140625 115.0
165.3848876953125 167.0
152.83160400390625 148.0
181.18515014648438 171.0
107.70179748535156 111.0
127.35184478759766 122.0
112.94351196289062 106.0
124.47063446044922 114.0
152.58253479003906 143.0
160.0753631591797 144.0
134.3700714111328 114.0
145.24142456054688 125.0
113.78479766845703 111.0
160.9685516357422 146.0
141.287841796875 130.0
125.2039566040039 120.0
144.25038146972656 134.0
118.79592895507812 126.0
138.8863067626953 136.0
163.0931396484375 153.0
154.1602325439453 167.0
139.92381286621094 133.0
128.82066345214844 116.0
122.69033813476562 106.0
124.00923919677734 120.0
158.30746459960938 161.0
120.79530334472656 129.0
168.002197265625 150.0
142.21279907226562 130.0
120.52149200439453 110.0
131.9481658935547 127.0
133.55905151367188 126.0
159.68228149414062 134.0
159.0855712890625 144.0
134.6893310546875 114.0
117.86062622070312 111.0
125.03816223144531 134.0
146.92623901367188 128.0
165.88638305664062 158.0
131.142578125 110.0
160.07516479492188 153.0
157.2792205810547 149.0
176.1363983154297 162.0
141.93907165527344 132.0
114.15520477294922 117.0
141.7510223388672 122.0
175.35101318359375 159.0
138.2897186279297 126.0
156.40802001953125 154.0
127.48365783691406 132.0
119.40214538574219 124.0
117.91505432128906 112.0
156.63629150390625 119.0
151.37258911132812 139.0
175.4840087890625 167.0
143.47396850585938 135.0
161.32073974609375 160.0
129.368896484375 122.0
137.64276123046875 118.0
174.182373046875 176.0
179.0902862548828 169.0
149.4911346435547 127.0
171.3782501220703 134.0
133.74624633789062 121.0
121.56981658935547 122.0
164.230224609375 128.0
162.04888916015625 154.0
124.99723815917969 108.0
169.7939910888672 155.0
159.34573364257812 167.0
149.75567626953125 130.0
135.9998779296875 115.0
161.66966247558594 167.0
140.464111328125 148.0
179.9020233154297 171.0
115.2861328125 111.0
136.87832641601562 122.0
128.66819763183594 106.0
127.2227783203125 114.0
160.55921936035156 143.0
165.17141723632812 144.0
154.46661376953125 114.0
154.56475830078125 125.0
139.45420837402344 111.0
163.78744506835938 146.0
152.77743530273438 130.0
137.46324157714844 120.0
148.48077392578125 134.0
118.58001708984375 126.0
148.98487854003906 136.0
156.87875366210938 153.0
161.3863525390625 167.0
155.46409606933594 133.0
150.48431396484375 116.0
133.55413818359375 106.0
136.05067443847656 120.0
162.7662811279297 161.0
121.45088195800781 129.0
153.1035614013672 150.0
155.40374755859375 130.0
123.39393615722656 110.0
133.788818359375 127.0
137.7541961669922 126.0
174.87188720703125 134.0
155.62750244140625 144.0
145.00247192382812 114.0
127.2912368774414 111.0
138.15374755859375 134.0
155.87286376953125 128.0
161.9635009765625 158.0
149.74632263183594 110.0
154.67385864257812 153.0
165.9883270263672 149.0
168.4793701171875 162.0
164.49334716796875 132.0
116.5224609375 117.0
167.5406951904297 122.0
135.1016387939453 159.0
92.90564727783203 126.0
101.92601013183594 154.0
91.39910888671875 132.0
88.26160430908203 124.0
102.09423828125 112.0
95.27043914794922 119.0
95.049072265625 139.0
115.324951171875 167.0
110.6666488647461 135.0
116.71713256835938 160.0
86.24357604980469 122.0
95.718994140625 118.0
140.32901000976562 176.0
122.99207305908203 169.0
107.32390594482422 127.0
126.96422576904297 134.0
106.32730102539062 121.0
102.40425872802734 122.0
120.01641082763672 128.0
115.29315185546875 154.0
86.47834014892578 108.0
110.66819763183594 155.0
134.5833740234375 167.0
114.81692504882812 130.0
82.41014862060547 115.0
118.1292495727539 167.0
102.61384582519531 148.0
134.88902282714844 171.0
76.66090393066406 111.0
93.22058868408203 122.0
93.90538024902344 106.0
84.89997863769531 114.0
95.23150634765625 143.0
111.32451629638672 144.0
109.22078704833984 114.0
124.06704711914062 125.0
90.34247589111328 111.0
111.11798095703125 146.0
93.43563842773438 130.0
91.6539535522461 120.0
93.18939208984375 134.0
100.77423858642578 126.0
115.07223510742188 136.0
114.61499786376953 153.0
122.12529754638672 167.0
122.53666687011719 133.0
94.4061050415039 116.0
83.79131317138672 106.0
86.15228271484375 120.0
105.32548522949219 161.0
101.38391876220703 129.0
119.1584701538086 150.0
120.22489929199219 130.0
80.80247497558594 110.0
114.23587799072266 127.0
106.62124633789062 126.0
132.8413543701172 134.0
135.6428680419922 144.0
91.76610565185547 114.0
78.99576568603516 111.0
88.12287902832031 134.0
108.19967651367188 128.0
120.3523941040039 158.0
111.61799621582031 110.0
111.88221740722656 153.0
130.38026428222656 149.0
114.80497741699219 162.0
99.37654113769531 132.0
92.502685546875 117.0
127.61066436767578 122.0
141.5962371826172 159.0
103.59397888183594 126.0
118.93949127197266 154.0
103.01470947265625 132.0
94.7759780883789 124.0
101.57449340820312 112.0
100.51246643066406 119.0
117.94387817382812 139.0
143.1006317138672 167.0
109.93311309814453 135.0
144.99615478515625 160.0
98.05198669433594 122.0
99.05459594726562 118.0
160.44581604003906 176.0
146.585693359375 169.0
106.56664276123047 127.0
115.08499145507812 134.0
109.83901977539062 121.0
109.00792694091797 122.0
110.00495910644531 128.0
131.38070678710938 154.0
97.76505279541016 108.0
137.82650756835938 155.0
142.42269897460938 167.0
107.27357482910156 130.0
98.20559692382812 115.0
150.80618286132812 167.0
122.199951171875 148.0
135.2666015625 171.0
89.83924102783203 111.0
95.71210479736328 122.0
93.45028686523438 106.0
96.05535888671875 114.0
119.67559051513672 143.0
122.28392791748047 144.0
96.2369155883789 114.0
114.93138122558594 125.0
93.51478576660156 111.0
135.97450256347656 146.0
113.28430938720703 130.0
99.12525177001953 120.0
114.72885131835938 134.0
109.12006378173828 126.0
118.53056335449219 136.0
136.95639038085938 153.0
145.1171417236328 167.0
117.64599609375 133.0
91.91413116455078 116.0
94.30066680908203 106.0
96.71133422851562 120.0
132.377197265625 161.0
104.16943359375 129.0
128.07081604003906 150.0
118.36665344238281 130.0
89.4559326171875 110.0
113.38227081298828 127.0
111.19113159179688 126.0
129.66366577148438 134.0
141.9146728515625 144.0
91.97864532470703 114.0
86.5397720336914 111.0
101.44026947021484 134.0
110.43141174316406 128.0
131.02162170410156 158.0
100.91753387451172 110.0
137.5126495361328 153.0
128.37838745117188 149.0
134.2213592529297 162.0
104.12247467041016 132.0
100.13204956054688 117.0
102.13104248046875 122.0
130.05606079101562 159.0
96.26148223876953 126.0
117.49484252929688 154.0
93.54727935791016 132.0
88.77289581298828 124.0
60.15869903564453 112.0
92.46737670898438 119.0
111.00416564941406 139.0
139.7533416748047 167.0
94.83619689941406 135.0
112.46841430664062 160.0
89.61030578613281 122.0
90.82220458984375 118.0
91.83674621582031 176.0
128.46131896972656 169.0
93.73310852050781 127.0
100.36708068847656 134.0
80.58818054199219 121.0
58.554710388183594 122.0
96.29609680175781 128.0
109.11502075195312 154.0
87.13075256347656 108.0
136.1407470703125 155.0
119.37431335449219 167.0
93.60538482666016 130.0
94.42277526855469 115.0
116.25375366210938 167.0
100.29234313964844 148.0
120.024658203125 171.0
77.40047454833984 111.0
79.57225799560547 122.0
63.68590545654297 106.0
81.16123962402344 114.0
121.21163177490234 143.0
119.7168197631836 144.0
77.83467864990234 114.0
84.75928497314453 125.0
83.94227600097656 111.0
121.83932495117188 146.0
100.373779296875 130.0
92.59078216552734 120.0
111.90727996826172 134.0
68.12273406982422 126.0
106.34820556640625 136.0
112.96826171875 153.0
117.12873840332031 167.0
96.21832275390625 133.0
83.01994323730469 116.0
87.71656799316406 106.0
90.37255859375 120.0
129.87548828125 161.0
84.92037963867188 129.0
119.52166748046875 150.0
98.69799041748047 130.0
82.18031311035156 110.0
86.77159118652344 127.0
96.4764175415039 126.0
102.10838317871094 134.0
107.78689575195312 144.0
74.42958068847656 114.0
72.25802612304688 111.0
95.61515045166016 134.0
102.12906646728516 128.0
119.43921661376953 158.0
86.36414337158203 110.0
109.32465362548828 153.0
107.4378433227539 149.0
108.00338745117188 162.0
104.41072082519531 132.0
81.8971176147461 117.0
38.929656982421875 122.0
184.0926055908203 159.0
130.39828491210938 126.0
149.69091796875 154.0
130.534912109375 132.0
121.00676727294922 124.0
129.94357299804688 112.0
126.81439971923828 119.0
153.44757080078125 139.0
184.2763671875 167.0
140.13803100585938 135.0
177.856201171875 160.0
124.67294311523438 122.0
124.89401245117188 118.0
170.70986938476562 176.0
180.96095275878906 169.0
130.51638793945312 127.0
145.17201232910156 134.0
133.6529998779297 121.0
138.35833740234375 122.0
135.70794677734375 128.0
166.5293426513672 154.0
122.89356994628906 108.0
176.77069091796875 155.0
182.2506866455078 167.0
131.8927459716797 130.0
124.46330261230469 115.0
184.84188842773438 167.0
156.3986053466797 148.0
171.1523895263672 171.0
114.42388916015625 111.0
116.42913055419922 122.0
121.37097930908203 106.0
120.71298217773438 114.0
156.11587524414062 143.0
155.29428100585938 144.0
113.82182312011719 114.0
144.94390869140625 125.0
121.0549087524414 111.0
165.79246520996094 146.0
145.33248901367188 130.0
119.56761169433594 120.0
148.98870849609375 134.0
138.77383422851562 126.0
151.76893615722656 136.0
169.33688354492188 153.0
172.23538208007812 167.0
149.246337890625 133.0
121.9081039428711 116.0
119.75447845458984 106.0
119.99986267089844 120.0
169.36158752441406 161.0
128.46865844726562 129.0
161.95834350585938 150.0
134.81509399414062 130.0
107.7841796875 110.0
140.04751586914062 127.0
142.2372283935547 126.0
159.2711181640625 134.0
172.37808227539062 144.0
113.23124694824219 114.0
104.20911407470703 111.0
126.95197296142578 134.0
140.94683837890625 128.0
172.83624267578125 158.0
124.44918060302734 110.0
169.90269470214844 153.0
160.25796508789062 149.0
173.65431213378906 162.0
132.41525268554688 132.0
128.49468994140625 117.0
118.55313873291016 122.0
149.5562286376953 159.0
122.45697021484375 126.0
145.96896362304688 154.0
123.23760986328125 132.0
120.46480560302734 124.0
97.07717895507812 112.0
118.04966735839844 119.0
145.62612915039062 139.0
171.04067993164062 167.0
127.88780212402344 135.0
169.385986328125 160.0
122.07270812988281 122.0
121.69171142578125 118.0
194.21954345703125 176.0
167.26748657226562 169.0
122.77156066894531 127.0
121.44119262695312 134.0
104.0718994140625 121.0
98.6883773803711 122.0
120.09712219238281 128.0
156.0535888671875 154.0
118.7074203491211 108.0
164.382568359375 155.0
137.73638916015625 167.0
123.24290466308594 130.0
119.97573852539062 115.0
185.60455322265625 167.0
132.3966064453125 148.0
147.67349243164062 171.0
123.58207702636719 111.0
119.37531280517578 122.0
108.24188995361328 106.0
117.0006332397461 114.0
147.49769592285156 143.0
147.4517059326172 144.0
110.82771301269531 114.0
118.53169250488281 125.0
110.02872467041016 111.0
157.50216674804688 146.0
140.54827880859375 130.0
121.40213775634766 120.0
137.6203155517578 134.0
99.52894592285156 126.0
124.45411682128906 136.0
162.8594207763672 153.0
187.36550903320312 167.0
119.12750244140625 133.0
110.85986328125 116.0
111.53192138671875 106.0
116.56045532226562 120.0
161.53501892089844 161.0
103.63880157470703 129.0
133.74485778808594 150.0
144.06593322753906 130.0
113.41868591308594 110.0
104.5233154296875 127.0
119.30384826660156 126.0
128.29281616210938 134.0
147.26646423339844 144.0
114.73915100097656 114.0
113.89332580566406 111.0
130.4695587158203 134.0
125.5427474975586 128.0
145.47796630859375 158.0
108.79376220703125 110.0
160.11952209472656 153.0
129.9154815673828 149.0
159.1481475830078 162.0
130.16445922851562 132.0
112.84400177001953 117.0
92.0877685546875 122.0
155.99432373046875 159.0
113.91043090820312 126.0
131.250732421875 154.0
115.5579833984375 132.0
107.48328399658203 124.0
100.75870513916016 112.0
108.95074462890625 119.0
128.48849487304688 139.0
153.80882263183594 167.0
117.68086242675781 135.0
153.00344848632812 160.0
108.80342102050781 122.0
111.6729736328125 118.0
152.95144653320312 176.0
154.28634643554688 169.0
114.27250671386719 127.0
127.28732299804688 134.0
107.71176147460938 121.0
107.8177490234375 122.0
119.14981079101562 128.0
142.32530212402344 154.0
106.8212661743164 108.0
149.3039093017578 155.0
149.80125427246094 167.0
117.04972076416016 130.0
107.68807983398438 115.0
162.8448486328125 167.0
124.95159149169922 148.0
148.00909423828125 171.0
104.09481811523438 111.0
105.95638275146484 122.0
101.78042602539062 106.0
104.6925048828125 114.0
129.12344360351562 143.0
136.8687286376953 144.0
96.93685913085938 114.0
116.0506362915039 125.0
102.50674438476562 111.0
143.22589111328125 146.0
124.98941040039062 130.0
103.46715545654297 120.0
127.98162841796875 134.0
113.53031158447266 126.0
127.84939575195312 136.0
146.5458221435547 153.0
157.94329833984375 167.0
124.66217041015625 133.0
103.69804382324219 116.0
103.51739501953125 106.0
104.90591430664062 120.0
143.2513427734375 161.0
106.26825714111328 129.0
133.98138427734375 150.0
126.89933776855469 130.0
96.64818572998047 110.0
111.28599548339844 127.0
118.13392639160156 126.0
130.6526336669922 134.0
138.84815979003906 144.0
95.37413024902344 114.0
96.67386627197266 111.0
114.25516510009766 134.0
120.92098999023438 128.0
143.76156616210938 158.0
107.54891967773438 110.0
148.6482391357422 153.0
134.5474090576172 149.0
143.7956085205078 162.0
118.86969757080078 132.0
106.6180648803711 117.0
71.2428970336914 122.0
160.1108856201172 159.0
114.96197509765625 126.0
132.01904296875 154.0
115.9317626953125 132.0
109.71525573730469 124.0
108.36029052734375 112.0
115.75569152832031 119.0
137.90841674804688 139.0
162.6266326904297 167.0
120.87654113769531 135.0
161.10861206054688 160.0
113.04974365234375 122.0
112.813232421875 118.0
171.9271240234375 176.0
162.81069946289062 169.0
113.6207046508789 127.0
124.69627380371094 134.0
115.8531494140625 121.0
114.43072509765625 122.0
119.04954528808594 128.0
149.88235473632812 154.0
106.84468841552734 108.0
157.13525390625 155.0
155.8059539794922 167.0
116.54100036621094 130.0
111.9096908569336 115.0
170.10888671875 167.0
141.37648010253906 148.0
150.27976989746094 171.0
106.18061828613281 111.0
107.58909606933594 122.0
106.13420867919922 106.0
108.87914276123047 114.0
137.97640991210938 143.0
140.21185302734375 144.0
98.91387939453125 114.0
119.46678161621094 125.0
106.84300994873047 111.0
149.09445190429688 146.0
127.88306427001953 130.0
106.50504302978516 120.0
127.27515411376953 134.0
117.42281341552734 126.0
129.95309448242188 136.0
152.3456573486328 153.0
161.16432189941406 167.0
125.72177124023438 133.0
106.48379516601562 116.0
104.51480102539062 106.0
107.53497314453125 120.0
150.75579833984375 161.0
112.38932800292969 129.0
141.94314575195312 150.0
121.71768188476562 130.0
103.00263214111328 110.0
114.62076568603516 127.0
122.91476440429688 126.0
139.81192016601562 134.0
154.55323791503906 144.0
106.40312194824219 114.0
99.53591918945312 111.0
117.5255355834961 134.0
119.43970489501953 128.0
150.21339416503906 158.0
107.67816925048828 110.0
157.2841339111328 153.0
135.90736389160156 149.0
155.23599243164062 162.0
119.4663314819336 132.0
110.91224670410156 117.0
98.05058288574219 122.0
144.68690490722656 159.0
99.8481674194336 126.0
117.22953796386719 154.0
101.09346771240234 132.0
92.96687316894531 124.0
92.3724594116211 112.0
99.74993896484375 119.0
117.75833892822266 139.0
144.16114807128906 167.0
105.61080932617188 135.0
143.83883666992188 160.0
96.58818054199219 122.0
98.02693176269531 118.0
160.17819213867188 176.0
148.12962341308594 169.0
101.78295135498047 127.0
109.17872619628906 134.0
102.16130065917969 121.0
100.12468719482422 122.0
103.87252044677734 128.0
130.59893798828125 154.0
93.08712768554688 108.0
139.53077697753906 155.0
140.72134399414062 167.0
100.41181945800781 130.0
96.2209243774414 115.0
153.27865600585938 167.0
123.67632293701172 148.0
138.3983154296875 171.0
88.93064880371094 111.0
89.62264251708984 122.0
88.26080322265625 106.0
92.37245178222656 114.0
118.74578094482422 143.0
124.54904174804688 144.0
83.0643081665039 114.0
104.77140808105469 125.0
91.16278076171875 111.0
135.03952026367188 146.0
111.29048919677734 130.0
91.74166870117188 120.0
114.05902099609375 134.0
104.60966491699219 126.0
112.70885467529297 136.0
136.6853790283203 153.0
145.3230438232422 167.0
110.98457336425781 133.0
91.76262664794922 116.0
90.94401550292969 106.0
92.0595703125 120.0
134.32916259765625 161.0
94.99669647216797 129.0
126.14311218261719 150.0
110.06742858886719 130.0
85.83026123046875 110.0
102.75819396972656 127.0
107.7416763305664 126.0
124.10822296142578 134.0
138.35667419433594 144.0
88.77200317382812 114.0
80.89912414550781 111.0
99.51294708251953 134.0
106.21675872802734 128.0
131.7531280517578 158.0
92.14900207519531 110.0
142.40103149414062 153.0
122.46356201171875 149.0
137.65603637695312 162.0
103.22303771972656 132.0
94.49393463134766 117.0
80.7237548828125 122.0
164.58309936523438 159.0
122.34092712402344 126.0
141.31558227539062 154.0
120.61035919189453 132.0
112.57102966308594 124.0
112.1151123046875 112.0
119.5542221069336 119.0
137.6865234375 139.0
164.15924072265625 167.0
125.9623031616211 135.0
153.7812042236328 160.0
112.57679748535156 122.0
115.96686553955078 118.0
163.72328186035156 176.0
164.93270874023438 169.0
123.52529907226562 127.0
136.96832275390625 134.0
114.6968994140625 121.0
119.68656921386719 122.0
125.93541717529297 128.0
155.23556518554688 154.0
111.44081115722656 108.0
158.04031372070312 155.0
166.5451202392578 167.0
122.04277038574219 130.0
115.14680480957031 115.0
163.40176391601562 167.0
135.89141845703125 148.0
159.25189208984375 171.0
108.05815887451172 111.0
109.24282836914062 122.0
112.62801361083984 106.0
109.4843521118164 114.0
140.75076293945312 143.0
147.38848876953125 144.0
106.87871551513672 114.0
133.03341674804688 125.0
117.47953796386719 111.0
149.81845092773438 146.0
133.76380920410156 130.0
109.60881805419922 120.0
136.5716094970703 134.0
118.74054718017578 126.0
136.33636474609375 136.0
149.42868041992188 153.0
156.72996520996094 167.0
133.32138061523438 133.0
121.24549865722656 116.0
111.54825592041016 106.0
112.23484802246094 120.0
152.5347900390625 161.0
110.51565551757812 129.0
139.62181091308594 150.0
124.55479431152344 130.0
100.83731079101562 110.0
123.54573822021484 127.0
123.42109680175781 126.0
150.01608276367188 134.0
152.7801513671875 144.0
102.76519775390625 114.0
98.57325744628906 111.0
120.99166870117188 134.0
133.37767028808594 128.0
153.78244018554688 158.0
112.86534118652344 110.0
150.94410705566406 153.0
148.84725952148438 149.0
161.1009521484375 162.0
126.84493255615234 132.0
109.69728088378906 117.0
118.49339294433594 122.0
176.18008422851562 159.0
135.78656005859375 126.0
152.9830780029297 154.0
131.62574768066406 132.0
127.58412170410156 124.0
126.23160552978516 112.0
134.8104705810547 119.0
146.14947509765625 139.0
172.1524200439453 167.0
134.96109008789062 135.0
170.5836181640625 160.0
121.79820251464844 122.0
130.93568420410156 118.0
180.98695373535156 176.0
174.38185119628906 169.0
134.71234130859375 127.0
152.53717041015625 134.0
127.89752960205078 121.0
134.1556854248047 122.0
141.21249389648438 128.0
164.887939453125 154.0
119.54208374023438 108.0
165.73162841796875 155.0
174.34507751464844 167.0
136.6378173828125 130.0
123.39627075195312 115.0
179.76951599121094 167.0
147.49249267578125 148.0
172.52284240722656 171.0
124.85371398925781 111.0
129.29530334472656 122.0
118.29601287841797 106.0
123.41920471191406 114.0
147.913330078125 143.0
159.18060302734375 144.0
126.54935455322266 114.0
141.39222717285156 125.0
122.10115051269531 111.0
160.7931671142578 146.0
143.89404296875 130.0
124.2861099243164 120.0
141.4614715576172 134.0
135.78546142578125 126.0
148.62109375 136.0
164.1842803955078 153.0
174.1693878173828 167.0
148.8313446044922 133.0
131.20025634765625 116.0
117.44943237304688 106.0
126.12174987792969 120.0
158.94757080078125 161.0
127.81412506103516 129.0
149.01222229003906 150.0
141.4105682373047 130.0
117.08589172363281 110.0
130.9937744140625 127.0
136.06350708007812 126.0
160.69305419921875 134.0
170.46434020996094 144.0
123.8158950805664 114.0
118.34294128417969 111.0
136.08880615234375 134.0
143.44189453125 128.0
161.4597930908203 158.0
131.20681762695312 110.0
165.775390625 153.0
159.35780334472656 149.0
168.63990783691406 162.0
140.73468017578125 132.0
124.24581146240234 117.0
124.32427215576172 122.0
119.16046142578125 159.0
94.01970672607422 126.0
106.92485809326172 154.0
92.14794158935547 132.0
84.53760528564453 124.0
71.13400268554688 112.0
87.24234771728516 119.0
109.08430480957031 139.0
128.34085083007812 167.0
96.15164184570312 135.0
124.24916076660156 160.0
90.85397338867188 122.0
89.72716522216797 118.0
118.11766052246094 176.0
127.02229309082031 169.0
89.03436279296875 127.0
95.8731918334961 134.0
83.19123840332031 121.0
76.04708862304688 122.0
90.73580932617188 128.0
109.5152816772461 154.0
87.85285186767578 108.0
124.14933776855469 155.0
122.71959686279297 167.0
86.74063110351562 130.0
91.80734252929688 115.0
129.85951232910156 167.0
101.63421630859375 148.0
122.74662780761719 171.0
80.74211883544922 111.0
78.04388427734375 122.0
78.50164794921875 106.0
84.34447479248047 114.0
110.21027374267578 143.0
108.31079864501953 144.0
72.52118682861328 114.0
89.86386108398438 125.0
82.58678436279297 111.0
119.71395111083984 146.0
102.80731201171875 130.0
84.8195571899414 120.0
103.29638671875 134.0
80.96212005615234 126.0
100.37422180175781 136.0
121.55538177490234 153.0
120.0613784790039 167.0
92.76634216308594 133.0
80.6761474609375 116.0
84.07057189941406 106.0
84.46136474609375 120.0
117.52146911621094 161.0
83.16747283935547 129.0
110.63080596923828 150.0
92.69020080566406 130.0
79.03363800048828 110.0
87.1856460571289 127.0
93.26335906982422 126.0
103.2437973022461 134.0
110.45165252685547 144.0
75.51573181152344 114.0
74.45438385009766 111.0
89.91046142578125 134.0
97.26950073242188 128.0
114.38343048095703 158.0
81.7903060913086 110.0
120.7707748413086 153.0
102.92913818359375 149.0
116.3631362915039 162.0
91.88574981689453 132.0
81.36541748046875 117.0
67.03032684326172 122.0
140.29808044433594 159.0
102.83473205566406 126.0
122.44206237792969 154.0
105.28704071044922 132.0
99.41161346435547 124.0
90.15298461914062 112.0
97.6536636352539 119.0
116.9171142578125 139.0
141.29855346679688 167.0
106.69337463378906 135.0
136.77676391601562 160.0
102.74920654296875 122.0
101.77626037597656 118.0
142.93597412109375 176.0
144.18356323242188 169.0
102.38748168945312 127.0
112.00358581542969 134.0
101.24139404296875 121.0
97.29519653320312 122.0
106.21424102783203 128.0
134.70269775390625 154.0
98.575927734375 108.0
137.328125 155.0
140.94021606445312 167.0
106.45140075683594 130.0
102.0600357055664 115.0
146.76153564453125 167.0
116.84748840332031 148.0
134.7321014404297 171.0
94.5425796508789 111.0
96.8402099609375 122.0
94.06773376464844 106.0
94.57929229736328 114.0
122.14051055908203 143.0
127.78495788574219 144.0
88.8183822631836 114.0
104.71540069580078 125.0
96.1075439453125 111.0
131.57371520996094 146.0
118.16506958007812 130.0
93.92048645019531 120.0
117.60939025878906 134.0
101.82312774658203 126.0
114.84681701660156 136.0
132.15419006347656 153.0
140.13006591796875 167.0
114.13417053222656 133.0
97.57256317138672 116.0
96.19304656982422 106.0
97.58161926269531 120.0
130.5695343017578 161.0
95.24147033691406 129.0
128.1106719970703 150.0
113.00616455078125 130.0
90.52690887451172 110.0
97.37345123291016 127.0
106.47123718261719 126.0
124.17618560791016 134.0
133.19847106933594 144.0
88.81671905517578 114.0
85.747802734375 111.0
105.70919036865234 134.0
110.0560073852539 128.0
133.2200469970703 158.0
94.57813262939453 110.0
134.31170654296875 153.0
124.1556396484375 149.0
137.97796630859375 162.0
110.9454574584961 132.0
95.31755065917969 117.0
84.223388671875 122.0
144.35194396972656 159.0
109.41990661621094 126.0
125.3736801147461 154.0
107.8333740234375 132.0
104.904296875 124.0
100.6464614868164 112.0
105.10906219482422 119.0
123.68113708496094 139.0
146.24636840820312 167.0
113.7826919555664 135.0
146.06796264648438 160.0
101.30391693115234 122.0
104.9111557006836 118.0
149.86170959472656 176.0
148.07638549804688 169.0
108.25796508789062 127.0
117.0672607421875 134.0
107.50086975097656 121.0
108.47391510009766 122.0
109.78913879394531 128.0
140.90325927734375 154.0
98.22998809814453 108.0
141.88204956054688 155.0
152.70452880859375 167.0
106.61138916015625 130.0
100.11073303222656 115.0
153.33656311035156 167.0
125.36555480957031 148.0
147.7293243408203 171.0
99.14328002929688 111.0
98.96221923828125 122.0
96.94125366210938 106.0
100.28509521484375 114.0
125.12161254882812 143.0
130.74630737304688 144.0
98.92849731445312 114.0
121.04248809814453 125.0
102.74787139892578 111.0
136.20408630371094 146.0
118.95372009277344 130.0
97.82239532470703 120.0
119.1990966796875 134.0
110.34967041015625 126.0
120.70932006835938 136.0
139.544189453125 153.0
142.31103515625 167.0
121.21331787109375 133.0
105.1073226928711 116.0
94.44589233398438 106.0
99.34107971191406 120.0
138.04086303710938 161.0
105.33848571777344 129.0
127.7303695678711 150.0
109.73115539550781 130.0
90.59362030029297 110.0
113.27651977539062 127.0
113.85488891601562 126.0
141.19590759277344 134.0
151.11244201660156 144.0
93.44338989257812 114.0
88.96282196044922 111.0
110.21880340576172 134.0
116.1303939819336 128.0
133.73313903808594 158.0
101.543701171875 110.0
139.52566528320312 153.0
131.56719970703125 149.0
144.7679901123047 162.0
103.81114959716797 132.0
101.15142822265625 117.0
102.86367797851562 122.0
182.51519775390625 159.0
140.0038299560547 126.0
165.09349060058594 154.0
141.91619873046875 132.0
135.19659423828125 124.0
104.59722137451172 112.0
137.04588317871094 119.0
156.47421264648438 139.0
188.28915405273438 167.0
145.15383911132812 135.0
174.70704650878906 160.0
134.1352996826172 122.0
137.3488006591797 118.0
153.1534423828125 176.0
188.4888916015625 169.0
140.57681274414062 127.0
156.24493408203125 134.0
118.97576904296875 121.0
110.19892883300781 122.0
145.11224365234375 128.0
173.89767456054688 154.0
129.5389862060547 108.0
182.6822052001953 155.0
180.2844696044922 167.0
141.10614013671875 130.0
139.28762817382812 115.0
183.25865173339844 167.0
153.0985107421875 148.0
180.89707946777344 171.0
127.31573486328125 111.0
125.36708068847656 122.0
115.9755859375 106.0
127.69633483886719 114.0
168.66616821289062 143.0
169.90127563476562 144.0
124.24292755126953 114.0
135.27810668945312 125.0
136.1956787109375 111.0
171.27920532226562 146.0
152.6856689453125 130.0
128.6599884033203 120.0
157.06031799316406 134.0
117.9203872680664 126.0
152.9724578857422 136.0
170.59048461914062 153.0
170.72796630859375 167.0
145.64683532714844 133.0
136.49002075195312 116.0
133.64071655273438 106.0
135.5030059814453 120.0
177.5081787109375 161.0
125.8013687133789 129.0
164.69517517089844 150.0
139.4934844970703 130.0
124.2498779296875 110.0
129.79937744140625 127.0
139.4842529296875 126.0
152.6608123779297 134.0
153.26345825195312 144.0
118.78177642822266 114.0
114.98724365234375 111.0
141.93479919433594 134.0
150.7287139892578 128.0
174.00808715820312 158.0
129.7216033935547 110.0
167.21420288085938 153.0
164.0814208984375 149.0
175.49000549316406 162.0
148.4759521484375 132.0
124.47100830078125 117.0
97.73760986328125 122.0
173.6345672607422 159.0
124.82830047607422 126.0
148.17323303222656 154.0
127.525634765625 132.0
119.10880279541016 124.0
114.93782043457031 112.0
127.884765625 119.0
142.49339294433594 139.0
169.7310333251953 167.0
129.7159881591797 135.0
161.22337341308594 160.0
122.10911560058594 122.0
123.94761657714844 118.0
179.09657287597656 176.0
173.91917419433594 169.0
125.3243179321289 127.0
145.1195068359375 134.0
118.67970275878906 121.0
122.27488708496094 122.0
131.72679138183594 128.0
165.4986114501953 154.0
117.14552307128906 108.0
165.3097686767578 155.0
167.01425170898438 167.0
132.18075561523438 130.0
122.66424560546875 115.0
171.6118927001953 167.0
147.35255432128906 148.0
166.5823974609375 171.0
115.25643157958984 111.0
118.07977294921875 122.0
115.11041259765625 106.0
117.4781723022461 114.0
149.87835693359375 143.0
152.48236083984375 144.0
109.46772003173828 114.0
126.57666778564453 125.0
119.1448745727539 111.0
157.45423889160156 146.0
140.9767303466797 130.0
115.1796875 120.0
140.81634521484375 134.0
126.19824981689453 126.0
141.05889892578125 136.0
156.12030029296875 153.0
168.9588623046875 167.0
139.89332580566406 133.0
121.82572937011719 116.0
116.91751098632812 106.0
120.08177185058594 120.0
160.97738647460938 161.0
117.18391418457031 129.0
152.9154510498047 150.0
135.72007751464844 130.0
109.10143280029297 110.0
119.56302642822266 127.0
128.76426696777344 126.0
144.69583129882812 134.0
154.79409790039062 144.0
114.27237701416016 114.0
106.21939086914062 111.0
128.98768615722656 134.0
133.70925903320312 128.0
163.01678466796875 158.0
118.71569061279297 110.0
159.74484252929688 153.0
154.1635284423828 149.0
168.6528778076172 162.0
133.12301635742188 132.0
115.69074249267578 117.0
108.47480010986328 122.0
166.11643981933594 159.0
119.7322998046875 126.0
140.932373046875 154.0
122.25152587890625 132.0
116.73971557617188 124.0
109.98701477050781 112.0
119.5140151977539 119.0
137.2995147705078 139.0
164.4858856201172 167.0
125.12651062011719 135.0
155.93145751953125 160.0
117.2252197265625 122.0
119.33668518066406 118.0
175.03163146972656 176.0
167.65428161621094 169.0
119.70136260986328 127.0
136.231689453125 134.0
114.86099243164062 121.0
116.33784484863281 122.0
125.1933364868164 128.0
160.17160034179688 154.0
112.29234313964844 108.0
159.32296752929688 155.0
160.75015258789062 167.0
126.93685150146484 130.0
117.14295959472656 115.0
167.43267822265625 167.0
142.71292114257812 148.0
160.00990295410156 171.0
111.4638671875 111.0
114.60115051269531 122.0
110.68997192382812 106.0
112.56707763671875 114.0
144.13722229003906 143.0
145.43638610839844 144.0
104.46856689453125 114.0
121.26299285888672 125.0
114.78555297851562 111.0
152.2227020263672 146.0
136.374267578125 130.0
108.5696029663086 120.0
134.80967712402344 134.0
121.68218994140625 126.0
135.80587768554688 136.0
152.33602905273438 153.0
164.50778198242188 167.0
132.8090362548828 133.0
115.71261596679688 116.0
111.12731170654297 106.0
113.42621612548828 120.0
155.52642822265625 161.0
112.36274719238281 129.0
147.02767944335938 150.0
129.9795379638672 130.0
103.8891830444336 110.0
113.78052520751953 127.0
123.133056640625 126.0
138.98690795898438 134.0
150.80709838867188 144.0
109.18248748779297 114.0
101.65472412109375 111.0
123.84675598144531 134.0
126.74655151367188 128.0
156.8472900390625 158.0
112.64268493652344 110.0
155.12779235839844 153.0
145.6825408935547 149.0
163.46310424804688 162.0
127.15766906738281 132.0
112.32333374023438 117.0
101.33824157714844 122.0
158.9427947998047 159.0
118.62898254394531 126.0
138.42059326171875 154.0
119.12598419189453 132.0
111.79019165039062 124.0
107.0084457397461 112.0
116.50900268554688 119.0
131.30160522460938 139.0
159.10182189941406 167.0
119.73841857910156 135.0
153.50294494628906 160.0
113.04338836669922 122.0
114.88870239257812 118.0
171.7535858154297 176.0
165.02821350097656 169.0
116.0718002319336 127.0
127.64176940917969 134.0
109.55014038085938 121.0
113.98139190673828 122.0
117.74922943115234 128.0
151.28085327148438 154.0
109.72389221191406 108.0
154.6133270263672 155.0
156.4639129638672 167.0
119.15579986572266 130.0
113.78956604003906 115.0
164.77955627441406 167.0
135.34022521972656 148.0
155.50843811035156 171.0
107.63224029541016 111.0
106.7244873046875 122.0
104.07752227783203 106.0
109.18943786621094 114.0
138.98707580566406 143.0
143.0767822265625 144.0
98.9079818725586 114.0
116.93649291992188 125.0
108.80219268798828 111.0
149.85513305664062 146.0
132.08554077148438 130.0
106.43146514892578 120.0
132.62753295898438 134.0
118.41004180908203 126.0
130.10922241210938 136.0
148.6744842529297 153.0
160.5884552001953 167.0
127.61894226074219 133.0
111.60167694091797 116.0
107.72569274902344 106.0
111.61682891845703 120.0
150.57264709472656 161.0
108.1296615600586 129.0
139.81336975097656 150.0
124.90432739257812 130.0
99.8856430053711 110.0
110.29588317871094 127.0
118.653564453125 126.0
134.8300018310547 134.0
145.7113800048828 144.0
104.664794921875 114.0
95.27930450439453 111.0
119.39834594726562 134.0
124.55209350585938 128.0
149.5342559814453 158.0
105.6678695678711 110.0
152.59593200683594 153.0
140.66807556152344 149.0
155.9977264404297 162.0
120.24192810058594 132.0
107.22769165039062 117.0
97.68013763427734 122.0
168.0381317138672 159.0
123.23344421386719 126.0
145.6412353515625 154.0
125.44938659667969 132.0
117.9825210571289 124.0
111.77191162109375 112.0
123.06440734863281 119.0
138.5473175048828 139.0
165.96595764160156 167.0
126.77717590332031 135.0
159.20950317382812 160.0
118.80918884277344 122.0
120.68408203125 118.0
177.26060485839844 176.0
171.2392120361328 169.0
121.81271362304688 127.0
138.0563201904297 134.0
116.01261901855469 121.0
118.38795471191406 122.0
126.57699584960938 128.0
160.67884826660156 154.0
115.07498931884766 108.0
160.89840698242188 155.0
163.33334350585938 167.0
128.78231811523438 130.0
119.48161315917969 115.0
170.37481689453125 167.0
142.95147705078125 148.0
163.0147247314453 171.0
113.96250915527344 111.0
114.88752746582031 122.0
110.3049545288086 106.0
114.71277618408203 114.0
145.61532592773438 143.0
149.5765838623047 144.0
105.4489974975586 114.0
122.70155334472656 125.0
116.10005187988281 111.0
156.31117248535156 146.0
137.71987915039062 130.0
111.28997802734375 120.0
138.2674560546875 134.0
124.26605224609375 126.0
137.85186767578125 136.0
155.05165100097656 153.0
167.0981903076172 167.0
135.37261962890625 133.0
118.04317474365234 116.0
114.18589782714844 106.0
117.19622039794922 120.0
157.57159423828125 161.0
114.90203094482422 129.0
147.34727478027344 150.0
133.69485473632812 130.0
105.63386535644531 110.0
116.13736724853516 127.0
125.46880340576172 126.0
140.6539306640625 134.0
152.4991455078125 144.0
110.08547973632812 114.0
101.46966552734375 111.0
125.82730102539062 134.0
130.4094696044922 128.0
158.29730224609375 158.0
113.87193298339844 110.0
159.20779418945312 153.0
149.89859008789062 149.0
163.77272033691406 162.0
127.76670837402344 132.0
114.32857513427734 117.0
103.56610870361328 122.0
164.7962646484375 159.0
121.82317352294922 126.0
141.29122924804688 154.0
122.85331726074219 132.0
117.38965606689453 124.0
111.7323989868164 112.0
119.2493896484375 119.0
134.22071838378906 139.0
159.69676208496094 167.0
125.12716674804688 135.0
154.15794372558594 160.0
115.32247161865234 122.0
119.55054473876953 118.0
170.41964721679688 176.0
164.93788146972656 169.0
121.4080581665039 127.0
137.16302490234375 134.0
115.5771484375 121.0
118.3348388671875 122.0
125.57846069335938 128.0
158.57020568847656 154.0
112.0315933227539 108.0
155.83502197265625 155.0
162.33377075195312 167.0
127.00775146484375 130.0
115.64684295654297 115.0
164.41943359375 167.0
138.8423614501953 148.0
160.7769775390625 171.0
111.65620422363281 111.0
114.82365417480469 122.0
110.46369171142578 106.0
113.39949798583984 114.0
140.85784912109375 143.0
146.20765686035156 144.0
105.76274108886719 114.0
123.5340805053711 125.0
114.03507995605469 111.0
149.81350708007812 146.0
134.2808837890625 130.0
108.33374786376953 120.0
133.37115478515625 134.0
122.83638000488281 126.0
136.42440795898438 136.0
149.82571411132812 153.0
162.590087890625 167.0
133.6475372314453 133.0
117.42636108398438 116.0
109.70137023925781 106.0
113.94388580322266 120.0
150.9803924560547 161.0
114.0407943725586 129.0
146.15025329589844 150.0
130.7824249267578 130.0
103.3167953491211 110.0
115.64451599121094 127.0
123.70368194580078 126.0
140.7322998046875 134.0
151.7655029296875 144.0
108.48616790771484 114.0
101.26341247558594 111.0
123.0670166015625 134.0
129.5624542236328 128.0
155.16445922851562 158.0
113.17860412597656 110.0
153.09133911132812 153.0
148.11611938476562 149.0
162.14407348632812 162.0
125.06999969482422 132.0
112.38846588134766 117.0
105.53132629394531 122.0
162.3683624267578 159.0
118.56969451904297 126.0
140.41831970214844 154.0
120.77690124511719 132.0
112.81819152832031 124.0
106.83401489257812 112.0
116.38568115234375 119.0
132.15792846679688 139.0
160.27175903320312 167.0
120.7328109741211 135.0
150.6129913330078 160.0
112.8211898803711 122.0
113.63038635253906 118.0
170.45968627929688 176.0
162.36553955078125 169.0
114.85567474365234 127.0
130.68795776367188 134.0
110.7179183959961 121.0
112.84307098388672 122.0
119.4498291015625 128.0
154.26904296875 154.0
109.96200561523438 108.0
155.2073974609375 155.0
159.47415161132812 167.0
122.12580108642578 130.0
113.38972473144531 115.0
161.84246826171875 167.0
138.01390075683594 148.0
156.41134643554688 171.0
108.16544342041016 111.0
108.42011260986328 122.0
103.52975463867188 106.0
110.7004165649414 114.0
140.08644104003906 143.0
142.1744384765625 144.0
99.59394836425781 114.0
117.61278533935547 125.0
109.7957763671875 111.0
147.91241455078125 146.0
130.7306365966797 130.0
106.66838073730469 120.0
131.50830078125 134.0
117.58063507080078 126.0
132.76290893554688 136.0
147.12928771972656 153.0
159.89300537109375 167.0
128.71217346191406 133.0
110.16456604003906 116.0
107.28125 106.0
111.49612426757812 120.0
150.55967712402344 161.0
111.36843872070312 129.0
144.61891174316406 150.0
126.8529281616211 130.0
100.90657043457031 110.0
110.9275894165039 127.0
120.72920227050781 126.0
135.45379638671875 134.0
147.6909942626953 144.0
103.46257781982422 114.0
95.40032958984375 111.0
120.29002380371094 134.0
124.27397155761719 128.0
152.7071533203125 158.0
108.68370819091797 110.0
150.120849609375 153.0
142.89659118652344 149.0
157.860595703125 162.0
120.77239990234375 132.0
108.85652160644531 117.0
100.57211303710938 122.0
155.7913055419922 159.0
116.86402130126953 126.0
135.9723358154297 154.0
118.57350158691406 132.0
110.80669403076172 124.0
106.19037628173828 112.0
113.25224304199219 119.0
129.5730438232422 139.0
155.08709716796875 167.0
119.18894958496094 135.0
149.96432495117188 160.0
110.5697250366211 122.0
112.70453643798828 118.0
163.67042541503906 176.0
160.1326904296875 169.0
113.21333312988281 127.0
125.60967254638672 134.0
108.78654479980469 121.0
112.6629638671875 122.0
115.35383605957031 128.0
149.86544799804688 154.0
108.0522689819336 108.0
150.58856201171875 155.0
155.31214904785156 167.0
117.26156616210938 130.0
111.0315933227539 115.0
159.66729736328125 167.0
133.76065063476562 148.0
154.32696533203125 171.0
106.67064666748047 111.0
106.0836181640625 122.0
102.84435272216797 106.0
108.63345336914062 114.0
135.9481658935547 143.0
139.2574005126953 144.0
98.36079406738281 114.0
117.67218780517578 125.0
107.5780029296875 111.0
146.19326782226562 146.0
128.9308624267578 130.0
103.39591217041016 120.0
129.07827758789062 134.0
116.76416778564453 126.0
128.7000732421875 136.0
145.99732971191406 153.0
154.682373046875 167.0
125.44265747070312 133.0
109.55424499511719 116.0
104.59390258789062 106.0
109.57337188720703 120.0
147.01199340820312 161.0
108.79019927978516 129.0
137.7962646484375 150.0
121.49085998535156 130.0
98.27603149414062 110.0
109.57574462890625 127.0
118.47989654541016 126.0
135.03042602539062 134.0
145.6870880126953 144.0
101.84562683105469 114.0
93.23550415039062 111.0
117.37277221679688 134.0
122.12982177734375 128.0
146.22494506835938 158.0
104.40695190429688 110.0
148.17483520507812 153.0
137.9660186767578 149.0
154.0704803466797 162.0
116.54622650146484 132.0
106.90530395507812 117.0
99.08755493164062 122.0
161.3451385498047 159.0
118.51353454589844 126.0
137.62603759765625 154.0
119.63238525390625 132.0
113.85269165039062 124.0
109.09075164794922 112.0
116.20849609375 119.0
132.34481811523438 139.0
156.97642517089844 167.0
121.50698852539062 135.0
150.50921630859375 160.0
112.19709014892578 122.0
115.26277160644531 118.0
169.3209686279297 176.0
161.49241638183594 169.0
115.97416687011719 127.0
130.77122497558594 134.0
111.72726440429688 121.0
115.37094116210938 122.0
119.98735046386719 128.0
154.88705444335938 154.0
109.09356689453125 108.0
153.257080078125 155.0
157.56649780273438 167.0
122.56011199951172 130.0
112.61439514160156 115.0
160.13487243652344 167.0
137.03475952148438 148.0
157.01675415039062 171.0
109.02986145019531 111.0
111.8045654296875 122.0
106.8381118774414 106.0
110.48685455322266 114.0
137.9797821044922 143.0
141.6759490966797 144.0
102.67236328125 114.0
120.18574523925781 125.0
111.14279174804688 111.0
146.32130432128906 146.0
131.0303192138672 130.0
105.34510803222656 120.0
129.86138916015625 134.0
119.49427032470703 126.0
131.81631469726562 136.0
146.84722900390625 153.0
159.2342529296875 167.0
128.7018585205078 133.0
113.14331817626953 116.0
105.89790344238281 106.0
110.82420349121094 120.0
148.48782348632812 161.0
110.4081802368164 129.0
142.29623413085938 150.0
125.92820739746094 130.0
100.2456283569336 110.0
111.01494598388672 127.0
120.7116470336914 126.0
137.9191131591797 134.0
147.85667419433594 144.0
105.84452056884766 114.0
98.12345886230469 111.0
119.72348022460938 134.0
124.11843872070312 128.0
151.19744873046875 158.0
108.80941009521484 110.0
148.6744842529297 153.0
141.2327423095703 149.0
158.77130126953125 162.0
120.94729614257812 132.0
109.06681060791016 117.0
105.07695007324219 122.0
154.5116424560547 159.0
117.08919525146484 126.0
136.41246032714844 154.0
117.67741394042969 132.0
109.96400451660156 124.0
101.54325103759766 112.0
111.33856964111328 119.0
129.67007446289062 139.0
155.7100372314453 167.0
117.28196716308594 135.0
150.38487243652344 160.0
109.93597412109375 122.0
111.81695556640625 118.0
163.18507385253906 176.0
160.95095825195312 169.0
112.75814819335938 127.0
123.79273223876953 134.0
106.7188720703125 121.0
107.86466979980469 122.0
114.2584228515625 128.0
148.9756622314453 154.0
106.59036254882812 108.0
150.91949462890625 155.0
154.33177185058594 167.0
116.48065948486328 130.0
110.59879302978516 115.0
160.76934814453125 167.0
132.3921356201172 148.0
153.6582489013672 171.0
106.02378845214844 111.0
105.56512451171875 122.0
100.6478042602539 106.0
108.4451675415039 114.0
136.76345825195312 143.0
139.5760498046875 144.0
96.76165008544922 114.0
114.00120544433594 125.0
106.0258560180664 111.0
146.43994140625 146.0
128.434326171875 130.0
102.72799682617188 120.0
128.46664428710938 134.0
113.78556060791016 126.0
127.27830505371094 136.0
145.90264892578125 153.0
154.07261657714844 167.0
122.46820068359375 133.0
108.72264099121094 116.0
104.01403045654297 106.0
109.147705078125 120.0
147.2204132080078 161.0
106.6240005493164 129.0
137.28912353515625 150.0
120.3658676147461 130.0
97.92236328125 110.0
106.98381805419922 127.0
117.04103088378906 126.0
130.65213012695312 134.0
142.26132202148438 144.0
100.31342315673828 114.0
93.29742431640625 111.0
117.39317321777344 134.0
121.97855377197266 128.0
145.67987060546875 158.0
103.34748077392578 110.0
148.56643676757812 153.0
137.4686279296875 149.0
153.33497619628906 162.0
116.66752624511719 132.0
105.6328353881836 117.0
96.34923553466797 122.0
166.11720275878906 159.0
123.9898452758789 126.0
145.240966796875 154.0
124.55438995361328 132.0
117.13780212402344 124.0
111.41175842285156 112.0
123.37026977539062 119.0
135.99343872070312 139.0
162.07449340820312 167.0
125.64828491210938 135.0
154.49026489257812 160.0
115.18759155273438 122.0
119.28962707519531 118.0
170.40597534179688 176.0
166.52783203125 169.0
121.97018432617188 127.0
140.66824340820312 134.0
113.93054962158203 121.0
117.94281005859375 122.0
127.6986083984375 128.0
158.56436157226562 154.0
112.58407592773438 108.0
157.61459350585938 155.0
164.39361572265625 167.0
127.89788055419922 130.0
117.0938491821289 115.0
164.55270385742188 167.0
138.8946533203125 148.0
163.3516845703125 171.0
113.12240600585938 111.0
114.61679077148438 122.0
109.15353393554688 106.0
115.10710906982422 114.0
143.08905029296875 143.0
148.73516845703125 144.0
108.18933868408203 114.0
124.87188720703125 125.0
115.0687484741211 111.0
151.168212890625 146.0
134.4990997314453 130.0
111.2881851196289 120.0
134.9617919921875 134.0
121.79745483398438 126.0
137.83474731445312 136.0
150.39492797851562 153.0
162.48388671875 167.0
135.26609802246094 133.0
119.60118103027344 116.0
111.09298706054688 106.0
117.54592895507812 120.0
152.76144409179688 161.0
115.54703521728516 129.0
146.2208251953125 150.0
132.51837158203125 130.0
104.82125091552734 110.0
116.76644897460938 127.0
126.14364624023438 126.0
142.49464416503906 134.0
151.41094970703125 144.0
109.7490005493164 114.0
101.68128967285156 111.0
125.59182739257812 134.0
132.60641479492188 128.0
156.4922332763672 158.0
115.61033630371094 110.0
152.3007354736328 153.0
151.6835479736328 149.0
162.7519073486328 162.0
127.74244689941406 132.0
112.05905151367188 117.0
110.18811798095703 122.0
155.3848876953125 159.0
118.13975524902344 126.0
137.1182403564453 154.0
118.68138122558594 132.0
111.63697814941406 124.0
101.55485534667969 112.0
114.18572998046875 119.0
131.85621643066406 139.0
155.90382385253906 167.0
118.91816711425781 135.0
151.04571533203125 160.0
111.42338562011719 122.0
114.63203430175781 118.0
165.52447509765625 176.0
161.51629638671875 169.0
115.57061004638672 127.0
127.90901184082031 134.0
107.26716613769531 121.0
107.43153381347656 122.0
117.82990264892578 128.0
149.99412536621094 154.0
107.91397857666016 108.0
151.74639892578125 155.0
153.4227752685547 167.0
118.96839904785156 130.0
111.89848327636719 115.0
161.68394470214844 167.0
132.75460815429688 148.0
154.1813507080078 171.0
107.92723846435547 111.0
108.567138671875 122.0
102.56664276123047 106.0
109.753173828125 114.0
137.6934814453125 143.0
141.7862091064453 144.0
100.84262084960938 114.0
116.19863891601562 125.0
108.30195617675781 111.0
146.33140563964844 146.0
129.9122314453125 130.0
104.69209289550781 120.0
129.15692138671875 134.0
113.03965759277344 126.0
127.80763244628906 136.0
146.53860473632812 153.0
155.70770263671875 167.0
123.65403747558594 133.0
112.5126953125 116.0
105.9495849609375 106.0
110.80215454101562 120.0
147.8274383544922 161.0
106.13414001464844 129.0
138.2280731201172 150.0
123.37908935546875 130.0
100.23311614990234 110.0
107.82925415039062 127.0
118.13579559326172 126.0
132.9031219482422 134.0
143.20106506347656 144.0
103.71966552734375 114.0
96.16939544677734 111.0
119.64291381835938 134.0
124.28044128417969 128.0
146.14260864257812 158.0
106.6039810180664 110.0
148.0747833251953 153.0
140.20657348632812 149.0
154.99400329589844 162.0
120.66146850585938 132.0
105.50865173339844 117.0
100.34297943115234 122.0
161.8994598388672 159.0
120.44894409179688 126.0
141.52529907226562 154.0
122.0880355834961 132.0
114.21000671386719 124.0
106.18948364257812 112.0
117.59332275390625 119.0
134.1612548828125 139.0
161.36172485351562 167.0
122.34711456298828 135.0
154.2386932373047 160.0
113.60027313232422 122.0
115.77657318115234 118.0
172.90640258789062 176.0
165.5009307861328 169.0
116.6082992553711 127.0
132.78631591796875 134.0
109.23564147949219 121.0
111.80457305908203 122.0
121.69024658203125 128.0
154.37490844726562 154.0
110.06626892089844 108.0
157.0783233642578 155.0
159.1341094970703 167.0
122.86157989501953 130.0
114.80537414550781 115.0
164.7998046875 167.0
137.01715087890625 148.0
160.64474487304688 171.0
109.69181823730469 111.0
110.54914855957031 122.0
105.42890930175781 106.0
111.90115356445312 114.0
142.06900024414062 143.0
144.25840759277344 144.0
100.16389465332031 114.0
117.64950561523438 125.0
111.0331802368164 111.0
149.8153076171875 146.0
132.82742309570312 130.0
107.19503021240234 120.0
132.8599395751953 134.0
117.40383911132812 126.0
132.68026733398438 136.0
149.8011474609375 153.0
161.6873321533203 167.0
129.2543487548828 133.0
112.82962799072266 116.0
108.19867706298828 106.0
113.32479095458984 120.0
152.0328826904297 161.0
110.62191772460938 129.0
141.17051696777344 150.0
127.95390319824219 130.0
101.38252258300781 110.0
110.54290771484375 127.0
120.91287231445312 126.0
133.1701202392578 134.0
145.8085479736328 144.0
105.94932556152344 114.0
97.74734497070312 111.0
121.46240997314453 134.0
127.31981658935547 128.0
152.90811157226562 158.0
109.83103942871094 110.0
153.2761688232422 153.0
145.20782470703125 149.0
159.66830444335938 162.0
123.2871322631836 132.0
109.18045043945312 117.0
100.43991088867188 122.0
155.64952087402344 159.0
115.04627990722656 126.0
134.82974243164062 154.0
116.38043212890625 132.0
109.31983184814453 124.0
102.09785461425781 112.0
112.05517578125 119.0
126.46973419189453 139.0
153.08322143554688 167.0
117.12467956542969 135.0
144.70877075195312 160.0
107.76570129394531 122.0
110.36820983886719 118.0
159.87551879882812 176.0
156.9567413330078 169.0
111.51729583740234 127.0
126.99219512939453 134.0
106.00584411621094 121.0
106.95880126953125 122.0
116.26699829101562 128.0
148.58718872070312 154.0
105.20240020751953 108.0
148.40817260742188 155.0
153.49005126953125 167.0
116.95565795898438 130.0
108.90467071533203 115.0
155.8662872314453 167.0
130.6796875 148.0
152.3247833251953 171.0
104.07325744628906 111.0
105.32156372070312 122.0
99.71887969970703 106.0
107.00383758544922 114.0
134.72186279296875 143.0
138.20510864257812 144.0
97.27438354492188 114.0
114.23236846923828 125.0
105.90831756591797 111.0
143.0044403076172 146.0
125.72169494628906 130.0
102.09681701660156 120.0
126.18190002441406 134.0
112.3917465209961 126.0
128.13522338867188 136.0
142.00474548339844 153.0
152.11590576171875 167.0
123.27288055419922 133.0
107.42024993896484 116.0
102.61961364746094 106.0
108.59595489501953 120.0
143.89385986328125 161.0
106.78079223632812 129.0
136.9190216064453 150.0
119.74239349365234 130.0
96.40605926513672 110.0
106.82820129394531 127.0
116.7718505859375 126.0
130.14117431640625 134.0
141.7506866455078 144.0
100.25779724121094 114.0
91.22195434570312 111.0
114.86691284179688 134.0
121.03163146972656 128.0
146.01324462890625 158.0
105.06766510009766 110.0
144.97357177734375 153.0
137.86669921875 149.0
152.01612854003906 162.0
116.44709014892578 132.0
104.7326889038086 117.0
97.09877014160156 122.0
151.61181640625 159.0
112.60177612304688 126.0
131.62991333007812 154.0
114.33525848388672 132.0
106.94198608398438 124.0
99.24005126953125 112.0
109.57257080078125 119.0
126.475830078125 139.0
150.05462646484375 167.0
114.17051696777344 135.0
144.3174285888672 160.0
105.17540740966797 122.0
107.84310150146484 118.0
161.64486694335938 176.0
152.53578186035156 169.0
108.59457397460938 127.0
122.98301696777344 134.0
105.41240692138672 121.0
105.51524353027344 122.0
113.02508544921875 128.0
144.78697204589844 154.0
103.01287078857422 108.0
145.2704315185547 155.0
149.5473175048828 167.0
114.39247131347656 130.0
106.7618179321289 115.0
153.81455993652344 167.0
129.1702423095703 148.0
149.5110321044922 171.0
102.99396514892578 111.0
104.58328247070312 122.0
97.29464721679688 106.0
104.99746704101562 114.0
131.8040313720703 143.0
133.82974243164062 144.0
95.36460876464844 114.0
111.41130828857422 125.0
102.929931640625 111.0
139.9317626953125 146.0
122.86907196044922 130.0
100.32606506347656 120.0
123.25310516357422 134.0
110.72520446777344 126.0
124.57501220703125 136.0
140.45701599121094 153.0
150.99951171875 167.0
119.27723693847656 133.0
104.57867431640625 116.0
100.35912322998047 106.0
106.27796173095703 120.0
141.24891662597656 161.0
105.32623291015625 129.0
136.22608947753906 150.0
119.49115753173828 130.0
95.39468383789062 110.0
104.3862075805664 127.0
114.96109008789062 126.0
129.15643310546875 134.0
140.5829315185547 144.0
98.88312530517578 114.0
91.91565704345703 111.0
113.89846801757812 134.0
117.65251159667969 128.0
141.90660095214844 158.0
102.54609680175781 110.0
142.754638671875 153.0
134.45925903320312 149.0
149.50454711914062 162.0
113.69274139404297 132.0
103.53755187988281 117.0
96.86553192138672 122.0
153.1336669921875 159.0
113.00846862792969 126.0
132.03671264648438 154.0
114.90265655517578 132.0
108.27383422851562 124.0
99.53396606445312 112.0
109.29856872558594 119.0
127.19113159179688 139.0
151.87596130371094 167.0
114.1292724609375 135.0
145.8810577392578 160.0
106.26571655273438 122.0
108.62276458740234 118.0
166.81021118164062 176.0
154.71725463867188 169.0
108.48419189453125 127.0
120.4378662109375 134.0
105.41024780273438 121.0
105.82936096191406 122.0
111.25609588623047 128.0
146.04751586914062 154.0
104.0377426147461 108.0
147.08233642578125 155.0
149.90814208984375 167.0
113.90865325927734 130.0
106.73233795166016 115.0
156.56593322753906 167.0
130.66749572753906 148.0
148.8509521484375 171.0
103.68380737304688 111.0
104.37557983398438 122.0
97.63722229003906 106.0
105.36424255371094 114.0
132.36378479003906 143.0
134.6486358642578 144.0
94.09264373779297 114.0
111.49349212646484 125.0
102.93763732910156 111.0
140.9511260986328 146.0
123.62826538085938 130.0
99.99744415283203 120.0
124.57073974609375 134.0
111.29743957519531 126.0
124.76129150390625 136.0
141.83547973632812 153.0
154.29641723632812 167.0
119.187255859375 133.0
104.08849334716797 116.0
99.91724395751953 106.0
106.1917724609375 120.0
143.2989959716797 161.0
105.38542938232422 129.0
136.05543518066406 150.0
119.224609375 130.0
95.312744140625 110.0
103.41387939453125 127.0
115.06934356689453 126.0
128.98606872558594 134.0
141.40365600585938 144.0
98.30431365966797 114.0
90.8945541381836 111.0
113.42201232910156 134.0
117.41964721679688 128.0
143.55491638183594 158.0
101.53060150146484 110.0
143.86517333984375 153.0
132.9546661376953 149.0
151.14114379882812 162.0
112.4454574584961 132.0
104.0035400390625 117.0
95.40554809570312 122.0
162.4954376220703 159.0
119.50196838378906 126.0
138.2747802734375 154.0
120.33380126953125 132.0
114.22295379638672 124.0
107.19329833984375 112.0
117.04436492919922 119.0
131.86941528320312 139.0
156.28018188476562 167.0
122.36602783203125 135.0
149.03463745117188 160.0
111.00801086425781 122.0
115.39542388916016 118.0
166.99603271484375 176.0
160.59921264648438 169.0
117.23075103759766 127.0
133.53189086914062 134.0
111.35874938964844 121.0
113.47542572021484 122.0
122.0682144165039 128.0
155.41162109375 154.0
107.9469223022461 108.0
151.92886352539062 155.0
160.765380859375 167.0
122.34140014648438 130.0
111.40983581542969 115.0
159.56845092773438 167.0
136.5545654296875 148.0
158.73924255371094 171.0
108.62779235839844 111.0
110.89640045166016 122.0
105.3248062133789 106.0
111.32518005371094 114.0
138.1356964111328 143.0
142.63961791992188 144.0
103.23064422607422 114.0
120.55764770507812 125.0
110.60929107666016 111.0
146.0745391845703 146.0
129.6168975830078 130.0
105.94023895263672 120.0
128.934814453125 134.0
118.33550262451172 126.0
133.26222229003906 136.0
146.29588317871094 153.0
157.37063598632812 167.0
128.26016235351562 133.0
114.58393096923828 116.0
104.89312744140625 106.0
112.11859130859375 120.0
147.29803466796875 161.0
111.8736572265625 129.0
143.8791046142578 150.0
126.42098999023438 130.0
100.25154113769531 110.0
112.51927947998047 127.0
122.19287109375 126.0
137.3522186279297 134.0
148.76060485839844 144.0
106.0399398803711 114.0
96.54721069335938 111.0
120.171875 134.0
126.81834411621094 128.0
152.36160278320312 158.0
110.53724670410156 110.0
148.0127410888672 153.0
144.16293334960938 149.0
159.24298095703125 162.0
120.83732604980469 132.0
109.699951171875 117.0
103.97459411621094 122.0
167.7107696533203 159.0
124.19602966308594 126.0
144.7070770263672 154.0
125.77145385742188 132.0
121.11348724365234 124.0
111.64369201660156 112.0
120.09927368164062 119.0
139.75991821289062 139.0
166.2158966064453 167.0
129.81105041503906 135.0
158.00123596191406 160.0
117.922119140625 122.0
122.6780776977539 118.0
177.92611694335938 176.0
171.8672332763672 169.0
124.1792221069336 127.0
137.76699829101562 134.0
112.41444396972656 121.0
117.2010269165039 122.0
126.90740203857422 128.0
166.68077087402344 154.0
114.04861450195312 108.0
162.445556640625 155.0
167.70159912109375 167.0
128.3974609375 130.0
117.51903533935547 115.0
169.2948455810547 167.0
142.3197479248047 148.0
168.17611694335938 171.0
113.29207611083984 111.0
117.28596496582031 122.0
114.88945007324219 106.0
115.83177947998047 114.0
146.33140563964844 143.0
149.76913452148438 144.0
106.65570068359375 114.0
126.34993743896484 125.0
117.55817413330078 111.0
154.292724609375 146.0
138.47769165039062 130.0
109.83829498291016 120.0
135.95916748046875 134.0
122.0889892578125 126.0
137.27182006835938 136.0
154.4084014892578 153.0
167.84814453125 167.0
134.81326293945312 133.0
120.21096801757812 116.0
111.34151458740234 106.0
116.33526611328125 120.0
156.69711303710938 161.0
113.22010803222656 129.0
146.2147216796875 150.0
130.84518432617188 130.0
104.55874633789062 110.0
114.21588897705078 127.0
124.5643539428711 126.0
141.24139404296875 134.0
153.5286865234375 144.0
109.71435546875 114.0
102.87939453125 111.0
124.98593139648438 134.0
132.13145446777344 128.0
158.2965545654297 158.0
114.5480728149414 110.0
156.90716552734375 153.0
149.8814239501953 149.0
170.6914825439453 162.0
127.93083190917969 132.0
113.22392272949219 117.0
108.397705078125 122.0
162.26956176757812 159.0
122.42460632324219 126.0
144.75692749023438 154.0
124.09600830078125 132.0
115.20985412597656 124.0
104.71420288085938 112.0
118.84445190429688 119.0
133.6676788330078 139.0
161.2493133544922 167.0
122.91802978515625 135.0
152.90255737304688 160.0
114.75050354003906 122.0
116.38301086425781 118.0
170.03778076171875 176.0
165.96450805664062 169.0
119.7863540649414 127.0
134.93722534179688 134.0
109.45289611816406 121.0
110.12948608398438 122.0
123.95577239990234 128.0
155.8306121826172 154.0
112.31358337402344 108.0
156.84439086914062 155.0
162.1244659423828 167.0
124.29991149902344 130.0
116.7413101196289 115.0
163.95115661621094 167.0
136.30035400390625 148.0
161.29568481445312 171.0
110.19483947753906 111.0
110.4664306640625 122.0
104.28106689453125 106.0
113.32091522216797 114.0
142.68190002441406 143.0
147.3814239501953 144.0
102.27171325683594 114.0
119.51180267333984 125.0
113.3163070678711 111.0
151.08946228027344 146.0
133.15243530273438 130.0
109.74259948730469 120.0
134.06246948242188 134.0
116.3601303100586 126.0
135.43768310546875 136.0
149.23220825195312 153.0
161.3496551513672 167.0
130.1669158935547 133.0
115.3183822631836 116.0
110.9320068359375 106.0
116.5328598022461 120.0
152.62271118164062 161.0
112.22040557861328 129.0
142.59495544433594 150.0
130.84629821777344 130.0
103.1458511352539 110.0
112.09153747558594 127.0
122.4486312866211 126.0
135.65692138671875 134.0
146.45840454101562 144.0
105.73229217529297 114.0
97.88556671142578 111.0
122.73298645019531 134.0
130.03414916992188 128.0
153.81698608398438 158.0
111.57670593261719 110.0
151.41192626953125 153.0
148.4401397705078 149.0
159.1614990234375 162.0
124.28755950927734 132.0
109.51322174072266 117.0
102.52420806884766 122.0
152.505126953125 159.0
115.05195617675781 126.0
130.7024383544922 154.0
115.05046844482422 132.0
107.96617889404297 124.0
100.77733612060547 112.0
108.1148681640625 119.0
126.73188781738281 139.0
149.79519653320312 167.0
115.56566619873047 135.0
146.23104858398438 160.0
104.74787139892578 122.0
108.81063842773438 118.0
158.80613708496094 176.0
153.3221435546875 169.0
109.5075912475586 127.0
120.61276245117188 134.0
106.22718811035156 121.0
108.43307495117188 122.0
110.94338989257812 128.0
146.31671142578125 154.0
103.10008239746094 108.0
145.6678466796875 155.0
155.57247924804688 167.0
111.91607666015625 130.0
105.47745513916016 115.0
155.64447021484375 167.0
130.9033966064453 148.0
152.95767211914062 171.0
104.10875701904297 111.0
103.3150405883789 122.0
96.8055419921875 106.0
105.89897918701172 114.0
130.37081909179688 143.0
134.76646423339844 144.0
96.78199768066406 114.0
116.86935424804688 125.0
102.29776000976562 111.0
141.29318237304688 146.0
122.71232604980469 130.0
99.83033752441406 120.0
123.49639892578125 134.0
113.68370056152344 126.0
125.8653564453125 136.0
141.8484649658203 153.0
148.75570678710938 167.0
120.21321105957031 133.0
105.54119110107422 116.0
98.49730682373047 106.0
105.88833618164062 120.0
142.09375 161.0
108.01535034179688 129.0
137.14939880371094 150.0
116.89521789550781 130.0
94.194580078125 110.0
108.65718841552734 127.0
117.53343963623047 126.0
132.61416625976562 134.0
144.1324920654297 144.0
98.15802001953125 114.0
88.98981475830078 111.0
113.17657470703125 134.0
119.69734191894531 128.0
142.09600830078125 158.0
102.15481567382812 110.0
143.46766662597656 153.0
135.78082275390625 149.0
151.66717529296875 162.0
109.03306579589844 132.0
104.33991241455078 117.0
103.16690826416016 122.0
156.60581970214844 159.0
118.40349578857422 126.0
138.37911987304688 154.0
119.71603393554688 132.0
111.73076629638672 124.0
101.0697021484375 112.0
113.10813903808594 119.0
129.59442138671875 139.0
155.85177612304688 167.0
116.41824340820312 135.0
148.56182861328125 160.0
110.43125915527344 122.0
112.50033569335938 118.0
165.87997436523438 176.0
160.68153381347656 169.0
113.27181243896484 127.0
127.18186950683594 134.0
106.92488098144531 121.0
108.07257843017578 122.0
117.1330337524414 128.0
150.07557678222656 154.0
108.11592864990234 108.0
151.3065185546875 155.0
154.287841796875 167.0
118.06279754638672 130.0
112.0606918334961 115.0
161.5182647705078 167.0
133.44554138183594 148.0
154.0816192626953 171.0
106.69020080566406 111.0
107.33186340332031 122.0
98.94620513916016 106.0
109.68106842041016 114.0
137.9763946533203 143.0
140.78787231445312 144.0
96.96427154541016 114.0
113.17298889160156 125.0
106.92424011230469 111.0
147.1431884765625 146.0
128.49844360351562 130.0
103.57392883300781 120.0
129.93743896484375 134.0
114.73003387451172 126.0
129.34793090820312 136.0
145.11044311523438 153.0
154.4716796875 167.0
125.31282806396484 133.0
108.97416687011719 116.0
105.515869140625 106.0
111.7848129272461 120.0
148.97882080078125 161.0
108.64942169189453 129.0
138.5377655029297 150.0
123.86619567871094 130.0
98.88983917236328 110.0
107.5484619140625 127.0
118.41180419921875 126.0
129.62603759765625 134.0
142.0634765625 144.0
100.41596984863281 114.0
91.89088439941406 111.0
118.41683959960938 134.0
123.87229919433594 128.0
146.9351348876953 158.0
105.86045837402344 110.0
148.75193786621094 153.0
141.04623413085938 149.0
153.5091094970703 162.0
119.01587677001953 132.0
107.25962829589844 117.0
94.45155334472656 122.0
163.13409423828125 159.0
121.83834838867188 126.0
142.2310791015625 154.0
122.99699401855469 132.0
115.82353973388672 124.0
107.79073333740234 112.0
117.78695678710938 119.0
134.23699951171875 139.0
160.4076690673828 167.0
122.71281433105469 135.0
152.56044006347656 160.0
113.90958404541016 122.0
117.12983703613281 118.0
170.43310546875 176.0
165.182861328125 169.0
118.57708740234375 127.0
133.1284637451172 134.0
112.05291748046875 121.0
114.44404602050781 122.0
122.59259796142578 128.0
156.9156036376953 154.0
111.19844055175781 108.0
155.75892639160156 155.0
161.87374877929688 167.0
123.1434326171875 130.0
115.37311553955078 115.0
163.83169555664062 167.0
137.61724853515625 148.0
160.80780029296875 171.0
110.02261352539062 111.0
112.24385070800781 122.0
106.25283813476562 106.0
112.89714813232422 114.0
142.07186889648438 143.0
145.7335662841797 144.0
102.75267028808594 114.0
120.43135070800781 125.0
112.19828033447266 111.0
150.32205200195312 146.0
132.7802734375 130.0
107.57528686523438 120.0
133.60601806640625 134.0
119.63793182373047 126.0
134.4517364501953 136.0
148.97116088867188 153.0
159.87887573242188 167.0
130.7801971435547 133.0
115.04939270019531 116.0
108.63483428955078 106.0
115.08856201171875 120.0
152.3446044921875 161.0
112.93914794921875 129.0
144.43283081054688 150.0
128.4119110107422 130.0
101.80500030517578 110.0
112.3993148803711 127.0
122.85693359375 126.0
137.7455596923828 134.0
148.88064575195312 144.0
105.93966674804688 114.0
97.01569366455078 111.0
121.89370727539062 134.0
128.83753967285156 128.0
153.2965087890625 158.0
110.9691162109375 110.0
151.69664001464844 153.0
146.62057495117188 149.0
160.74826049804688 162.0
123.10492706298828 132.0
110.39110565185547 117.0
104.14704895019531 122.0
161.31690979003906 159.0
119.79695129394531 126.0
139.51910400390625 154.0
121.23159790039062 132.0
114.41505432128906 124.0
107.0961685180664 112.0
116.47254943847656 119.0
132.22572326660156 139.0
157.03689575195312 167.0
121.09162139892578 135.0
150.43504333496094 160.0
111.87779998779297 122.0
115.27764892578125 118.0
171.00282287597656 176.0
162.0965576171875 169.0
116.44732666015625 127.0
131.28717041015625 134.0
110.97686767578125 121.0
113.96331024169922 122.0
121.074462890625 128.0
154.5748291015625 154.0
109.48365783691406 108.0
152.8556671142578 155.0
159.94981384277344 167.0
122.18446350097656 130.0
113.82292175292969 115.0
161.236328125 167.0
136.83811950683594 148.0
158.41580200195312 171.0
108.80931091308594 111.0
111.2252197265625 122.0
104.67876434326172 106.0
111.49024963378906 114.0
139.2052001953125 143.0
142.6316375732422 144.0
101.71556091308594 114.0
118.88153839111328 125.0
110.98648071289062 111.0
147.6837615966797 146.0
130.61007690429688 130.0
105.93993377685547 120.0
131.03594970703125 134.0
119.14773559570312 126.0
132.98934936523438 136.0
146.92723083496094 153.0
159.5560302734375 167.0
129.11996459960938 133.0
113.45375061035156 116.0
106.96536254882812 106.0
113.1899185180664 120.0
149.45217895507812 161.0
112.45950317382812 129.0
142.81138610839844 150.0
127.2750015258789 130.0
100.59994506835938 110.0
111.58770751953125 127.0
122.151123046875 126.0
135.7289276123047 134.0
147.2735137939453 144.0
105.44963073730469 114.0
96.58521270751953 111.0
120.1941909790039 134.0
125.9527359008789 128.0
151.69139099121094 158.0
109.67707061767578 110.0
149.1502685546875 153.0
144.236083984375 149.0
158.60406494140625 162.0
120.92076873779297 132.0
109.9002914428711 117.0
103.70317840576172 122.0
161.14151000976562 159.0
120.49771118164062 126.0
141.00619506835938 154.0
121.76234436035156 132.0
115.2171401977539 124.0
106.83416748046875 112.0
116.47572326660156 119.0
132.7070770263672 139.0
158.27313232421875 167.0
122.0689926147461 135.0
150.8928680419922 160.0
112.27115631103516 122.0
115.9508056640625 118.0
168.12677001953125 176.0
163.11346435546875 169.0
117.17957305908203 127.0
132.0298309326172 134.0
110.59271240234375 121.0
113.39692687988281 122.0
121.24708557128906 128.0
155.41041564941406 154.0
109.78804016113281 108.0
153.77745056152344 155.0
159.97117614746094 167.0
122.42627716064453 130.0
113.81265258789062 115.0
161.48794555664062 167.0
136.42440795898438 148.0
159.65664672851562 171.0
109.23002624511719 111.0
111.82730102539062 122.0
105.48876953125 106.0
111.90278625488281 114.0
140.0443878173828 143.0
143.8768310546875 144.0
101.97816467285156 114.0
119.26264953613281 125.0
111.45750427246094 111.0
148.50279235839844 146.0
130.85955810546875 130.0
106.188232421875 120.0
131.52818298339844 134.0
118.48042297363281 126.0
132.82252502441406 136.0
147.7373504638672 153.0
158.4385223388672 167.0
129.34329223632812 133.0
113.60154724121094 116.0
107.1266860961914 106.0
113.89591979980469 120.0
149.94717407226562 161.0
111.96188354492188 129.0
142.1866455078125 150.0
126.66110229492188 130.0
100.78282165527344 110.0
111.11968231201172 127.0
121.67118072509766 126.0
136.41665649414062 134.0
147.62937927246094 144.0
104.5452880859375 114.0
96.68960571289062 111.0
120.64823150634766 134.0
126.97618865966797 128.0
151.33303833007812 158.0
109.73345184326172 110.0
149.6595458984375 153.0
144.80584716796875 149.0
159.2640838623047 162.0
121.45588684082031 132.0
109.75287628173828 117.0
103.89743041992188 122.0
161.17578125 159.0
120.57115173339844 126.0
140.51870727539062 154.0
121.52117919921875 132.0
115.03450012207031 124.0
106.84274291992188 112.0
116.9163818359375 119.0
133.6001434326172 139.0
158.61700439453125 167.0
121.89158630371094 135.0
151.83192443847656 160.0
112.41337585449219 122.0
115.89112091064453 118.0
171.74896240234375 176.0
163.30935668945312 169.0
116.94393920898438 127.0
131.1824188232422 134.0
110.32687377929688 121.0
113.35646057128906 122.0
120.67927551269531 128.0
155.57223510742188 154.0
109.81613159179688 108.0
154.24412536621094 155.0
159.37339782714844 167.0
121.84188842773438 130.0
113.94859313964844 115.0
162.37249755859375 167.0
137.35791015625 148.0
159.5618896484375 171.0
109.51100158691406 111.0
111.54713439941406 122.0
105.22620391845703 106.0
112.05415344238281 114.0
140.45994567871094 143.0
143.6186065673828 144.0
101.78225708007812 114.0
118.84449768066406 125.0
111.15978240966797 111.0
148.66029357910156 146.0
131.25599670410156 130.0
106.64149475097656 120.0
131.85330200195312 134.0
118.57083129882812 126.0
132.6488494873047 136.0
148.1146240234375 153.0
160.67166137695312 167.0
128.65057373046875 133.0
113.87493896484375 116.0
107.14720916748047 106.0
113.7667465209961 120.0
150.49765014648438 161.0
111.68042755126953 129.0
142.38438415527344 150.0
126.4233627319336 130.0
100.94100952148438 110.0
110.63348388671875 127.0
121.67190551757812 126.0
136.1664276123047 134.0
147.40402221679688 144.0
105.68125915527344 114.0
97.0975570678711 111.0
120.936767578125 134.0
126.64747619628906 128.0
151.6553955078125 158.0
109.5579833984375 110.0
150.2652130126953 153.0
143.78001403808594 149.0
159.62208557128906 162.0
121.2438735961914 132.0
109.74146270751953 117.0
103.52810668945312 122.0
163.33746337890625 159.0
122.36469268798828 126.0
143.02597045898438 154.0
123.40050506591797 132.0
116.87198638916016 124.0
108.67302703857422 112.0
118.6050033569336 119.0
134.76031494140625 139.0
160.67364501953125 167.0
123.7567138671875 135.0
153.5914306640625 160.0
114.25042724609375 122.0
117.84718322753906 118.0
172.731201171875 176.0
166.023681640625 169.0
119.53294372558594 127.0
134.00096130371094 134.0
112.04310607910156 121.0
115.31194305419922 122.0
123.21726989746094 128.0
157.76280212402344 154.0
111.69095611572266 108.0
156.1305694580078 155.0
162.1641845703125 167.0
124.49319458007812 130.0
115.93232727050781 115.0
164.50563049316406 167.0
138.2666015625 148.0
161.92791748046875 171.0
111.09435272216797 111.0
113.58413696289062 122.0
107.17218017578125 106.0
113.62616729736328 114.0
142.39549255371094 143.0
146.2244415283203 144.0
103.94844818115234 114.0
121.08939361572266 125.0
113.56588745117188 111.0
151.0172576904297 146.0
133.57492065429688 130.0
108.26177978515625 120.0
134.02706909179688 134.0
120.20752716064453 126.0
134.84349060058594 136.0
149.9737548828125 153.0
162.1108856201172 167.0
131.3204345703125 133.0
115.98573303222656 116.0
109.30645751953125 106.0
115.80531311035156 120.0
152.3378448486328 161.0
113.1527099609375 129.0
144.41026306152344 150.0
128.96600341796875 130.0
102.61898040771484 110.0
112.55973052978516 127.0
123.40437316894531 126.0
138.4352264404297 134.0
149.42698669433594 144.0
106.93071746826172 114.0
98.52423858642578 111.0
122.73626708984375 134.0
129.11306762695312 128.0
153.7229766845703 158.0
111.60576629638672 110.0
152.2254180908203 153.0
147.13063049316406 149.0
161.62103271484375 162.0
123.9278564453125 132.0
111.14180755615234 117.0
105.52217102050781 122.0
162.53085327148438 159.0
121.20130157470703 126.0
141.14785766601562 154.0
122.07421875 132.0
115.58055877685547 124.0
107.442138671875 112.0
116.76968383789062 119.0
132.82833862304688 139.0
158.33917236328125 167.0
122.11550903320312 135.0
151.53208923339844 160.0
112.6669921875 122.0
116.36399841308594 118.0
172.4476318359375 176.0
163.72259521484375 169.0
117.97489166259766 127.0
133.15281677246094 134.0
111.24250793457031 121.0
113.98410034179688 122.0
122.23009490966797 128.0
155.9047088623047 154.0
110.1505126953125 108.0
154.14515686035156 155.0
161.3651123046875 167.0
123.33013153076172 130.0
114.47029113769531 115.0
162.40773010253906 167.0
137.0083770751953 148.0
159.8194580078125 171.0
109.34721374511719 111.0
111.98471069335938 122.0
105.65570068359375 106.0
112.20885467529297 114.0
140.2285919189453 143.0
144.0936737060547 144.0
102.42913055419922 114.0
119.72816467285156 125.0
111.94788360595703 111.0
148.84092712402344 146.0
131.70066833496094 130.0
106.78657531738281 120.0
131.90353393554688 134.0
119.14579010009766 126.0
134.44740295410156 136.0
147.9956512451172 153.0
161.17221069335938 167.0
129.65931701660156 133.0
114.09428405761719 116.0
107.7066421508789 106.0
114.1694564819336 120.0
150.35548400878906 161.0
112.7392349243164 129.0
143.50955200195312 150.0
128.387451171875 130.0
101.00371551513672 110.0
112.10490417480469 127.0
122.87130737304688 126.0
136.1952667236328 134.0
148.11334228515625 144.0
105.80517578125 114.0
96.94906616210938 111.0
120.95780944824219 134.0
127.53715515136719 128.0
152.97438049316406 158.0
110.47132110595703 110.0
150.1968994140625 153.0
146.2635955810547 149.0
160.15594482421875 162.0
122.37116241455078 132.0
110.40936279296875 117.0
104.04588317871094 122.0
160.24591064453125 159.0
120.539794921875 126.0
140.91783142089844 154.0
121.64964294433594 132.0
114.32786560058594 124.0
105.71466827392578 112.0
116.88212585449219 119.0
132.68028259277344 139.0
158.1148223876953 167.0
121.33340454101562 135.0
151.477783203125 160.0
112.42729949951172 122.0
115.63870239257812 118.0
170.75039672851562 176.0
163.2724609375 169.0
117.25101470947266 127.0
130.87274169921875 134.0
109.01995086669922 121.0
112.16997528076172 122.0
120.28977966308594 128.0
154.52243041992188 154.0
109.99749755859375 108.0
153.77455139160156 155.0
159.03265380859375 167.0
121.44007873535156 130.0
114.11417388916016 115.0
161.98333740234375 167.0
135.7047576904297 148.0
159.1769561767578 171.0
109.3201904296875 111.0
110.84675598144531 122.0
104.44186401367188 106.0
111.81624603271484 114.0
140.07850646972656 143.0
143.7924346923828 144.0
101.71023559570312 114.0
118.3319091796875 125.0
111.0886001586914 111.0
148.92251586914062 146.0
131.18124389648438 130.0
107.08155059814453 120.0
131.88279724121094 134.0
117.67052459716797 126.0
132.06773376464844 136.0
147.8350830078125 153.0
159.50376892089844 167.0
128.15499877929688 133.0
113.46820831298828 116.0
107.73664855957031 106.0
114.06382751464844 120.0
150.2598876953125 161.0
110.72602844238281 129.0
141.2422637939453 150.0
127.23812866210938 130.0
101.22349548339844 110.0
110.08464813232422 127.0
120.9801025390625 126.0
134.44850158691406 134.0
146.0815887451172 144.0
105.1672592163086 114.0
96.60137176513672 111.0
120.86246490478516 134.0
126.94037628173828 128.0
150.72312927246094 158.0
109.14915466308594 110.0
149.99472045898438 153.0
144.18699645996094 149.0
158.4980926513672 162.0
121.50251007080078 132.0
108.85282135009766 117.0
102.99400329589844 122.0
160.5514678955078 159.0
120.0489730834961 126.0
140.46737670898438 154.0
121.08137512207031 132.0
114.51212310791016 124.0
106.4085922241211 112.0
115.84551239013672 119.0
132.27926635742188 139.0
157.9647979736328 167.0
120.66326141357422 135.0
150.7957763671875 160.0
111.59982299804688 122.0
114.93434143066406 118.0
171.17864990234375 176.0
162.50025939941406 169.0
116.4033432006836 127.0
130.98626708984375 134.0
110.92407989501953 121.0
113.04612731933594 122.0
120.33329772949219 128.0
154.75633239746094 154.0
109.07349395751953 108.0
153.56417846679688 155.0
158.91360473632812 167.0
121.517333984375 130.0
113.16080474853516 115.0
161.56307983398438 167.0
135.92190551757812 148.0
157.92955017089844 171.0
108.79287719726562 111.0
110.99485778808594 122.0
104.52916717529297 106.0
111.3870849609375 114.0
139.62506103515625 143.0
143.2996368408203 144.0
101.06048583984375 114.0
118.24560546875 125.0
110.55223083496094 111.0
147.8712158203125 146.0
130.3101348876953 130.0
105.93643188476562 120.0
130.87612915039062 134.0
118.44927978515625 126.0
132.32046508789062 136.0
147.10971069335938 153.0
159.91310119628906 167.0
128.33973693847656 133.0
112.79557037353516 116.0
106.42329406738281 106.0
113.23252868652344 120.0
149.78778076171875 161.0
111.37277221679688 129.0
142.4918975830078 150.0
127.36466217041016 130.0
100.56967163085938 110.0
110.17059326171875 127.0
120.88320922851562 126.0
136.24655151367188 134.0
147.6614990234375 144.0
104.39097595214844 114.0
96.21090698242188 111.0
120.51334381103516 134.0
126.00228881835938 128.0
151.36441040039062 158.0
108.99565887451172 110.0
149.2479705810547 153.0
144.32579040527344 149.0
158.51052856445312 162.0
121.24111938476562 132.0
109.30789947509766 117.0
102.19829559326172 122.0
159.6049346923828 159.0
119.44100189208984 126.0
139.3954620361328 154.0
120.47734069824219 132.0
113.75987243652344 124.0
106.10610961914062 112.0
115.71197509765625 119.0
131.7324676513672 139.0
156.68727111816406 167.0
120.47238159179688 135.0
150.39883422851562 160.0
111.13713073730469 122.0
114.59196472167969 118.0
170.42059326171875 176.0
161.96180725097656 169.0
116.33175659179688 127.0
130.15213012695312 134.0
109.04641723632812 121.0
112.45340728759766 122.0
119.88169860839844 128.0
153.83709716796875 154.0
108.87300872802734 108.0
152.52932739257812 155.0
158.7932891845703 167.0
121.14517211914062 130.0
112.77202606201172 115.0
160.76905822753906 167.0
135.41343688964844 148.0
157.854248046875 171.0
108.10527038574219 111.0
110.14246368408203 122.0
104.40164184570312 106.0
110.78923797607422 114.0
138.72596740722656 143.0
142.631103515625 144.0
100.98262023925781 114.0
118.12187194824219 125.0
110.43096923828125 111.0
147.23294067382812 146.0
129.8685302734375 130.0
105.39862060546875 120.0
130.47584533691406 134.0
117.82282257080078 126.0
131.56875610351562 136.0
146.36154174804688 153.0
159.09608459472656 167.0
128.0736846923828 133.0
113.06253814697266 116.0
106.45455169677734 106.0
112.71062469482422 120.0
148.8358917236328 161.0
110.66404724121094 129.0
140.79629516601562 150.0
126.17476654052734 130.0
99.90670776367188 110.0
109.74874877929688 127.0
120.56919860839844 126.0
134.30862426757812 134.0
146.19361877441406 144.0
104.11781311035156 114.0
95.748046875 111.0
119.61174774169922 134.0
125.65528106689453 128.0
150.3314971923828 158.0
108.59050750732422 110.0
148.30718994140625 153.0
143.87220764160156 149.0
157.910888671875 162.0
120.248779296875 132.0
108.58457946777344 117.0
102.55021667480469 122.0
160.5054473876953 159.0
120.00643920898438 126.0
139.71046447753906 154.0
121.12689971923828 132.0
114.69671630859375 124.0
106.93994903564453 112.0
115.83956146240234 119.0
131.42816162109375 139.0
156.86264038085938 167.0
121.11349487304688 135.0
150.0542449951172 160.0
111.66144561767578 122.0
115.14262390136719 118.0
169.91946411132812 176.0
162.3309326171875 169.0
116.69985961914062 127.0
131.49575805664062 134.0
110.07177734375 121.0
113.24615478515625 122.0
120.63882446289062 128.0
154.50486755371094 154.0
109.32462310791016 108.0
152.4423065185547 155.0
159.63438415527344 167.0
122.07464599609375 130.0
113.1613540649414 115.0
160.9449920654297 167.0
135.7074737548828 148.0
158.21229553222656 171.0
108.73023223876953 111.0
110.97582244873047 122.0
104.94757843017578 106.0
111.31130981445312 114.0
138.79788208007812 143.0
142.9091796875 144.0
101.45391082763672 114.0
118.67765045166016 125.0
110.95469665527344 111.0
147.52627563476562 146.0
130.38204956054688 130.0
105.724853515625 120.0
130.73822021484375 134.0
118.74048614501953 126.0
132.98220825195312 136.0
146.80963134765625 153.0
159.04324340820312 167.0
128.71282958984375 133.0
113.31913757324219 116.0
106.79722595214844 106.0
113.13726806640625 120.0
148.94650268554688 161.0
111.68608856201172 129.0
141.50479125976562 150.0
127.24470520019531 130.0
100.27631378173828 110.0
110.79817199707031 127.0
121.32072448730469 126.0
134.84091186523438 134.0
146.70802307128906 144.0
104.54383850097656 114.0
95.94035339355469 111.0
120.14875030517578 134.0
126.07837677001953 128.0
151.28103637695312 158.0
109.31908416748047 110.0
149.00579833984375 153.0
144.48875427246094 149.0
158.3876190185547 162.0
121.2078857421875 132.0
109.65365600585938 117.0
102.98932647705078 122.0
