229.72457885742188 159.0
187.438720703125 126.0
206.1443634033203 154.0
184.5492706298828 132.0
198.2149658203125 124.0
232.6793212890625 112.0
224.4476776123047 119.0
185.11790466308594 139.0
203.58087158203125 167.0
230.73098754882812 135.0
174.54144287109375 160.0
182.88858032226562 122.0
206.97418212890625 118.0
127.4609375 176.0
210.59786987304688 169.0
197.89190673828125 127.0
264.0990295410156 134.0
262.4757385253906 121.0
220.44598388671875 122.0
241.47433471679688 128.0
211.8018798828125 154.0
169.38711547851562 108.0
188.19146728515625 155.0
247.1110382080078 167.0
257.7364501953125 130.0
179.20452880859375 115.0
164.73451232910156 167.0
154.80462646484375 148.0
254.51034545898438 171.0
169.06488037109375 111.0
226.57916259765625 122.0
246.47174072265625 106.0
187.099365234375 114.0
193.93446350097656 143.0
210.4606475830078 144.0
269.61444091796875 114.0
290.30767822265625 125.0
259.1995849609375 111.0
211.57948303222656 146.0
218.4813690185547 130.0
188.82264709472656 120.0
186.04220581054688 134.0
205.84359741210938 126.0
255.16844177246094 136.0
189.99783325195312 153.0
133.20562744140625 167.0
250.70938110351562 133.0
231.70912170410156 116.0
165.59068298339844 106.0
195.50120544433594 120.0
182.31832885742188 161.0
225.24620056152344 129.0
234.35308837890625 150.0
162.7394561767578 130.0
186.49822998046875 110.0
226.7852783203125 127.0
205.3843994140625 126.0
318.9580078125 134.0
265.61328125 144.0
212.55348205566406 114.0
189.4710235595703 111.0
180.79513549804688 134.0
199.09620666503906 128.0
206.31532287597656 158.0
234.87384033203125 110.0
172.3305206298828 153.0
205.21334838867188 149.0
211.8046112060547 162.0
219.097412109375 132.0
194.8612060546875 117.0
393.05780029296875 122.0
141.21588134765625 159.0
114.97415924072266 126.0
130.5884552001953 154.0
106.38723754882812 132.0
101.8606948852539 124.0
105.79625701904297 112.0
119.97682189941406 119.0
114.77629852294922 139.0
132.9846649169922 167.0
111.36981201171875 135.0
101.1083755493164 160.0
95.70973205566406 122.0
107.28388977050781 118.0
85.85313415527344 176.0
126.56411743164062 169.0
120.90633392333984 127.0
155.70144653320312 134.0
145.33363342285156 121.0
112.22736358642578 122.0
141.40457153320312 128.0
118.14745330810547 154.0
93.84506225585938 108.0
120.96611022949219 155.0
139.1117706298828 167.0
130.5760498046875 130.0
108.95018005371094 115.0
100.80101013183594 167.0
98.74180603027344 148.0
139.05441284179688 171.0
95.93026733398438 111.0
106.80841827392578 122.0
107.75264739990234 106.0
99.77731323242188 114.0
128.61209106445312 143.0
131.719482421875 144.0
126.3388900756836 114.0
154.88983154296875 125.0
127.88096618652344 111.0
124.30941772460938 146.0
122.41386413574219 130.0
103.52244567871094 120.0
123.55630493164062 134.0
100.0993423461914 126.0
147.2513427734375 136.0
107.74700927734375 153.0
98.17520904541016 167.0
136.1644744873047 133.0
125.12627410888672 116.0
103.65715789794922 106.0
112.19332122802734 120.0
118.94105529785156 161.0
112.12403869628906 129.0
136.59228515625 150.0
116.95201110839844 130.0
97.48037719726562 110.0
133.17066955566406 127.0
113.93759155273438 126.0
189.65191650390625 134.0
148.60946655273438 144.0
105.76397705078125 114.0
94.42814636230469 111.0
108.17503356933594 134.0
129.8907470703125 128.0
133.75775146484375 158.0
126.94096374511719 110.0
94.60771179199219 153.0
140.8166046142578 149.0
116.2515869140625 162.0
127.21483612060547 132.0
97.37103271484375 117.0
160.78097534179688 122.0
12.797534942626953 159.0
30.298194885253906 126.0
32.35792541503906 154.0
16.303939819335938 132.0
16.30776596069336 124.0
9.901561737060547 112.0
7.708375930786133 119.0
10.611824989318848 139.0
18.063880920410156 167.0
17.82325553894043 135.0
23.180498123168945 160.0
20.65135955810547 122.0
15.08637523651123 118.0
3.9696614742279053 176.0
33.40094757080078 169.0
38.11378479003906 127.0
31.459585189819336 134.0
10.361228942871094 121.0
8.197465896606445 122.0
26.18456268310547 128.0
10.53221321105957 154.0
25.855854034423828 108.0
16.18038558959961 155.0
45.72722244262695 167.0
19.479999542236328 130.0
34.77721405029297 115.0
26.354705810546875 167.0
1.531514286994934 148.0
27.737945556640625 171.0
12.051376342773438 111.0
7.572318077087402 122.0
7.605731010437012 106.0
12.439010620117188 114.0
16.59612274169922 143.0
41.42125701904297 144.0
9.686020851135254 114.0
18.458127975463867 125.0
29.977008819580078 111.0
33.73947525024414 146.0
23.257495880126953 130.0
15.07645320892334 120.0
42.52125930786133 134.0
11.037787437438965 126.0
19.870820999145508 136.0
22.87106704711914 153.0
14.502243995666504 167.0
25.616497039794922 133.0
30.139230728149414 116.0
36.796607971191406 106.0
21.53294563293457 120.0
14.64213752746582 161.0
12.783252716064453 129.0
4.307591915130615 150.0
31.82758331298828 130.0
8.260601997375488 110.0
20.27389907836914 127.0
9.835062026977539 126.0
35.4608154296875 134.0
24.75339698791504 144.0
3.7487447261810303 114.0
5.737497329711914 111.0
26.667234420776367 134.0
39.77799606323242 128.0
16.436519622802734 158.0
17.317901611328125 110.0
26.041702270507812 153.0
35.86198043823242 149.0
6.553714752197266 162.0
23.611555099487305 132.0
9.697223663330078 117.0
2.581632137298584 122.0
130.11654663085938 159.0
113.58357238769531 126.0
128.64259338378906 154.0
104.88361358642578 132.0
98.4930191040039 124.0
93.26795959472656 112.0
106.28819274902344 119.0
137.86428833007812 139.0
157.7188720703125 167.0
118.15069580078125 135.0
149.7132568359375 160.0
120.52806091308594 122.0
111.21117401123047 118.0
113.48587036132812 176.0
166.46331787109375 169.0
124.09598541259766 127.0
115.43315887451172 134.0
82.67133331298828 121.0
101.1185302734375 122.0
109.85220336914062 128.0
124.75408935546875 154.0
119.01824951171875 108.0
153.29122924804688 155.0
127.77717590332031 167.0
106.20399475097656 130.0
127.91864013671875 115.0
151.4822998046875 167.0
114.15929412841797 148.0
140.196533203125 171.0
100.1832504272461 111.0
98.80308532714844 122.0
95.99347686767578 106.0
99.37015533447266 114.0
141.53514099121094 143.0
138.54949951171875 144.0
100.9124755859375 114.0
109.10762023925781 125.0
113.3031005859375 111.0
154.015869140625 146.0
141.17715454101562 130.0
110.18745422363281 120.0
146.01673889160156 134.0
106.59085083007812 126.0
102.92575073242188 136.0
149.51260375976562 153.0
138.77801513671875 167.0
121.37556457519531 133.0
116.89398193359375 116.0
122.24945068359375 106.0
112.03280639648438 120.0
145.2607421875 161.0
83.60052490234375 129.0
107.2421875 150.0
122.82269287109375 130.0
101.53114318847656 110.0
92.37605285644531 127.0
92.0135269165039 126.0
113.26758575439453 134.0
123.84831237792969 144.0
105.11062622070312 114.0
100.62539672851562 111.0
119.20954132080078 134.0
128.95184326171875 128.0
126.37625122070312 158.0
104.56307220458984 110.0
130.24191284179688 153.0
125.14696502685547 149.0
117.97904968261719 162.0
127.678955078125 132.0
89.7358169555664 117.0
66.17781829833984 122.0
126.49253845214844 159.0
99.03419494628906 126.0
125.48023986816406 154.0
89.29695129394531 132.0
88.5333251953125 124.0
70.04156494140625 112.0
90.2706527709961 119.0
137.39215087890625 139.0
154.73495483398438 167.0
104.38679504394531 135.0
144.9400177001953 160.0
108.98387908935547 122.0
100.27999877929688 118.0
152.44639587402344 176.0
147.4544219970703 169.0
110.16537475585938 127.0
100.04058837890625 134.0
79.25361633300781 121.0
76.43379974365234 122.0
100.38468933105469 128.0
139.6807861328125 154.0
102.19710540771484 108.0
153.86392211914062 155.0
109.14179229736328 167.0
97.43572998046875 130.0
109.99047088623047 115.0
149.535888671875 167.0
123.05427551269531 148.0
116.29596710205078 171.0
98.67061614990234 111.0
100.45497131347656 122.0
76.7970962524414 106.0
91.95002746582031 114.0
141.0963134765625 143.0
131.99844360351562 144.0
85.66101837158203 114.0
79.58584594726562 125.0
82.48237609863281 111.0
137.16241455078125 146.0
113.70359802246094 130.0
101.53520202636719 120.0
127.41850280761719 134.0
81.08303833007812 126.0
87.7151870727539 136.0
132.5387420654297 153.0
155.04244995117188 167.0
95.77208709716797 133.0
95.4906005859375 116.0
104.40943145751953 106.0
105.56214141845703 120.0
146.54000854492188 161.0
79.8829116821289 129.0
115.31839752197266 150.0
125.94139862060547 130.0
96.00125885009766 110.0
66.2447738647461 127.0
83.03298950195312 126.0
78.89669799804688 134.0
124.33948516845703 144.0
98.74494934082031 114.0
107.6155776977539 111.0
119.85953521728516 134.0
108.7587890625 128.0
122.36993408203125 158.0
92.71591186523438 110.0
124.2870864868164 153.0
99.289794921875 149.0
126.3233642578125 162.0
128.05792236328125 132.0
92.51412963867188 117.0
36.15476608276367 122.0
173.084716796875 159.0
123.17133331298828 126.0
140.8122100830078 154.0
113.09005737304688 132.0
108.29338073730469 124.0
113.41776275634766 112.0
123.39805603027344 119.0
146.3042755126953 139.0
167.40625 167.0
137.57907104492188 135.0
169.9278106689453 160.0
125.46817779541016 122.0
124.65763092041016 118.0
178.97743225097656 176.0
177.5641632080078 169.0
136.11373901367188 127.0
137.45416259765625 134.0
104.91209411621094 121.0
125.87742614746094 122.0
127.67967224121094 128.0
162.04095458984375 154.0
121.4471435546875 108.0
163.26022338867188 155.0
153.15948486328125 167.0
123.34629821777344 130.0
126.97900390625 115.0
175.88519287109375 167.0
145.775146484375 148.0
163.51564025878906 171.0
108.32637023925781 111.0
116.96627044677734 122.0
117.83264923095703 106.0
114.26276397705078 114.0
144.99908447265625 143.0
154.3567352294922 144.0
124.2601089477539 114.0
131.75750732421875 125.0
124.57023620605469 111.0
163.3851318359375 146.0
151.69500732421875 130.0
116.5660629272461 120.0
147.52645874023438 134.0
125.20504760742188 126.0
124.92375183105469 136.0
160.1101837158203 153.0
171.55221557617188 167.0
144.02381896972656 133.0
125.36529541015625 116.0
124.20024108886719 106.0
120.27715301513672 120.0
153.4640655517578 161.0
104.91206359863281 129.0
141.15628051757812 150.0
137.23109436035156 130.0
109.82949829101562 110.0
112.10466766357422 127.0
117.35415649414062 126.0
127.94972229003906 134.0
155.3617706298828 144.0
122.98294067382812 114.0
120.696533203125 111.0
128.90333557128906 134.0
137.88755798339844 128.0
158.56442260742188 158.0
121.11978912353516 110.0
155.04771423339844 153.0
146.50831604003906 149.0
159.70501708984375 162.0
140.525634765625 132.0
108.50623321533203 117.0
89.77316284179688 122.0
200.86598205566406 159.0
160.92852783203125 126.0
173.70004272460938 154.0
149.22080993652344 132.0
146.99752807617188 124.0
161.73696899414062 112.0
146.56300354003906 119.0
158.0872802734375 139.0
179.9165496826172 167.0
162.35446166992188 135.0
182.717041015625 160.0
143.93055725097656 122.0
153.88522338867188 118.0
180.887939453125 176.0
188.6056671142578 169.0
176.36936950683594 127.0
185.2516632080078 134.0
142.81275939941406 121.0
168.7710723876953 122.0
173.1840362548828 128.0
186.5357208251953 154.0
145.7335205078125 108.0
176.9645233154297 155.0
203.353515625 167.0
161.911865234375 130.0
148.3371124267578 115.0
188.61415100097656 167.0
166.55474853515625 148.0
192.45606994628906 171.0
138.40463256835938 111.0
151.73419189453125 122.0
157.271484375 106.0
145.0915069580078 114.0
160.5015411376953 143.0
186.4309844970703 144.0
168.11325073242188 114.0
196.42991638183594 125.0
159.4712677001953 111.0
174.73728942871094 146.0
169.4057159423828 130.0
134.2410430908203 120.0
167.7462615966797 134.0
166.0595245361328 126.0
168.95291137695312 136.0
171.17152404785156 153.0
191.30186462402344 167.0
191.59449768066406 133.0
165.9524383544922 116.0
147.18234252929688 106.0
146.48068237304688 120.0
166.7680206298828 161.0
146.17054748535156 129.0
165.28692626953125 150.0
168.80885314941406 130.0
131.0885009765625 110.0
168.03253173828125 127.0
161.1843719482422 126.0
176.04766845703125 134.0
191.08416748046875 144.0
143.22657775878906 114.0
147.70132446289062 111.0
156.7646484375 134.0
181.64846801757812 128.0
190.35452270507812 158.0
163.7437744140625 110.0
171.69435119628906 153.0
203.62889099121094 149.0
187.54562377929688 162.0
168.83761596679688 132.0
143.3306884765625 117.0
156.6379852294922 122.0
129.82652282714844 159.0
81.20292663574219 126.0
100.26618957519531 154.0
77.42208862304688 132.0
77.72477722167969 124.0
77.03180694580078 112.0
88.39092254638672 119.0
103.40167236328125 139.0
118.56396484375 167.0
92.56549072265625 135.0
115.35257720947266 160.0
79.23976135253906 122.0
81.51925659179688 118.0
134.9603729248047 176.0
116.98419952392578 169.0
89.50502014160156 127.0
97.87752532958984 134.0
93.53807067871094 121.0
85.36231994628906 122.0
94.32840728759766 128.0
116.1591796875 154.0
76.89549255371094 108.0
116.09212493896484 155.0
117.13116455078125 167.0
92.72063446044922 130.0
84.69853973388672 115.0
120.2283935546875 167.0
106.5262222290039 148.0
111.32373046875 171.0
73.91866302490234 111.0
82.74534606933594 122.0
76.92799377441406 106.0
76.15409088134766 114.0
101.01017761230469 143.0
107.10337829589844 144.0
80.04296875 114.0
95.50371551513672 125.0
82.85551452636719 111.0
108.86519622802734 146.0
95.19780731201172 130.0
80.81694793701172 120.0
98.9017105102539 134.0
85.73335266113281 126.0
100.00254821777344 136.0
108.939208984375 153.0
127.44786834716797 167.0
100.25884246826172 133.0
83.56751251220703 116.0
81.7000961303711 106.0
83.12890625 120.0
108.10284423828125 161.0
82.71064758300781 129.0
114.90547180175781 150.0
100.75519561767578 130.0
75.45800018310547 110.0
86.40482330322266 127.0
91.1198959350586 126.0
107.72148132324219 134.0
118.53558349609375 144.0
82.41053771972656 114.0
79.5944595336914 111.0
90.09425354003906 134.0
90.93362426757812 128.0
119.53316497802734 158.0
84.16559600830078 110.0
103.1851806640625 153.0
102.01828002929688 149.0
112.89717102050781 162.0
96.54875183105469 132.0
81.90998077392578 117.0
73.43981170654297 122.0
143.64419555664062 159.0
109.59243774414062 126.0
120.09143829345703 154.0
91.15655517578125 132.0
96.14089965820312 124.0
96.30282592773438 112.0
78.57994079589844 119.0
104.2618408203125 139.0
126.5546875 167.0
109.68209838867188 135.0
134.70249938964844 160.0
103.96418762207031 122.0
105.22927856445312 118.0
112.97978210449219 176.0
146.28367614746094 169.0
112.35872650146484 127.0
112.21636962890625 134.0
121.27326965332031 121.0
109.4673843383789 122.0
108.065673828125 128.0
113.93048095703125 154.0
100.86739349365234 108.0
123.08805847167969 155.0
160.25405883789062 167.0
103.49662017822266 130.0
105.55217742919922 115.0
149.44842529296875 167.0
106.93168640136719 148.0
119.5022201538086 171.0
83.81234741210938 111.0
81.48255920410156 122.0
94.09312438964844 106.0
82.38040161132812 114.0
109.04736328125 143.0
137.8166961669922 144.0
76.1833724975586 114.0
114.94110107421875 125.0
101.5073471069336 111.0
134.43212890625 146.0
116.0255126953125 130.0
78.80590057373047 120.0
132.61734008789062 134.0
118.39599609375 126.0
128.911865234375 136.0
134.84803771972656 153.0
144.11520385742188 167.0
124.38008117675781 133.0
105.55714416503906 116.0
99.25520324707031 106.0
96.91033935546875 120.0
116.53864288330078 161.0
100.31794738769531 129.0
136.89341735839844 150.0
111.56349182128906 130.0
71.88114929199219 110.0
120.64818572998047 127.0
106.95002746582031 126.0
139.66566467285156 134.0
150.5720977783203 144.0
70.72584533691406 114.0
66.69840240478516 111.0
102.6135025024414 134.0
116.28711700439453 128.0
138.75270080566406 158.0
87.07943725585938 110.0
121.63507080078125 153.0
137.20606994628906 149.0
102.50897216796875 162.0
103.89869689941406 132.0
103.96218872070312 117.0
33.93126678466797 122.0
168.88771057128906 159.0
125.69025421142578 126.0
138.87033081054688 154.0
121.7625961303711 132.0
111.55760192871094 124.0
116.80120849609375 112.0
125.31358337402344 119.0
140.65562438964844 139.0
163.89039611816406 167.0
129.4847412109375 135.0
158.6551971435547 160.0
116.3925552368164 122.0
121.622802734375 118.0
180.5797119140625 176.0
163.12730407714844 169.0
128.7464141845703 127.0
137.80419921875 134.0
112.36045837402344 121.0
125.00947570800781 122.0
131.0673828125 128.0
157.1442108154297 154.0
114.52093505859375 108.0
159.9666748046875 155.0
159.76513671875 167.0
128.8502197265625 130.0
120.2614974975586 115.0
166.3045196533203 167.0
145.02320861816406 148.0
159.23974609375 171.0
107.16485595703125 111.0
117.15132904052734 122.0
116.13471221923828 106.0
113.51283264160156 114.0
143.98135375976562 143.0
151.52854919433594 144.0
113.06973266601562 114.0
137.05577087402344 125.0
117.97111511230469 111.0
151.85086059570312 146.0
141.80908203125 130.0
114.11409759521484 120.0
137.85858154296875 134.0
125.51158905029297 126.0
141.27774047851562 136.0
151.8138427734375 153.0
162.05242919921875 167.0
143.09815979003906 133.0
121.10469055175781 116.0
115.12710571289062 106.0
114.65748596191406 120.0
151.938232421875 161.0
118.66114807128906 129.0
145.8275909423828 150.0
131.85980224609375 130.0
109.80131530761719 110.0
124.08650970458984 127.0
126.62590789794922 126.0
139.94473266601562 134.0
148.7452392578125 144.0
118.46530151367188 114.0
107.42948150634766 111.0
124.07658386230469 134.0
132.38458251953125 128.0
160.8828125 158.0
121.89973449707031 110.0
149.65225219726562 153.0
149.44247436523438 149.0
161.14154052734375 162.0
131.45220947265625 132.0
114.49944305419922 117.0
119.77949523925781 122.0
185.52598571777344 159.0
144.60598754882812 126.0
165.10430908203125 154.0
142.75198364257812 132.0
134.82839965820312 124.0
118.48136901855469 112.0
141.67315673828125 119.0
169.56570434570312 139.0
195.24424743652344 167.0
151.4702606201172 135.0
190.2708740234375 160.0
136.76316833496094 122.0
143.96966552734375 118.0
186.5619354248047 176.0
191.22018432617188 169.0
145.2551727294922 127.0
146.579345703125 134.0
119.72584533691406 121.0
128.4032745361328 122.0
146.85923767089844 128.0
186.1084442138672 154.0
134.99850463867188 108.0
191.866943359375 155.0
183.756103515625 167.0
142.04904174804688 130.0
144.32907104492188 115.0
198.4604949951172 167.0
164.88717651367188 148.0
182.70455932617188 171.0
129.91680908203125 111.0
138.56527709960938 122.0
126.47721099853516 106.0
134.30067443847656 114.0
171.77621459960938 143.0
180.0857391357422 144.0
130.52626037597656 114.0
147.0198974609375 125.0
137.2256317138672 111.0
179.54168701171875 146.0
159.42567443847656 130.0
130.5214385986328 120.0
163.68580627441406 134.0
131.20193481445312 126.0
155.48577880859375 136.0
182.00888061523438 153.0
180.10643005371094 167.0
155.05850219726562 133.0
135.49966430664062 116.0
137.13441467285156 106.0
137.83670043945312 120.0
182.50384521484375 161.0
130.46585083007812 129.0
163.12451171875 150.0
141.1178741455078 130.0
131.02206420898438 110.0
133.46798706054688 127.0
142.34979248046875 126.0
153.7535858154297 134.0
164.50299072265625 144.0
131.792724609375 114.0
125.6353759765625 111.0
147.81436157226562 134.0
150.61813354492188 128.0
178.4561767578125 158.0
134.48049926757812 110.0
182.32130432128906 153.0
161.4936981201172 149.0
185.77027893066406 162.0
152.91998291015625 132.0
130.53433227539062 117.0
117.4928970336914 122.0
137.4671630859375 159.0
102.45822143554688 126.0
112.6900863647461 154.0
98.79364013671875 132.0
94.55525207519531 124.0
92.17147827148438 112.0
90.50234985351562 119.0
115.57075500488281 139.0
133.91445922851562 167.0
109.93565368652344 135.0
130.67530822753906 160.0
95.2884292602539 122.0
99.71729278564453 118.0
124.03659057617188 176.0
128.6825714111328 169.0
101.1682357788086 127.0
106.18203735351562 134.0
84.67756652832031 121.0
98.65123748779297 122.0
105.35877227783203 128.0
123.94367218017578 154.0
93.66838073730469 108.0
129.87750244140625 155.0
139.46450805664062 167.0
106.57595825195312 130.0
97.44145202636719 115.0
136.51438903808594 167.0
118.87581634521484 148.0
124.73124694824219 171.0
92.70954895019531 111.0
98.61498260498047 122.0
90.48410034179688 106.0
90.59138488769531 114.0
117.467041015625 143.0
120.79273986816406 144.0
88.6994857788086 114.0
102.14820861816406 125.0
97.73035430908203 111.0
120.91148376464844 146.0
104.48300170898438 130.0
87.38937377929688 120.0
109.6114501953125 134.0
101.14620208740234 126.0
118.0253677368164 136.0
128.31207275390625 153.0
137.32916259765625 167.0
110.41829681396484 133.0
93.66725158691406 116.0
92.48350524902344 106.0
91.93047332763672 120.0
122.1132583618164 161.0
103.32658386230469 129.0
118.68147277832031 150.0
105.63091278076172 130.0
85.7965316772461 110.0
102.93358612060547 127.0
105.73880767822266 126.0
111.55440521240234 134.0
119.19193267822266 144.0
88.12445831298828 114.0
90.38138580322266 111.0
100.76741027832031 134.0
103.67845153808594 128.0
135.89532470703125 158.0
94.06090545654297 110.0
120.7012710571289 153.0
117.36309814453125 149.0
122.47538757324219 162.0
102.77412414550781 132.0
100.26343536376953 117.0
55.948116302490234 122.0
135.556884765625 159.0
106.75688171386719 126.0
116.01142120361328 154.0
104.45099639892578 132.0
106.80781555175781 124.0
98.01336669921875 112.0
107.15753173828125 119.0
121.2037124633789 139.0
141.0745086669922 167.0
113.67738342285156 135.0
146.57272338867188 160.0
99.7583999633789 122.0
108.35447692871094 118.0
154.9801483154297 176.0
142.84014892578125 169.0
108.37704467773438 127.0
109.20008850097656 134.0
95.21601867675781 121.0
106.01203918457031 122.0
108.24185943603516 128.0
134.1785888671875 154.0
100.46376037597656 108.0
134.0039520263672 155.0
133.176513671875 167.0
111.95205688476562 130.0
104.00112915039062 115.0
152.93032836914062 167.0
119.41099548339844 148.0
139.96380615234375 171.0
101.1254653930664 111.0
111.06273651123047 122.0
102.255126953125 106.0
101.4260025024414 114.0
115.29048919677734 143.0
126.74826049804688 144.0
108.40984344482422 114.0
121.01231384277344 125.0
103.53123474121094 111.0
134.63906860351562 146.0
121.32331848144531 130.0
96.09232330322266 120.0
116.25033569335938 134.0
103.24374389648438 126.0
115.60342407226562 136.0
142.60182189941406 153.0
148.0295867919922 167.0
118.30896759033203 133.0
102.56282043457031 116.0
96.79757690429688 106.0
95.99163818359375 120.0
127.30714416503906 161.0
100.21890258789062 129.0
122.01081085205078 150.0
117.66556549072266 130.0
94.12455749511719 110.0
103.7415542602539 127.0
107.14401245117188 126.0
130.1632537841797 134.0
136.66851806640625 144.0
101.50702667236328 114.0
100.97471618652344 111.0
108.59786987304688 134.0
107.94639587402344 128.0
128.02005004882812 158.0
101.67427825927734 110.0
139.463623046875 153.0
119.72832489013672 149.0
139.02059936523438 162.0
106.43020629882812 132.0
100.47418212890625 117.0
120.03170013427734 122.0
150.45472717285156 159.0
110.29055786132812 126.0
125.9885482788086 154.0
106.97771453857422 132.0
102.64427185058594 124.0
99.73336029052734 112.0
105.13861083984375 119.0
123.77823638916016 139.0
148.88784790039062 167.0
116.1296157836914 135.0
140.4272003173828 160.0
102.73931121826172 122.0
103.99535369873047 118.0
159.832763671875 176.0
147.1143798828125 169.0
110.22474670410156 127.0
115.00689697265625 134.0
101.36373901367188 121.0
107.81009674072266 122.0
110.25636291503906 128.0
136.67428588867188 154.0
104.02852630615234 108.0
143.8793182373047 155.0
149.62448120117188 167.0
109.84489440917969 130.0
108.07685089111328 115.0
151.1952362060547 167.0
127.74465942382812 148.0
145.3955535888672 171.0
95.24745178222656 111.0
99.61319732666016 122.0
99.1361083984375 106.0
100.10232543945312 114.0
126.60298156738281 143.0
133.48777770996094 144.0
96.44580841064453 114.0
118.37702941894531 125.0
106.77854919433594 111.0
134.41268920898438 146.0
123.43195343017578 130.0
96.45779418945312 120.0
123.5911865234375 134.0
107.58500671386719 126.0
119.36631774902344 136.0
139.20095825195312 153.0
150.99734497070312 167.0
122.76667022705078 133.0
103.62947082519531 116.0
103.77288055419922 106.0
100.58697509765625 120.0
133.873779296875 161.0
102.62791442871094 129.0
125.83260345458984 150.0
113.15910339355469 130.0
91.58116912841797 110.0
108.67643737792969 127.0
111.86466979980469 126.0
132.19403076171875 134.0
140.42498779296875 144.0
98.51824188232422 114.0
92.21919250488281 111.0
108.26185607910156 134.0
116.28121948242188 128.0
143.57472229003906 158.0
102.45832824707031 110.0
137.31698608398438 153.0
126.71369934082031 149.0
141.83383178710938 162.0
115.02577209472656 132.0
99.27742767333984 117.0
97.56230163574219 122.0
184.92489624023438 159.0
133.70953369140625 126.0
152.62693786621094 154.0
134.8343048095703 132.0
123.68518829345703 124.0
127.4451904296875 112.0
135.62252807617188 119.0
149.5622100830078 139.0
174.5631866455078 167.0
137.5393829345703 135.0
164.6260223388672 160.0
124.0522232055664 122.0
129.59054565429688 118.0
183.0055694580078 176.0
168.7825469970703 169.0
135.76036071777344 127.0
151.67703247070312 134.0
119.32078552246094 121.0
137.3411102294922 122.0
145.45814514160156 128.0
166.5887451171875 154.0
125.7482681274414 108.0
169.375244140625 155.0
180.65443420410156 167.0
141.75067138671875 130.0
129.94334411621094 115.0
174.43417358398438 167.0
155.55169677734375 148.0
172.5431671142578 171.0
119.41168212890625 111.0
124.93775939941406 122.0
119.59805297851562 106.0
123.8743667602539 114.0
151.9681396484375 143.0
163.21749877929688 144.0
125.07292938232422 114.0
144.96176147460938 125.0
128.17054748535156 111.0
159.5810089111328 146.0
144.00534057617188 130.0
122.17390441894531 120.0
149.54734802246094 134.0
133.92674255371094 126.0
153.89805603027344 136.0
160.3660888671875 153.0
166.31790161132812 167.0
164.52992248535156 133.0
130.50108337402344 116.0
125.43938446044922 106.0
123.9412612915039 120.0
162.17745971679688 161.0
134.5379180908203 129.0
157.6574249267578 150.0
141.06011962890625 130.0
116.60496520996094 110.0
142.39195251464844 127.0
143.34715270996094 126.0
161.41944885253906 134.0
164.7625732421875 144.0
124.09022521972656 114.0
113.53948974609375 111.0
132.69740295410156 134.0
141.01710510253906 128.0
173.58230590820312 158.0
137.15005493164062 110.0
162.51390075683594 153.0
163.7570037841797 149.0
169.0689697265625 162.0
137.5079345703125 132.0
125.44654846191406 117.0
134.99925231933594 122.0
152.04541015625 159.0
119.26141357421875 126.0
135.71066284179688 154.0
117.43528747558594 132.0
114.53750610351562 124.0
103.56038665771484 112.0
116.20540618896484 119.0
126.22820281982422 139.0
155.58505249023438 167.0
120.09005737304688 135.0
144.3177947998047 160.0
112.75684356689453 122.0
115.7081298828125 118.0
171.9597930908203 176.0
154.7442169189453 169.0
114.69969177246094 127.0
123.46859741210938 134.0
90.13331604003906 121.0
112.46261596679688 122.0
120.83639526367188 128.0
144.56900024414062 154.0
110.60274505615234 108.0
148.49436950683594 155.0
145.30882263183594 167.0
123.80046844482422 130.0
114.24593353271484 115.0
158.474365234375 167.0
130.03561401367188 148.0
147.78868103027344 171.0
104.07443237304688 111.0
110.67040252685547 122.0
105.38121795654297 106.0
109.57990264892578 114.0
134.90541076660156 143.0
142.48544311523438 144.0
103.10179138183594 114.0
118.2494125366211 125.0
110.09086608886719 111.0
144.80645751953125 146.0
132.9834442138672 130.0
105.85548400878906 120.0
129.6470947265625 134.0
114.44721221923828 126.0
127.25542449951172 136.0
143.2574920654297 153.0
156.52513122558594 167.0
128.36257934570312 133.0
108.03429412841797 116.0
104.585693359375 106.0
109.84140014648438 120.0
142.780029296875 161.0
109.32437896728516 129.0
125.96521759033203 150.0
124.51717376708984 130.0
101.24044036865234 110.0
109.99874877929688 127.0
116.61261749267578 126.0
125.07771301269531 134.0
133.10025024414062 144.0
108.0287857055664 114.0
96.28376007080078 111.0
116.35907745361328 134.0
120.73454284667969 128.0
143.61924743652344 158.0
110.40738677978516 110.0
143.3673553466797 153.0
130.25588989257812 149.0
146.8663787841797 162.0
125.343994140625 132.0
106.71500396728516 117.0
95.33332061767578 122.0
171.13955688476562 159.0
124.8453140258789 126.0
139.47300720214844 154.0
121.82640075683594 132.0
113.61650848388672 124.0
127.62532806396484 112.0
119.21194458007812 119.0
137.09066772460938 139.0
162.46475219726562 167.0
135.05477905273438 135.0
157.21604919433594 160.0
118.55675506591797 122.0
122.40948486328125 118.0
172.97799682617188 176.0
163.90420532226562 169.0
131.07093811035156 127.0
137.46380615234375 134.0
118.27095031738281 121.0
139.6244354248047 122.0
135.97760009765625 128.0
157.33169555664062 154.0
118.07991027832031 108.0
157.2937469482422 155.0
179.98471069335938 167.0
129.83912658691406 130.0
118.44754791259766 115.0
162.0090789794922 167.0
139.35462951660156 148.0
169.77569580078125 171.0
108.96973419189453 111.0
109.61014556884766 122.0
126.845947265625 106.0
115.61975860595703 114.0
137.22674560546875 143.0
152.30105590820312 144.0
122.25617218017578 114.0
151.83709716796875 125.0
128.9358367919922 111.0
146.5363311767578 146.0
135.53182983398438 130.0
112.3006591796875 120.0
135.8031005859375 134.0
131.31964111328125 126.0
137.6094970703125 136.0
150.45065307617188 153.0
162.09146118164062 167.0
160.96495056152344 133.0
126.61676025390625 116.0
114.14363098144531 106.0
115.98541259765625 120.0
145.7969970703125 161.0
124.06110382080078 129.0
137.9889373779297 150.0
136.63412475585938 130.0
102.86444854736328 110.0
136.8500518798828 127.0
125.85287475585938 126.0
163.02645874023438 134.0
172.32769775390625 144.0
116.66637420654297 114.0
104.25528717041016 111.0
123.31507873535156 134.0
136.38771057128906 128.0
155.1890869140625 158.0
131.45651245117188 110.0
149.29095458984375 153.0
161.63050842285156 149.0
163.45587158203125 162.0
123.6137466430664 132.0
113.59165954589844 117.0
140.1322479248047 122.0
146.03466796875 159.0
110.55076599121094 126.0
124.81497192382812 154.0
110.17498779296875 132.0
102.72968292236328 124.0
99.39922332763672 112.0
100.15558624267578 119.0
124.75242614746094 139.0
145.15313720703125 167.0
114.07080841064453 135.0
146.08502197265625 160.0
106.03389739990234 122.0
107.10127258300781 118.0
171.84947204589844 176.0
146.35397338867188 169.0
110.75621795654297 127.0
110.96018981933594 134.0
97.56887817382812 121.0
109.87971496582031 122.0
109.63014221191406 128.0
136.13522338867188 154.0
104.98077392578125 108.0
141.91099548339844 155.0
147.78968811035156 167.0
113.87043762207031 130.0
108.34911346435547 115.0
158.67147827148438 167.0
126.47789001464844 148.0
145.304443359375 171.0
98.13356018066406 111.0
102.64897918701172 122.0
96.75426483154297 106.0
100.37932586669922 114.0
123.72312927246094 143.0
134.29391479492188 144.0
89.66612243652344 114.0
108.1892318725586 125.0
101.16566467285156 111.0
138.1222381591797 146.0
122.29843139648438 130.0
94.9054946899414 120.0
121.04714965820312 134.0
112.17184448242188 126.0
120.97602844238281 136.0
142.76296997070312 153.0
160.61026000976562 167.0
121.27627563476562 133.0
97.86474609375 116.0
98.99354553222656 106.0
98.05606842041016 120.0
134.79940795898438 161.0
103.2051010131836 129.0
122.39997863769531 150.0
121.2552490234375 130.0
92.80915069580078 110.0
107.26655578613281 127.0
109.02006530761719 126.0
121.35285186767578 134.0
134.96881103515625 144.0
98.0232925415039 114.0
93.37276458740234 111.0
110.26324462890625 134.0
110.51459503173828 128.0
138.77108764648438 158.0
99.44205474853516 110.0
143.36805725097656 153.0
125.68047332763672 149.0
142.07566833496094 162.0
111.11555480957031 132.0
102.10184478759766 117.0
93.24453735351562 122.0
140.20220947265625 159.0
108.55360412597656 126.0
122.34790802001953 154.0
109.6904296875 132.0
105.89401245117188 124.0
93.77256774902344 112.0
105.275634765625 119.0
114.77997589111328 139.0
140.7926025390625 167.0
116.1949234008789 135.0
137.18145751953125 160.0
105.89082336425781 122.0
109.38346862792969 118.0
139.15252685546875 176.0
145.05841064453125 169.0
106.59003448486328 127.0
112.96807861328125 134.0
97.71636962890625 121.0
100.35114288330078 122.0
108.94908142089844 128.0
130.84921264648438 154.0
103.74359893798828 108.0
133.33920288085938 155.0
140.3718719482422 167.0
114.03517150878906 130.0
107.37948608398438 115.0
149.33285522460938 167.0
122.10718536376953 148.0
139.888427734375 171.0
95.2203369140625 111.0
102.29334259033203 122.0
99.72166442871094 106.0
101.88483428955078 114.0
121.93692779541016 143.0
129.32896423339844 144.0
95.69110107421875 114.0
112.17884826660156 125.0
104.66580200195312 111.0
136.80130004882812 146.0
123.88101959228516 130.0
97.56271362304688 120.0
118.71771240234375 134.0
104.75148010253906 126.0
120.8526840209961 136.0
138.51210021972656 153.0
136.72177124023438 167.0
116.20063781738281 133.0
101.29097747802734 116.0
101.81947326660156 106.0
102.0213394165039 120.0
127.48695373535156 161.0
102.17923736572266 129.0
123.6664047241211 150.0
110.21312713623047 130.0
91.20673370361328 110.0
104.66011810302734 127.0
112.35388946533203 126.0
121.50202941894531 134.0
127.98455047607422 144.0
97.53555297851562 114.0
89.9952621459961 111.0
104.20654296875 134.0
109.74891662597656 128.0
134.15591430664062 158.0
99.37357330322266 110.0
136.9789581298828 153.0
115.19427490234375 149.0
137.33709716796875 162.0
113.78498840332031 132.0
101.68757629394531 117.0
97.98541259765625 122.0
111.00010681152344 159.0
114.69976806640625 126.0
139.87652587890625 154.0
107.91621398925781 132.0
109.34607696533203 124.0
58.96857833862305 112.0
84.43248748779297 119.0
70.47596740722656 139.0
140.15853881835938 167.0
91.91947937011719 135.0
115.0620346069336 160.0
106.33634948730469 122.0
97.66998291015625 118.0
94.05767059326172 176.0
150.20005798339844 169.0
103.81635284423828 127.0
109.76333618164062 134.0
66.99486541748047 121.0
49.50559997558594 122.0
101.60411071777344 128.0
86.95467376708984 154.0
106.56748962402344 108.0
130.727783203125 155.0
137.28024291992188 167.0
101.54423522949219 130.0
114.87220764160156 115.0
148.60586547851562 167.0
80.23978424072266 148.0
129.8084259033203 171.0
55.725215911865234 111.0
71.3259506225586 122.0
48.27790451049805 106.0
91.310302734375 114.0
114.53106689453125 143.0
137.2763214111328 144.0
69.9957275390625 114.0
70.36421203613281 125.0
97.6006088256836 111.0
143.90316772460938 146.0
112.68952941894531 130.0
96.20974731445312 120.0
120.68453216552734 134.0
61.73613739013672 126.0
110.36528015136719 136.0
116.49482727050781 153.0
106.73261260986328 167.0
99.74362182617188 133.0
78.11829376220703 116.0
114.39469909667969 106.0
106.00580596923828 120.0
123.51406860351562 161.0
85.07943725585938 129.0
93.73464965820312 150.0
114.96475219726562 130.0
91.39369201660156 110.0
93.23956298828125 127.0
93.24456787109375 126.0
84.00045013427734 134.0
102.14804077148438 144.0
69.05797576904297 114.0
46.56097412109375 111.0
94.38480377197266 134.0
117.87551879882812 128.0
110.28153991699219 158.0
90.08679962158203 110.0
141.78070068359375 153.0
120.24697875976562 149.0
87.69734191894531 162.0
116.48825073242188 132.0
86.80087280273438 117.0
26.371562957763672 122.0
169.15631103515625 159.0
124.02540588378906 126.0
144.1852264404297 154.0
126.34647369384766 132.0
118.43679809570312 124.0
108.61528015136719 112.0
120.2740707397461 119.0
140.68966674804688 139.0
165.8498077392578 167.0
127.7879638671875 135.0
156.3321533203125 160.0
119.07466125488281 122.0
120.28865051269531 118.0
178.34259033203125 176.0
164.497802734375 169.0
123.8876953125 127.0
129.39195251464844 134.0
111.4492416381836 121.0
120.29115295410156 122.0
125.640869140625 128.0
160.64060974121094 154.0
118.33763885498047 108.0
160.4080047607422 155.0
162.79200744628906 167.0
127.57852172851562 130.0
121.30973052978516 115.0
169.87078857421875 167.0
145.4615936279297 148.0
158.5634002685547 171.0
110.88619232177734 111.0
116.02063751220703 122.0
109.2196273803711 106.0
116.51724243164062 114.0
145.2919158935547 143.0
151.74046325683594 144.0
104.54474639892578 114.0
124.64861297607422 125.0
116.70320129394531 111.0
152.57391357421875 146.0
139.30325317382812 130.0
111.49495697021484 120.0
138.14988708496094 134.0
121.89718627929688 126.0
137.8590850830078 136.0
153.75302124023438 153.0
162.53868103027344 167.0
134.74205017089844 133.0
113.51716613769531 116.0
114.06546020507812 106.0
116.05699920654297 120.0
153.50946044921875 161.0
118.88053894042969 129.0
145.86856079101562 150.0
128.70045471191406 130.0
107.182861328125 110.0
120.06844329833984 127.0
125.42887878417969 126.0
141.36972045898438 134.0
150.9922637939453 144.0
110.16149139404297 114.0
102.23383331298828 111.0
124.59312438964844 134.0
127.67945861816406 128.0
156.0275115966797 158.0
113.91229248046875 110.0
155.07174682617188 153.0
140.1800994873047 149.0
161.4174041748047 162.0
129.88925170898438 132.0
115.24595642089844 117.0
109.06114196777344 122.0
167.4300537109375 159.0
122.89888763427734 126.0
142.2413330078125 154.0
125.62936401367188 132.0
117.02249908447266 124.0
108.42012023925781 112.0
117.0411605834961 119.0
138.45040893554688 139.0
164.30137634277344 167.0
125.81440734863281 135.0
154.09959411621094 160.0
117.23544311523438 122.0
118.11308288574219 118.0
171.91110229492188 176.0
162.59988403320312 169.0
120.47793579101562 127.0
127.46282958984375 134.0
112.26100158691406 121.0
120.22355651855469 122.0
123.40269470214844 128.0
157.59347534179688 154.0
115.92999267578125 108.0
159.06495666503906 155.0
162.06817626953125 167.0
124.59318542480469 130.0
120.07743835449219 115.0
167.6194305419922 167.0
143.33761596679688 148.0
158.2389373779297 171.0
108.40492248535156 111.0
113.79023742675781 122.0
108.38021850585938 106.0
114.90448760986328 114.0
144.25218200683594 143.0
149.24258422851562 144.0
101.73922729492188 114.0
122.5150146484375 125.0
113.90398406982422 111.0
151.53440856933594 146.0
137.05865478515625 130.0
108.97283172607422 120.0
136.0893096923828 134.0
122.89540100097656 126.0
137.1279296875 136.0
151.6883544921875 153.0
157.5962677001953 167.0
134.21981811523438 133.0
110.95491027832031 116.0
111.81156921386719 106.0
114.04545593261719 120.0
152.51025390625 161.0
119.72795104980469 129.0
142.16311645507812 150.0
125.34481811523438 130.0
104.91979217529297 110.0
120.76998901367188 127.0
123.49568176269531 126.0
140.1122283935547 134.0
149.5398712158203 144.0
107.104736328125 114.0
98.81629943847656 111.0
122.1671371459961 134.0
125.5030517578125 128.0
154.05552673339844 158.0
111.33087158203125 110.0
153.08692932128906 153.0
138.91236877441406 149.0
158.80638122558594 162.0
127.53428649902344 132.0
114.22325134277344 117.0
109.0912094116211 122.0
169.80029296875 159.0
123.86137390136719 126.0
144.52349853515625 154.0
125.72956848144531 132.0
117.98992156982422 124.0
111.50247192382812 112.0
119.29829406738281 119.0
135.99746704101562 139.0
164.39431762695312 167.0
126.46734619140625 135.0
153.03866577148438 160.0
117.10038757324219 122.0
119.26707458496094 118.0
174.14996337890625 176.0
164.02703857421875 169.0
123.00285339355469 127.0
130.80592346191406 134.0
114.43462371826172 121.0
122.31383514404297 122.0
125.99533081054688 128.0
157.85537719726562 154.0
116.22660064697266 108.0
158.6553955078125 155.0
163.81146240234375 167.0
125.55062866210938 130.0
121.0990982055664 115.0
167.9178924560547 167.0
142.57440185546875 148.0
159.8398895263672 171.0
106.1970443725586 111.0
113.29441833496094 122.0
108.96281433105469 106.0
114.83582305908203 114.0
143.62442016601562 143.0
151.22744750976562 144.0
103.52091217041016 114.0
126.03958129882812 125.0
116.23715209960938 111.0
152.49374389648438 146.0
137.9985809326172 130.0
109.6760482788086 120.0
137.38238525390625 134.0
125.86835479736328 126.0
138.84600830078125 136.0
151.63768005371094 153.0
159.4407196044922 167.0
136.28733825683594 133.0
113.70418548583984 116.0
113.36145782470703 106.0
115.83394622802734 120.0
151.89532470703125 161.0
121.70576477050781 129.0
144.20233154296875 150.0
125.79183197021484 130.0
103.6014404296875 110.0
123.56719207763672 127.0
125.02227783203125 126.0
146.03878784179688 134.0
153.57887268066406 144.0
106.94186401367188 114.0
97.41183471679688 111.0
121.13385772705078 134.0
128.27444458007812 128.0
155.37005615234375 158.0
112.23051452636719 110.0
153.4922637939453 153.0
142.80361938476562 149.0
159.29315185546875 162.0
129.31222534179688 132.0
114.88964080810547 117.0
110.58914184570312 122.0
172.64358520507812 159.0
128.08787536621094 126.0
147.89443969726562 154.0
130.0767059326172 132.0
122.53843688964844 124.0
114.132568359375 112.0
123.32742309570312 119.0
143.31378173828125 139.0
168.919189453125 167.0
131.72561645507812 135.0
158.46531677246094 160.0
121.41717529296875 122.0
123.8190689086914 118.0
180.80416870117188 176.0
169.00143432617188 169.0
127.35199737548828 127.0
132.8889923095703 134.0
115.74642944335938 121.0
125.10049438476562 122.0
129.29515075683594 128.0
164.00926208496094 154.0
119.79530334472656 108.0
163.56350708007812 155.0
165.80953979492188 167.0
130.47030639648438 130.0
123.47792053222656 115.0
171.99588012695312 167.0
147.81463623046875 148.0
165.21322631835938 171.0
113.75601196289062 111.0
119.8445816040039 122.0
113.970703125 106.0
120.12030029296875 114.0
148.42678833007812 143.0
156.21847534179688 144.0
108.95024871826172 114.0
129.78817749023438 125.0
119.28791809082031 111.0
156.45457458496094 146.0
141.65286254882812 130.0
113.85476684570312 120.0
140.42230224609375 134.0
128.31491088867188 126.0
141.73223876953125 136.0
156.590087890625 153.0
165.46287536621094 167.0
138.9285430908203 133.0
117.939697265625 116.0
116.42182159423828 106.0
118.85264587402344 120.0
156.78182983398438 161.0
124.3620834350586 129.0
147.09690856933594 150.0
130.9384002685547 130.0
108.69902801513672 110.0
125.01717376708984 127.0
128.77761840820312 126.0
145.60690307617188 134.0
155.02911376953125 144.0
113.21471405029297 114.0
105.63153839111328 111.0
127.37604522705078 134.0
131.8902587890625 128.0
159.2841796875 158.0
116.34622955322266 110.0
158.25460815429688 153.0
145.51365661621094 149.0
166.02880859375 162.0
132.8234405517578 132.0
118.69549560546875 117.0
115.90292358398438 122.0
172.950927734375 159.0
127.8018798828125 126.0
147.43516540527344 154.0
130.11520385742188 132.0
123.39816284179688 124.0
113.11773681640625 112.0
122.80867004394531 119.0
138.8631134033203 139.0
166.51564025878906 167.0
129.5421600341797 135.0
156.466796875 160.0
119.25595092773438 122.0
124.04705810546875 118.0
177.65390014648438 176.0
165.6842498779297 169.0
126.07784271240234 127.0
135.25430297851562 134.0
117.92564392089844 121.0
123.45205688476562 122.0
130.63787841796875 128.0
161.5638885498047 154.0
118.69316864013672 108.0
161.20420837402344 155.0
164.0755157470703 167.0
131.9905242919922 130.0
121.87373352050781 115.0
170.46656799316406 167.0
146.50559997558594 148.0
162.37794494628906 171.0
112.72383117675781 111.0
119.44245910644531 122.0
111.88398742675781 106.0
119.69032287597656 114.0
145.71719360351562 143.0
154.66403198242188 144.0
107.98883056640625 114.0
127.97187805175781 125.0
117.54273986816406 111.0
154.45346069335938 146.0
139.9965057373047 130.0
113.37113952636719 120.0
137.9127960205078 134.0
127.37042236328125 126.0
143.02438354492188 136.0
154.12359619140625 153.0
162.79391479492188 167.0
139.09693908691406 133.0
116.27366638183594 116.0
114.66036224365234 106.0
118.74458312988281 120.0
154.48751831054688 161.0
125.55894470214844 129.0
149.2570037841797 150.0
133.90463256835938 130.0
108.60042572021484 110.0
125.8955078125 127.0
129.7186279296875 126.0
144.51898193359375 134.0
153.5465850830078 144.0
112.66036224365234 114.0
103.73407745361328 111.0
126.05708312988281 134.0
131.3327178955078 128.0
159.37413024902344 158.0
117.42266845703125 110.0
156.91384887695312 153.0
145.70452880859375 149.0
163.23878479003906 162.0
133.26724243164062 132.0
119.64142608642578 117.0
113.63282775878906 122.0
166.25198364257812 159.0
118.84127807617188 126.0
140.66429138183594 154.0
122.8909912109375 132.0
116.05158996582031 124.0
108.14718627929688 112.0
118.89464569091797 119.0
133.23370361328125 139.0
158.65054321289062 167.0
123.60040283203125 135.0
147.197265625 160.0
113.06275939941406 122.0
116.22869873046875 118.0
169.0023956298828 176.0
157.77578735351562 169.0
118.51802825927734 127.0
128.4333038330078 134.0
111.46942138671875 121.0
117.32276153564453 122.0
123.82789611816406 128.0
154.2767333984375 154.0
112.84603118896484 108.0
153.0028076171875 155.0
155.46946716308594 167.0
125.72924041748047 130.0
116.17117309570312 115.0
159.5430908203125 167.0
140.1903839111328 148.0
154.43405151367188 171.0
107.30534362792969 111.0
113.13532257080078 122.0
106.20128631591797 106.0
113.00160217285156 114.0
138.33489990234375 143.0
146.07354736328125 144.0
103.1224365234375 114.0
122.54081726074219 125.0
112.83396911621094 111.0
146.1210479736328 146.0
132.66220092773438 130.0
107.15678405761719 120.0
130.89666748046875 134.0
120.91572570800781 126.0
136.17208862304688 136.0
146.50164794921875 153.0
156.38819885253906 167.0
132.93348693847656 133.0
109.62998962402344 116.0
108.4647445678711 106.0
112.75726318359375 120.0
147.0324249267578 161.0
119.47444915771484 129.0
143.75360107421875 150.0
126.52789306640625 130.0
101.98961639404297 110.0
118.04399108886719 127.0
123.8597412109375 126.0
140.18162536621094 134.0
148.22496032714844 144.0
107.37571716308594 114.0
98.2365951538086 111.0
119.46294403076172 134.0
123.59331512451172 128.0
153.0686492919922 158.0
111.18712615966797 110.0
147.29254150390625 153.0
137.81976318359375 149.0
155.73577880859375 162.0
125.45808410644531 132.0
113.01349639892578 117.0
110.17393493652344 122.0
163.41806030273438 159.0
122.05853271484375 126.0
141.054443359375 154.0
123.8941879272461 132.0
115.94282531738281 124.0
107.20982360839844 112.0
117.053466796875 119.0
136.07952880859375 139.0
160.1387481689453 167.0
122.98455810546875 135.0
150.07167053222656 160.0
113.2168960571289 122.0
116.91543579101562 118.0
164.6241455078125 176.0
157.9165496826172 169.0
118.89581298828125 127.0
126.09111022949219 134.0
110.79814147949219 121.0
116.2208023071289 122.0
122.84899139404297 128.0
153.72666931152344 154.0
111.87183380126953 108.0
154.61221313476562 155.0
155.21234130859375 167.0
123.27967071533203 130.0
115.78007507324219 115.0
162.14181518554688 167.0
139.6377716064453 148.0
155.0423126220703 171.0
108.69540405273438 111.0
112.60733032226562 122.0
105.30392456054688 106.0
113.7585220336914 114.0
140.47909545898438 143.0
147.05010986328125 144.0
102.99119567871094 114.0
122.01555633544922 125.0
111.21976470947266 111.0
147.53370666503906 146.0
132.746826171875 130.0
108.71573638916016 120.0
131.69915771484375 134.0
120.96393585205078 126.0
134.9606170654297 136.0
147.7906036376953 153.0
154.44305419921875 167.0
131.050048828125 133.0
110.69945526123047 116.0
108.03204345703125 106.0
113.37026977539062 120.0
148.8199462890625 161.0
118.33029174804688 129.0
140.54225158691406 150.0
124.41346740722656 130.0
103.40872192382812 110.0
118.13788604736328 127.0
122.12027740478516 126.0
139.4503173828125 134.0
146.25253295898438 144.0
107.63116455078125 114.0
99.38172149658203 111.0
121.33232116699219 134.0
124.90129852294922 128.0
151.38873291015625 158.0
109.38313293457031 110.0
149.21865844726562 153.0
137.59036254882812 149.0
155.5081787109375 162.0
126.09521484375 132.0
112.41747283935547 117.0
110.20814514160156 122.0
164.2704620361328 159.0
119.80136108398438 126.0
139.9639129638672 154.0
122.75830078125 132.0
116.9053726196289 124.0
108.33145141601562 112.0
115.39691162109375 119.0
131.466552734375 139.0
157.111328125 167.0
123.19660186767578 135.0
147.43313598632812 160.0
111.95307159423828 122.0
117.32878112792969 118.0
165.86546325683594 176.0
158.3297119140625 169.0
119.04327392578125 127.0
127.7149429321289 134.0
111.54264831542969 121.0
118.06088256835938 122.0
123.51774597167969 128.0
153.50650024414062 154.0
112.03266143798828 108.0
151.83290100097656 155.0
155.15818786621094 167.0
124.18342590332031 130.0
114.9795150756836 115.0
161.3529815673828 167.0
138.80819702148438 148.0
153.80978393554688 171.0
106.56686401367188 111.0
112.86812591552734 122.0
106.19224548339844 106.0
112.01666259765625 114.0
137.29623413085938 143.0
146.40379333496094 144.0
101.67387390136719 114.0
121.91421508789062 125.0
112.37338256835938 111.0
146.59706115722656 146.0
132.79666137695312 130.0
106.00389099121094 120.0
130.99172973632812 134.0
123.01055908203125 126.0
135.16693115234375 136.0
146.8240509033203 153.0
154.2476348876953 167.0
131.38096618652344 133.0
110.13894653320312 116.0
107.89220428466797 106.0
112.6680679321289 120.0
145.62652587890625 161.0
118.61978912353516 129.0
141.97300720214844 150.0
123.8209228515625 130.0
100.75719451904297 110.0
118.85910034179688 127.0
122.73751068115234 126.0
139.48043823242188 134.0
148.04855346679688 144.0
105.96265411376953 114.0
97.4593505859375 111.0
119.15280151367188 134.0
124.03974151611328 128.0
151.12916564941406 158.0
109.51799011230469 110.0
147.98367309570312 153.0
138.01162719726562 149.0
154.7552490234375 162.0
125.47195434570312 132.0
113.09635925292969 117.0
108.12677001953125 122.0
168.19488525390625 159.0
123.33688354492188 126.0
142.71693420410156 154.0
125.63694763183594 132.0
119.00816345214844 124.0
110.393310546875 112.0
118.55684661865234 119.0
137.7810821533203 139.0
162.45944213867188 167.0
126.10279846191406 135.0
153.46160888671875 160.0
116.0326156616211 122.0
119.25909423828125 118.0
172.71380615234375 176.0
162.9323272705078 169.0
122.1644287109375 127.0
129.26280212402344 134.0
114.0092544555664 121.0
120.1111831665039 122.0
124.65498352050781 128.0
158.1856231689453 154.0
114.77951049804688 108.0
158.0354461669922 155.0
161.30918884277344 167.0
125.77156066894531 130.0
118.27641296386719 115.0
166.28292846679688 167.0
143.20718383789062 148.0
159.6118621826172 171.0
108.41598510742188 111.0
113.77029418945312 122.0
108.05327606201172 106.0
115.24386596679688 114.0
142.0061798095703 143.0
150.9988250732422 144.0
103.55435180664062 114.0
125.71949005126953 125.0
115.69709777832031 111.0
151.41676330566406 146.0
136.37527465820312 130.0
108.775634765625 120.0
134.8941192626953 134.0
125.80326080322266 126.0
138.13038635253906 136.0
151.43081665039062 153.0
157.96592712402344 167.0
133.948486328125 133.0
113.21473693847656 116.0
110.83328247070312 106.0
115.2755126953125 120.0
151.22012329101562 161.0
121.12503814697266 129.0
145.82012939453125 150.0
125.87065887451172 130.0
103.20059204101562 110.0
122.21111297607422 127.0
125.71315002441406 126.0
145.43173217773438 134.0
152.19789123535156 144.0
107.69398498535156 114.0
98.8443832397461 111.0
121.9234390258789 134.0
127.09098815917969 128.0
155.35581970214844 158.0
111.27276611328125 110.0
154.10633850097656 153.0
141.5881805419922 149.0
160.53309631347656 162.0
126.72407531738281 132.0
115.5831298828125 117.0
112.3902816772461 122.0
163.2482452392578 159.0
117.47966003417969 126.0
136.887939453125 154.0
120.53199005126953 132.0
113.75968933105469 124.0
106.11531066894531 112.0
113.70394134521484 119.0
133.00502014160156 139.0
156.28021240234375 167.0
120.74645233154297 135.0
148.04428100585938 160.0
109.45378112792969 122.0
114.24801635742188 118.0
162.8475799560547 176.0
155.26242065429688 169.0
115.5849609375 127.0
122.8504409790039 134.0
109.5644760131836 121.0
116.34017181396484 122.0
119.1292953491211 128.0
152.38626098632812 154.0
109.14850616455078 108.0
150.38406372070312 155.0
155.0985565185547 167.0
120.8050537109375 130.0
112.4143295288086 115.0
159.72926330566406 167.0
138.38165283203125 148.0
152.52041625976562 171.0
106.35035705566406 111.0
110.23556518554688 122.0
103.67070007324219 106.0
110.40531158447266 114.0
136.28668212890625 143.0
142.85546875 144.0
100.43463134765625 114.0
120.8653335571289 125.0
108.94715881347656 111.0
143.97535705566406 146.0
130.29750061035156 130.0
103.69497680664062 120.0
129.38861083984375 134.0
121.21415710449219 126.0
133.12680053710938 136.0
146.50259399414062 153.0
151.54965209960938 167.0
128.7640380859375 133.0
107.75972747802734 116.0
104.53612518310547 106.0
109.62167358398438 120.0
145.30052185058594 161.0
117.87783813476562 129.0
140.93206787109375 150.0
120.48867797851562 130.0
99.1108627319336 110.0
117.8537826538086 127.0
121.46497344970703 126.0
138.61590576171875 134.0
147.50057983398438 144.0
103.22895812988281 114.0
95.04167938232422 111.0
117.66146850585938 134.0
121.08424377441406 128.0
149.5869903564453 158.0
106.08074188232422 110.0
147.11106872558594 153.0
135.41986083984375 149.0
153.86093139648438 162.0
119.65938568115234 132.0
111.44094848632812 117.0
109.60456848144531 122.0
163.44129943847656 159.0
121.9423828125 126.0
141.8436279296875 154.0
124.6529541015625 132.0
115.49667358398438 124.0
105.10371398925781 112.0
119.44949340820312 119.0
138.11178588867188 139.0
161.50918579101562 167.0
124.02854919433594 135.0
151.12986755371094 160.0
114.86211395263672 122.0
118.45698547363281 118.0
168.11737060546875 176.0
159.71353149414062 169.0
119.57862854003906 127.0
126.61798858642578 134.0
109.08321380615234 121.0
115.06288146972656 122.0
122.28160095214844 128.0
154.44175720214844 154.0
113.96157836914062 108.0
156.1868438720703 155.0
154.26907348632812 167.0
123.35618591308594 130.0
117.87022399902344 115.0
162.5054473876953 167.0
140.17892456054688 148.0
156.77403259277344 171.0
109.50379943847656 111.0
113.62390899658203 122.0
105.25900268554688 106.0
115.04340362548828 114.0
142.25587463378906 143.0
148.3933563232422 144.0
103.13513946533203 114.0
120.6138687133789 125.0
111.78861236572266 111.0
148.2978515625 146.0
135.31874084472656 130.0
109.2315444946289 120.0
133.6456298828125 134.0
120.8082275390625 126.0
133.52584838867188 136.0
148.649658203125 153.0
154.8484649658203 167.0
130.3892822265625 133.0
111.66383361816406 116.0
110.23175811767578 106.0
115.33312225341797 120.0
150.74072265625 161.0
116.31758880615234 129.0
140.7993621826172 150.0
126.28119659423828 130.0
104.3515625 110.0
116.27473449707031 127.0
122.44618225097656 126.0
136.46151733398438 134.0
145.08277893066406 144.0
109.65275573730469 114.0
100.91360473632812 111.0
122.59014892578125 134.0
125.79219055175781 128.0
151.21485900878906 158.0
110.16031646728516 110.0
151.05630493164062 153.0
137.03744506835938 149.0
158.16476440429688 162.0
127.24496459960938 132.0
111.7105712890625 117.0
109.18157196044922 122.0
157.83331298828125 159.0
116.92271423339844 126.0
137.30172729492188 154.0
120.6614990234375 132.0
111.90228271484375 124.0
97.86856842041016 112.0
111.71324920654297 119.0
132.76341247558594 139.0
155.8946533203125 167.0
119.23414611816406 135.0
146.31317138671875 160.0
109.5299301147461 122.0
113.32957458496094 118.0
160.3280792236328 176.0
154.7650604248047 169.0
114.13313293457031 127.0
121.69377136230469 134.0
102.534423828125 121.0
108.16751098632812 122.0
117.45747375488281 128.0
150.21974182128906 154.0
108.51531982421875 108.0
150.1705322265625 155.0
149.50396728515625 167.0
118.2434310913086 130.0
112.27545928955078 115.0
157.85943603515625 167.0
134.22625732421875 148.0
151.479248046875 171.0
105.26751708984375 111.0
108.45005798339844 122.0
101.4298324584961 106.0
110.11016845703125 114.0
137.88223266601562 143.0
143.16488647460938 144.0
96.48402404785156 114.0
113.2898941040039 125.0
106.93070220947266 111.0
143.25050354003906 146.0
129.92401123046875 130.0
102.80037689208984 120.0
128.60565185546875 134.0
113.57151794433594 126.0
129.4957733154297 136.0
143.44960021972656 153.0
147.76821899414062 167.0
124.41999053955078 133.0
105.9162368774414 116.0
105.00215148925781 106.0
110.3279037475586 120.0
145.5252685546875 161.0
111.84335327148438 129.0
135.28053283691406 150.0
120.25682830810547 130.0
99.5882797241211 110.0
111.63626861572266 127.0
117.50941467285156 126.0
128.20437622070312 134.0
138.82789611816406 144.0
102.6497802734375 114.0
94.70578002929688 111.0
118.28482055664062 134.0
121.32833862304688 128.0
145.8255157470703 158.0
104.76232147216797 110.0
145.77908325195312 153.0
132.44247436523438 149.0
152.2952117919922 162.0
122.1476821899414 132.0
107.09687805175781 117.0
99.72445678710938 122.0
162.8379669189453 159.0
119.2313003540039 126.0
140.5003662109375 154.0
123.11035919189453 132.0
115.71463012695312 124.0
105.1870346069336 112.0
114.70991516113281 119.0
135.65435791015625 139.0
158.32972717285156 167.0
123.43965911865234 135.0
149.94619750976562 160.0
112.45626068115234 122.0
117.3491439819336 118.0
164.54830932617188 176.0
158.8220672607422 169.0
116.65740966796875 127.0
124.83403015136719 134.0
107.45222473144531 121.0
115.41845703125 122.0
120.95153045654297 128.0
155.209228515625 154.0
111.447021484375 108.0
153.10028076171875 155.0
155.037109375 167.0
123.61849975585938 130.0
115.33195495605469 115.0
160.64413452148438 167.0
139.26168823242188 148.0
155.11373901367188 171.0
108.22566223144531 111.0
112.935302734375 122.0
105.3635025024414 106.0
112.14553833007812 114.0
140.0433807373047 143.0
145.47784423828125 144.0
100.92745971679688 114.0
119.04438781738281 125.0
111.59367370605469 111.0
147.2165985107422 146.0
133.435302734375 130.0
104.6491928100586 120.0
131.43228149414062 134.0
120.5180892944336 126.0
134.94281005859375 136.0
148.19354248046875 153.0
152.53594970703125 167.0
129.35043334960938 133.0
109.31021118164062 116.0
107.33229064941406 106.0
112.45723724365234 120.0
148.27523803710938 161.0
116.97986602783203 129.0
139.4083709716797 150.0
121.99928283691406 130.0
101.04753112792969 110.0
114.91903686523438 127.0
122.40655517578125 126.0
133.74945068359375 134.0
145.81875610351562 144.0
105.2210693359375 114.0
96.72769927978516 111.0
120.71340942382812 134.0
122.97449493408203 128.0
150.98779296875 158.0
107.03640747070312 110.0
148.87379455566406 153.0
134.50189208984375 149.0
156.70729064941406 162.0
123.96197509765625 132.0
112.23094940185547 117.0
105.69194793701172 122.0
167.34490966796875 159.0
121.96855163574219 126.0
141.44789123535156 154.0
123.99560546875 132.0
117.51680755615234 124.0
110.61981964111328 112.0
119.2596435546875 119.0
139.20538330078125 139.0
161.59982299804688 167.0
125.27076721191406 135.0
152.9570770263672 160.0
113.52423858642578 122.0
117.9858169555664 118.0
169.0435028076172 176.0
160.08078002929688 169.0
119.72952270507812 127.0
129.2118682861328 134.0
113.33697509765625 121.0
119.33757019042969 122.0
124.38032531738281 128.0
157.2724609375 154.0
112.2738037109375 108.0
156.93963623046875 155.0
159.71112060546875 167.0
124.6259536743164 130.0
116.3919677734375 115.0
164.80184936523438 167.0
142.90037536621094 148.0
158.26852416992188 171.0
109.79690551757812 111.0
114.51819610595703 122.0
107.53363800048828 106.0
114.81021118164062 114.0
142.74395751953125 143.0
147.7763214111328 144.0
106.05174255371094 114.0
125.9647216796875 125.0
113.28604125976562 111.0
149.68948364257812 146.0
134.47621154785156 130.0
107.6040267944336 120.0
132.7837677001953 134.0
126.41596984863281 126.0
137.2823486328125 136.0
151.54766845703125 153.0
156.0823211669922 167.0
133.1215362548828 133.0
112.86419677734375 116.0
108.82403564453125 106.0
115.6978759765625 120.0
151.2898712158203 161.0
121.31077575683594 129.0
145.4471435546875 150.0
125.387939453125 130.0
103.38040924072266 110.0
121.15060424804688 127.0
125.87933349609375 126.0
144.95262145996094 134.0
154.51937866210938 144.0
109.333740234375 114.0
100.28251647949219 111.0
122.14337158203125 134.0
126.05517578125 128.0
153.88653564453125 158.0
111.52163696289062 110.0
152.63436889648438 153.0
139.5789337158203 149.0
159.96878051757812 162.0
126.28483581542969 132.0
114.99461364746094 117.0
114.75357055664062 122.0
163.17733764648438 159.0
119.23622131347656 126.0
139.34661865234375 154.0
121.49282836914062 132.0
113.02554321289062 124.0
103.3214340209961 112.0
112.4533920288086 119.0
134.30081176757812 139.0
158.4057159423828 167.0
120.94578552246094 135.0
149.64715576171875 160.0
110.75147247314453 122.0
113.28416442871094 118.0
165.69068908691406 176.0
158.45120239257812 169.0
114.00621032714844 127.0
122.06411743164062 134.0
106.69287872314453 121.0
112.85873413085938 122.0
117.10802459716797 128.0
150.93943786621094 154.0
110.37663269042969 108.0
153.2547149658203 155.0
156.39028930664062 167.0
119.70344543457031 130.0
114.14154052734375 115.0
161.4615020751953 167.0
137.25469970703125 148.0
154.48004150390625 171.0
104.64954376220703 111.0
107.74494934082031 122.0
100.57955169677734 106.0
110.66863250732422 114.0
137.93431091308594 143.0
144.031982421875 144.0
96.54063415527344 114.0
118.80270385742188 125.0
110.05708312988281 111.0
146.80929565429688 146.0
131.56553649902344 130.0
104.06278228759766 120.0
130.61904907226562 134.0
118.77973175048828 126.0
132.27145385742188 136.0
147.6924285888672 153.0
152.53378295898438 167.0
128.40541076660156 133.0
106.59849548339844 116.0
106.33837890625 106.0
111.66688537597656 120.0
146.96408081054688 161.0
115.6330795288086 129.0
137.96371459960938 150.0
121.09486389160156 130.0
98.55986785888672 110.0
114.88981628417969 127.0
120.87934112548828 126.0
136.56382751464844 134.0
145.38095092773438 144.0
102.110107421875 114.0
92.80122375488281 111.0
117.87325286865234 134.0
121.79972839355469 128.0
151.14920043945312 158.0
104.18511199951172 110.0
150.6431884765625 153.0
133.73501586914062 149.0
153.52455139160156 162.0
120.70580291748047 132.0
109.88568115234375 117.0
104.81344604492188 122.0
164.79873657226562 159.0
120.69328308105469 126.0
140.06527709960938 154.0
123.45526123046875 132.0
117.2637939453125 124.0
106.60342407226562 112.0
114.80197143554688 119.0
134.79550170898438 139.0
158.16062927246094 167.0
123.0959243774414 135.0
149.7470703125 160.0
112.78765869140625 122.0
116.83821105957031 118.0
172.227294921875 176.0
158.54510498046875 169.0
118.89775848388672 127.0
127.34097290039062 134.0
108.39224243164062 121.0
115.89152526855469 122.0
122.10986328125 128.0
154.82908630371094 154.0
112.06281280517578 108.0
153.3844451904297 155.0
158.37936401367188 167.0
123.72966003417969 130.0
115.50756072998047 115.0
161.9581298828125 167.0
138.78631591796875 148.0
157.70108032226562 171.0
106.02945709228516 111.0
111.12679290771484 122.0
104.92435455322266 106.0
112.6492691040039 114.0
138.41441345214844 143.0
146.52789306640625 144.0
101.17877197265625 114.0
120.15863800048828 125.0
112.52095031738281 111.0
146.4541473388672 146.0
133.37393188476562 130.0
105.1398696899414 120.0
131.2311553955078 134.0
122.48243713378906 126.0
133.64169311523438 136.0
147.93722534179688 153.0
156.51235961914062 167.0
132.81298828125 133.0
109.66860961914062 116.0
108.79695129394531 106.0
113.39662170410156 120.0
146.96759033203125 161.0
117.08949279785156 129.0
140.08721923828125 150.0
128.00477600097656 130.0
100.90514373779297 110.0
117.76298522949219 127.0
123.38597106933594 126.0
138.22129821777344 134.0
147.95323181152344 144.0
105.99224853515625 114.0
96.44596862792969 111.0
119.46347045898438 134.0
125.06614685058594 128.0
152.298583984375 158.0
109.90408325195312 110.0
150.91668701171875 153.0
139.36227416992188 149.0
156.76953125 162.0
123.36398315429688 132.0
112.25737762451172 117.0
107.90266418457031 122.0
171.43032836914062 159.0
122.95516967773438 126.0
145.1290740966797 154.0
126.42933654785156 132.0
118.2323226928711 124.0
109.89639282226562 112.0
119.094482421875 119.0
140.68653869628906 139.0
163.87655639648438 167.0
126.43659973144531 135.0
154.1444549560547 160.0
116.45454406738281 122.0
119.44036865234375 118.0
172.4387664794922 176.0
163.83920288085938 169.0
121.55663299560547 127.0
129.67874145507812 134.0
114.06513214111328 121.0
120.6634750366211 122.0
124.33634185791016 128.0
161.0867919921875 154.0
114.8224105834961 108.0
159.06002807617188 155.0
162.22442626953125 167.0
125.92625427246094 130.0
118.86112976074219 115.0
166.57080078125 167.0
144.25701904296875 148.0
161.08204650878906 171.0
109.50556182861328 111.0
113.07841491699219 122.0
108.64105224609375 106.0
115.12496948242188 114.0
144.96080017089844 143.0
151.14112854003906 144.0
102.71133422851562 114.0
123.68040466308594 125.0
115.40846252441406 111.0
150.56033325195312 146.0
138.08163452148438 130.0
107.41903686523438 120.0
136.2975616455078 134.0
127.67573547363281 126.0
138.78428649902344 136.0
152.33016967773438 153.0
158.4185028076172 167.0
134.70614624023438 133.0
112.84220123291016 116.0
111.70124816894531 106.0
116.58069610595703 120.0
153.39903259277344 161.0
121.22052764892578 129.0
147.27117919921875 150.0
126.474853515625 130.0
102.38648986816406 110.0
120.68783569335938 127.0
126.38398742675781 126.0
147.9735870361328 134.0
156.24562072753906 144.0
107.86932373046875 114.0
98.19667053222656 111.0
123.26417541503906 134.0
128.33995056152344 128.0
159.13441467285156 158.0
111.22269439697266 110.0
154.6934356689453 153.0
141.96633911132812 149.0
163.34115600585938 162.0
126.92739868164062 132.0
115.23870849609375 117.0
108.52738189697266 122.0
168.95726013183594 159.0
124.03630828857422 126.0
142.6971893310547 154.0
127.11453247070312 132.0
117.58179473876953 124.0
109.63750457763672 112.0
118.22972106933594 119.0
140.75413513183594 139.0
162.15017700195312 167.0
126.1108627319336 135.0
154.10693359375 160.0
115.65904998779297 122.0
119.7889404296875 118.0
173.7918243408203 176.0
161.24624633789062 169.0
121.33260345458984 127.0
129.7714080810547 134.0
109.86552429199219 121.0
120.51017761230469 122.0
124.06480407714844 128.0
158.13697814941406 154.0
114.88028717041016 108.0
157.4537811279297 155.0
161.28231811523438 167.0
124.93055725097656 130.0
119.10076141357422 115.0
164.38168334960938 167.0
143.59829711914062 148.0
160.74420166015625 171.0
110.74927520751953 111.0
114.1082763671875 122.0
108.44332885742188 106.0
115.78861236572266 114.0
143.45623779296875 143.0
149.74087524414062 144.0
103.29917907714844 114.0
123.54694366455078 125.0
115.06242370605469 111.0
148.89154052734375 146.0
137.01901245117188 130.0
108.06053161621094 120.0
136.1234130859375 134.0
126.79145812988281 126.0
137.27085876464844 136.0
151.55589294433594 153.0
158.69387817382812 167.0
135.42636108398438 133.0
113.82113647460938 116.0
111.36514282226562 106.0
115.77236938476562 120.0
151.46383666992188 161.0
120.58721160888672 129.0
143.83502197265625 150.0
128.41061401367188 130.0
103.88236999511719 110.0
120.29402160644531 127.0
125.87334442138672 126.0
141.5450897216797 134.0
149.5686798095703 144.0
109.5570297241211 114.0
101.64209747314453 111.0
123.11990356445312 134.0
128.3826141357422 128.0
156.35305786132812 158.0
112.4011001586914 110.0
152.58226013183594 153.0
142.10586547851562 149.0
161.31137084960938 162.0
125.98152923583984 132.0
113.93024444580078 117.0
112.0959243774414 122.0
157.68699645996094 159.0
116.29031372070312 126.0
135.61557006835938 154.0
120.12493896484375 132.0
111.43704223632812 124.0
102.54640197753906 112.0
111.7484130859375 119.0
131.64071655273438 139.0
151.1678924560547 167.0
116.92254638671875 135.0
146.48635864257812 160.0
107.37480163574219 122.0
113.3888931274414 118.0
158.6369171142578 176.0
151.4149169921875 169.0
113.24795532226562 127.0
121.35943603515625 134.0
106.63175964355469 121.0
113.49113464355469 122.0
117.07576751708984 128.0
148.68899536132812 154.0
107.9570541381836 108.0
147.5597381591797 155.0
148.0371856689453 167.0
119.45362854003906 130.0
111.181640625 115.0
156.55587768554688 167.0
134.71572875976562 148.0
147.9371337890625 171.0
105.62483215332031 111.0
109.25850677490234 122.0
100.51968383789062 106.0
109.81949615478516 114.0
134.09999084472656 143.0
140.38233947753906 144.0
98.22332763671875 114.0
116.8089828491211 125.0
107.1688232421875 111.0
141.16477966308594 146.0
128.83302307128906 130.0
101.36711883544922 120.0
127.00120544433594 134.0
119.57794952392578 126.0
130.4702911376953 136.0
143.67236328125 153.0
147.79139709472656 167.0
125.34603881835938 133.0
106.71383666992188 116.0
103.40522766113281 106.0
109.36077880859375 120.0
142.65060424804688 161.0
113.85859680175781 129.0
136.2647247314453 150.0
118.70206451416016 130.0
98.20264434814453 110.0
112.02000427246094 127.0
119.75881958007812 126.0
132.42721557617188 134.0
139.3442840576172 144.0
102.21923065185547 114.0
94.67323303222656 111.0
117.0449447631836 134.0
119.44648742675781 128.0
145.63983154296875 158.0
105.17532348632812 110.0
144.3526153564453 153.0
132.25856018066406 149.0
149.66220092773438 162.0
119.62623596191406 132.0
109.8393783569336 117.0
103.42428588867188 122.0
167.79750061035156 159.0
126.41886901855469 126.0
146.9871063232422 154.0
129.55320739746094 132.0
120.30662536621094 124.0
110.6365737915039 112.0
119.9012680053711 119.0
140.04037475585938 139.0
163.5016632080078 167.0
126.72195434570312 135.0
156.0122833251953 160.0
115.0364761352539 122.0
121.00282287597656 118.0
162.44097900390625 176.0
162.95948791503906 169.0
121.93641662597656 127.0
131.44076538085938 134.0
112.41464233398438 121.0
120.70919799804688 122.0
125.47308349609375 128.0
158.3679962158203 154.0
115.67716979980469 108.0
159.11849975585938 155.0
163.1802978515625 167.0
126.56676483154297 130.0
119.70408630371094 115.0
167.21279907226562 167.0
142.25115966796875 148.0
161.59645080566406 171.0
111.08473205566406 111.0
115.12635803222656 122.0
106.8495101928711 106.0
116.79460144042969 114.0
144.49989318847656 143.0
152.53359985351562 144.0
105.23555755615234 114.0
126.15495300292969 125.0
115.0212173461914 111.0
152.87283325195312 146.0
137.68038940429688 130.0
108.8629379272461 120.0
137.85845947265625 134.0
129.63148498535156 126.0
139.6621551513672 136.0
153.42861938476562 153.0
152.8755645751953 167.0
136.4639892578125 133.0
114.94857025146484 116.0
112.34138488769531 106.0
118.63062286376953 120.0
154.0755157470703 161.0
122.92533874511719 129.0
142.801025390625 150.0
124.96006774902344 130.0
104.41532135009766 110.0
122.73995971679688 127.0
127.8395767211914 126.0
144.2230682373047 134.0
150.29127502441406 144.0
108.21627807617188 114.0
99.43525695800781 111.0
123.87321472167969 134.0
129.86236572265625 128.0
154.51956176757812 158.0
112.832275390625 110.0
156.5327606201172 153.0
144.28684997558594 149.0
159.92236328125 162.0
127.54347229003906 132.0
117.01670837402344 117.0
113.34381103515625 122.0
168.26490783691406 159.0
122.8533706665039 126.0
145.09268188476562 154.0
127.2883529663086 132.0
117.80825805664062 124.0
107.400390625 112.0
118.61871337890625 119.0
138.85958862304688 139.0
162.80079650878906 167.0
124.75921630859375 135.0
153.76634216308594 160.0
115.22357177734375 122.0
118.51994323730469 118.0
166.546875 176.0
161.96414184570312 169.0
119.5889892578125 127.0
129.5486602783203 134.0
109.83971405029297 121.0
117.53996276855469 122.0
123.59110260009766 128.0
158.0426483154297 154.0
115.25502014160156 108.0
158.22828674316406 155.0
159.7290496826172 167.0
126.05032348632812 130.0
119.50765228271484 115.0
165.43373107910156 167.0
140.92449951171875 148.0
160.0897216796875 171.0
109.52922058105469 111.0
113.12555694580078 122.0
104.78553009033203 106.0
115.26924896240234 114.0
143.1900177001953 143.0
150.51820373535156 144.0
102.16218566894531 114.0
121.45075988769531 125.0
113.44477844238281 111.0
151.19384765625 146.0
137.4332275390625 130.0
108.08940887451172 120.0
136.52383422851562 134.0
125.0074691772461 126.0
137.74758911132812 136.0
151.46664428710938 153.0
155.858154296875 167.0
134.62872314453125 133.0
111.03801727294922 116.0
111.78846740722656 106.0
116.91156768798828 120.0
153.2128448486328 161.0
119.7354965209961 129.0
144.04190063476562 150.0
127.78327941894531 130.0
103.49359893798828 110.0
118.62516021728516 127.0
125.758056640625 126.0
139.2176971435547 134.0
147.45547485351562 144.0
107.26525115966797 114.0
98.05490112304688 111.0
122.52375030517578 134.0
127.91182708740234 128.0
155.5895538330078 158.0
110.99613952636719 110.0
154.66036987304688 153.0
140.55630493164062 149.0
159.50146484375 162.0
126.6773681640625 132.0
113.91714477539062 117.0
108.3156967163086 122.0
163.69418334960938 159.0
119.99955749511719 126.0
140.19384765625 154.0
124.0829086303711 132.0
116.41644287109375 124.0
105.40367126464844 112.0
115.2114486694336 119.0
135.7667236328125 139.0
157.64303588867188 167.0
122.57759857177734 135.0
151.0377197265625 160.0
111.62846374511719 122.0
116.67320251464844 118.0
165.07052612304688 176.0
157.40560913085938 169.0
117.52971649169922 127.0
126.1773452758789 134.0
109.21199035644531 121.0
115.70654296875 122.0
121.07600402832031 128.0
154.83786010742188 154.0
111.87278747558594 108.0
153.31204223632812 155.0
155.7482147216797 167.0
123.55863189697266 130.0
115.77400207519531 115.0
161.36517333984375 167.0
138.680419921875 148.0
156.3813018798828 171.0
107.64068603515625 111.0
111.79737854003906 122.0
103.49894714355469 106.0
112.6804428100586 114.0
138.44407653808594 143.0
146.31898498535156 144.0
100.84815216064453 114.0
120.08844757080078 125.0
111.36517333984375 111.0
146.15579223632812 146.0
133.651611328125 130.0
104.72798156738281 120.0
131.85125732421875 134.0
123.40357971191406 126.0
134.3563690185547 136.0
148.54092407226562 153.0
153.34542846679688 167.0
130.69741821289062 133.0
109.74287414550781 116.0
108.06189727783203 106.0
113.03091430664062 120.0
148.1728973388672 161.0
117.60169982910156 129.0
141.1385955810547 150.0
124.14348602294922 130.0
100.76878356933594 110.0
116.49786376953125 127.0
123.43579864501953 126.0
139.2655029296875 134.0
145.9410400390625 144.0
105.17784118652344 114.0
96.95030212402344 111.0
119.63758087158203 134.0
124.42603302001953 128.0
151.40380859375 158.0
108.66117095947266 110.0
150.58462524414062 153.0
137.6604766845703 149.0
156.52035522460938 162.0
122.71217346191406 132.0
112.27092742919922 117.0
108.55077362060547 122.0
164.14730834960938 159.0
120.1168212890625 126.0
141.1549530029297 154.0
124.4532470703125 132.0
116.21888732910156 124.0
104.81067657470703 112.0
115.4451904296875 119.0
135.8349609375 139.0
158.08221435546875 167.0
122.55990600585938 135.0
150.5801239013672 160.0
111.59710693359375 122.0
116.66764831542969 118.0
162.89877319335938 176.0
157.33377075195312 169.0
117.47293853759766 127.0
127.19802856445312 134.0
108.21330261230469 121.0
115.17410278320312 122.0
121.44454956054688 128.0
154.48114013671875 154.0
111.87083435058594 108.0
153.78602600097656 155.0
155.68295288085938 167.0
124.30363464355469 130.0
115.74779510498047 115.0
161.02169799804688 167.0
138.29132080078125 148.0
156.4024200439453 171.0
107.96229553222656 111.0
112.5073013305664 122.0
103.35619354248047 106.0
113.11717224121094 114.0
138.95521545410156 143.0
146.39739990234375 144.0
101.07649993896484 114.0
119.71014404296875 125.0
111.16036987304688 111.0
146.48190307617188 146.0
133.3685302734375 130.0
105.3296127319336 120.0
131.52340698242188 134.0
122.08329772949219 126.0
135.17477416992188 136.0
148.48582458496094 153.0
152.52557373046875 167.0
130.4434814453125 133.0
109.43376922607422 116.0
108.13575744628906 106.0
113.67863464355469 120.0
148.34986877441406 161.0
117.86258697509766 129.0
141.04705810546875 150.0
124.54647827148438 130.0
101.32928466796875 110.0
116.26908111572266 127.0
123.734375 126.0
137.21400451660156 134.0
145.32774353027344 144.0
105.22673797607422 114.0
97.42176818847656 111.0
120.23091125488281 134.0
124.56916046142578 128.0
151.50216674804688 158.0
108.79338836669922 110.0
150.39691162109375 153.0
137.09910583496094 149.0
156.36602783203125 162.0
124.06111145019531 132.0
112.41405487060547 117.0
107.84333038330078 122.0
165.63121032714844 159.0
120.4629898071289 126.0
142.253662109375 154.0
125.01045227050781 132.0
115.68435668945312 124.0
105.12529754638672 112.0
116.20416259765625 119.0
136.8193359375 139.0
159.99371337890625 167.0
122.70826721191406 135.0
151.48780822753906 160.0
112.80714416503906 122.0
116.38109588623047 118.0
165.3994598388672 176.0
159.51295471191406 169.0
117.91703796386719 127.0
127.2346420288086 134.0
107.37781524658203 121.0
115.11211395263672 122.0
121.44691467285156 128.0
155.2620849609375 154.0
112.99988555908203 108.0
155.5850830078125 155.0
156.86863708496094 167.0
123.87814331054688 130.0
117.31986999511719 115.0
162.78671264648438 167.0
139.13230895996094 148.0
158.04515075683594 171.0
107.54826354980469 111.0
110.8988037109375 122.0
102.57630157470703 106.0
113.08382415771484 114.0
140.56126403808594 143.0
148.47389221191406 144.0
100.2453384399414 114.0
119.4781723022461 125.0
111.5605697631836 111.0
148.10635375976562 146.0
134.7408447265625 130.0
105.60327911376953 120.0
133.67303466796875 134.0
122.82331848144531 126.0
135.09889221191406 136.0
149.4335479736328 153.0
154.42123413085938 167.0
131.94813537597656 133.0
109.7685775756836 116.0
109.45832061767578 106.0
114.50557708740234 120.0
149.981689453125 161.0
117.66729736328125 129.0
141.32664489746094 150.0
125.28092956542969 130.0
101.06529235839844 110.0
116.3386001586914 127.0
123.8458480834961 126.0
137.68421936035156 134.0
145.4664764404297 144.0
105.07666015625 114.0
96.12185668945312 111.0
120.43854522705078 134.0
126.12196350097656 128.0
153.34205627441406 158.0
109.10902404785156 110.0
152.3772735595703 153.0
138.9124755859375 149.0
157.03501892089844 162.0
123.78314208984375 132.0
111.86083984375 117.0
106.01817321777344 122.0
167.0248565673828 159.0
122.47821807861328 126.0
144.42471313476562 154.0
126.9424057006836 132.0
118.7535171508789 124.0
108.12149810791016 112.0
117.81233215332031 119.0
138.4024658203125 139.0
161.74227905273438 167.0
124.7699203491211 135.0
153.39370727539062 160.0
114.34774780273438 122.0
118.78688049316406 118.0
167.2087860107422 176.0
161.45220947265625 169.0
119.81110382080078 127.0
129.19480895996094 134.0
111.23213195800781 121.0
118.05720520019531 122.0
123.44830322265625 128.0
157.742919921875 154.0
114.73806762695312 108.0
157.2063751220703 155.0
158.83627319335938 167.0
126.44432830810547 130.0
118.44586181640625 115.0
164.70144653320312 167.0
141.12173461914062 148.0
159.16517639160156 171.0
109.86616516113281 111.0
114.13398742675781 122.0
105.42472839355469 106.0
115.22599029541016 114.0
141.95269775390625 143.0
149.78445434570312 144.0
103.00861358642578 114.0
122.38233947753906 125.0
113.6052474975586 111.0
149.7070770263672 146.0
136.84432983398438 130.0
107.25776672363281 120.0
135.18585205078125 134.0
125.61079406738281 126.0
137.21597290039062 136.0
151.30955505371094 153.0
155.5543212890625 167.0
133.8007049560547 133.0
111.74125671386719 116.0
111.02433013916016 106.0
116.62153625488281 120.0
151.85427856445312 161.0
119.99957275390625 129.0
144.42872619628906 150.0
127.65672302246094 130.0
103.0477523803711 110.0
119.0297622680664 127.0
126.21244049072266 126.0
141.397216796875 134.0
149.86700439453125 144.0
107.49505615234375 114.0
99.0466079711914 111.0
122.59587097167969 134.0
127.71985626220703 128.0
154.60696411132812 158.0
110.98133850097656 110.0
153.95773315429688 153.0
140.62667846679688 149.0
159.51229858398438 162.0
125.77682495117188 132.0
114.65437316894531 117.0
109.44780731201172 122.0
166.23672485351562 159.0
122.20867919921875 126.0
143.594482421875 154.0
126.46772003173828 132.0
118.4260482788086 124.0
106.4640121459961 112.0
117.15921020507812 119.0
138.25390625 139.0
161.1129608154297 167.0
124.63284301757812 135.0
153.39151000976562 160.0
114.21952819824219 122.0
118.75761413574219 118.0
170.39376831054688 176.0
160.81398010253906 169.0
119.91130065917969 127.0
129.06031799316406 134.0
110.51142120361328 121.0
116.45075988769531 122.0
123.26689147949219 128.0
157.22669982910156 154.0
114.55810546875 108.0
156.71298217773438 155.0
158.62722778320312 167.0
126.0579833984375 130.0
118.25894927978516 115.0
164.50491333007812 167.0
140.22781372070312 148.0
159.22091674804688 171.0
109.37537384033203 111.0
114.06161499023438 122.0
105.20559692382812 106.0
114.8643798828125 114.0
141.634033203125 143.0
149.2104034423828 144.0
102.61369323730469 114.0
121.61198425292969 125.0
113.29905700683594 111.0
149.0846405029297 146.0
136.683837890625 130.0
107.10171508789062 120.0
134.35565185546875 134.0
123.83101654052734 126.0
136.63548278808594 136.0
150.98300170898438 153.0
157.08203125 167.0
132.54739379882812 133.0
111.45220184326172 116.0
110.44449615478516 106.0
115.59649658203125 120.0
151.10009765625 161.0
118.98704528808594 129.0
143.72650146484375 150.0
127.81905364990234 130.0
102.8295669555664 110.0
117.34168243408203 127.0
125.47227478027344 126.0
140.76170349121094 134.0
148.3091583251953 144.0
107.14537048339844 114.0
99.11622619628906 111.0
122.0322494506836 134.0
127.08140563964844 128.0
153.7335662841797 158.0
110.77449035644531 110.0
153.60768127441406 153.0
139.79327392578125 149.0
159.34213256835938 162.0
125.93489074707031 132.0
113.7672119140625 117.0
109.40506744384766 122.0
161.54881286621094 159.0
118.31974029541016 126.0
138.73789978027344 154.0
122.44430541992188 132.0
114.4736099243164 124.0
103.90406799316406 112.0
114.11167907714844 119.0
134.34059143066406 139.0
155.8332061767578 167.0
120.66500854492188 135.0
149.60919189453125 160.0
110.05474853515625 122.0
115.20439147949219 118.0
165.2799530029297 176.0
156.27638244628906 169.0
115.56600952148438 127.0
124.16007995605469 134.0
106.89859008789062 121.0
113.63609313964844 122.0
118.7298583984375 128.0
152.36184692382812 154.0
110.9072265625 108.0
151.4884033203125 155.0
152.57595825195312 167.0
122.01795959472656 130.0
114.30548858642578 115.0
160.07666015625 167.0
136.28219604492188 148.0
153.89508056640625 171.0
106.73330688476562 111.0
110.37599182128906 122.0
101.78364562988281 106.0
111.49071502685547 114.0
136.70590209960938 143.0
144.32467651367188 144.0
99.88048553466797 114.0
118.27386474609375 125.0
109.68309020996094 111.0
144.70852661132812 146.0
132.11180114746094 130.0
103.60334777832031 120.0
130.07403564453125 134.0
120.9289779663086 126.0
132.48269653320312 136.0
147.375732421875 153.0
153.40106201171875 167.0
128.55569458007812 133.0
107.91454315185547 116.0
106.99528503417969 106.0
112.1096420288086 120.0
146.61546325683594 161.0
115.43145751953125 129.0
138.68092346191406 150.0
123.30166625976562 130.0
99.51535034179688 110.0
113.87306213378906 127.0
122.17955017089844 126.0
135.691162109375 134.0
143.67071533203125 144.0
104.28257751464844 114.0
96.19860076904297 111.0
118.45259857177734 134.0
122.22378540039062 128.0
149.44915771484375 158.0
106.60226440429688 110.0
149.3028106689453 153.0
135.00518798828125 149.0
154.42127990722656 162.0
121.62186431884766 132.0
110.6043701171875 117.0
105.7665023803711 122.0
164.8961944580078 159.0
120.20842742919922 126.0
141.32838439941406 154.0
124.47560119628906 132.0
116.19288635253906 124.0
105.74207305908203 112.0
116.01030731201172 119.0
137.17547607421875 139.0
159.23788452148438 167.0
122.30018615722656 135.0
151.55526733398438 160.0
112.11329650878906 122.0
116.32757568359375 118.0
167.3456573486328 176.0
158.74374389648438 169.0
116.79803466796875 127.0
126.45220947265625 134.0
109.48356628417969 121.0
115.87955474853516 122.0
120.72308349609375 128.0
154.79681396484375 154.0
112.5142822265625 108.0
154.99356079101562 155.0
156.07313537597656 167.0
123.44181823730469 130.0
116.31599426269531 115.0
162.3131561279297 167.0
139.37030029296875 148.0
156.69317626953125 171.0
107.99653625488281 111.0
111.48419189453125 122.0
102.92578887939453 106.0
113.11860656738281 114.0
140.05819702148438 143.0
146.42819213867188 144.0
100.70404815673828 114.0
119.87794494628906 125.0
111.18080139160156 111.0
147.33128356933594 146.0
134.23822021484375 130.0
105.32694244384766 120.0
132.541015625 134.0
123.66262817382812 126.0
134.75375366210938 136.0
149.3577117919922 153.0
154.6572265625 167.0
131.2432403564453 133.0
109.21405029296875 116.0
108.72660827636719 106.0
114.23406982421875 120.0
149.82449340820312 161.0
118.07781982421875 129.0
141.90652465820312 150.0
124.53221130371094 130.0
101.2260971069336 110.0
116.42916870117188 127.0
124.12979125976562 126.0
139.0174102783203 134.0
147.33096313476562 144.0
105.79141998291016 114.0
97.10513305664062 111.0
120.34321594238281 134.0
124.28067016601562 128.0
152.409423828125 158.0
108.5660400390625 110.0
151.8295135498047 153.0
137.5987091064453 149.0
156.91375732421875 162.0
123.40478515625 132.0
112.61688232421875 117.0
107.5700454711914 122.0
163.9892578125 159.0
119.68950653076172 126.0
140.6152801513672 154.0
124.0994873046875 132.0
116.57612609863281 124.0
105.91278076171875 112.0
114.83943176269531 119.0
135.7134246826172 139.0
158.13339233398438 167.0
122.9322738647461 135.0
150.74269104003906 160.0
112.03359985351562 122.0
116.67478942871094 118.0
166.8221893310547 176.0
158.51144409179688 169.0
117.83653259277344 127.0
126.38396453857422 134.0
108.21163940429688 121.0
116.14081573486328 122.0
120.84063720703125 128.0
155.0513916015625 154.0
112.53266143798828 108.0
153.83421325683594 155.0
156.02737426757812 167.0
123.65692901611328 130.0
115.95183563232422 115.0
161.45150756835938 167.0
138.41766357421875 148.0
156.55667114257812 171.0
108.06871795654297 111.0
112.04487609863281 122.0
104.25828552246094 106.0
112.838134765625 114.0
139.0098114013672 143.0
146.5582275390625 144.0
101.27767944335938 114.0
120.17527770996094 125.0
111.86331939697266 111.0
146.46176147460938 146.0
134.35403442382812 130.0
104.67251586914062 120.0
132.06643676757812 134.0
122.8953857421875 126.0
134.34246826171875 136.0
148.6673126220703 153.0
155.1552734375 167.0
131.01104736328125 133.0
109.82689666748047 116.0
108.818359375 106.0
113.3570556640625 120.0
148.36105346679688 161.0
117.2890396118164 129.0
140.7175750732422 150.0
124.74178314208984 130.0
100.68421936035156 110.0
115.98860168457031 127.0
123.62696838378906 126.0
137.58026123046875 134.0
146.38296508789062 144.0
105.38426208496094 114.0
97.72966003417969 111.0
119.91758728027344 134.0
124.49344635009766 128.0
151.99374389648438 158.0
108.66966247558594 110.0
150.3655242919922 153.0
137.90345764160156 149.0
156.89625549316406 162.0
123.00360107421875 132.0
112.20645904541016 117.0
107.93135070800781 122.0
163.9393310546875 159.0
119.65753173828125 126.0
140.99400329589844 154.0
124.05703735351562 132.0
115.51541137695312 124.0
105.1524429321289 112.0
115.0508804321289 119.0
135.70188903808594 139.0
158.86517333984375 167.0
122.19501495361328 135.0
150.322265625 160.0
111.787841796875 122.0
115.79344177246094 118.0
165.13539123535156 176.0
158.2391357421875 169.0
116.69956970214844 127.0
125.89229583740234 134.0
108.24832153320312 121.0
115.09339904785156 122.0
120.27416229248047 128.0
154.0642547607422 154.0
112.18537902832031 108.0
153.9889373779297 155.0
156.37640380859375 167.0
122.872314453125 130.0
116.23021697998047 115.0
161.21006774902344 167.0
138.15054321289062 148.0
156.23846435546875 171.0
106.88311767578125 111.0
110.70333099365234 122.0
102.81509399414062 106.0
112.53569793701172 114.0
139.5802001953125 143.0
146.120361328125 144.0
100.31995391845703 114.0
119.75850677490234 125.0
111.43157958984375 111.0
146.90402221679688 146.0
134.20538330078125 130.0
104.70443725585938 120.0
132.47903442382812 134.0
122.26640319824219 126.0
134.43060302734375 136.0
148.63563537597656 153.0
153.38226318359375 167.0
130.42835998535156 133.0
109.1752700805664 116.0
108.77078247070312 106.0
113.4950942993164 120.0
148.95205688476562 161.0
117.366943359375 129.0
141.0561065673828 150.0
123.16285705566406 130.0
100.22787475585938 110.0
116.1705093383789 127.0
123.55718994140625 126.0
138.50697326660156 134.0
146.46780395507812 144.0
104.59424591064453 114.0
96.09503173828125 111.0
119.43033599853516 134.0
123.92953491210938 128.0
152.03004455566406 158.0
107.74653625488281 110.0
150.74710083007812 153.0
137.33120727539062 149.0
156.2117462158203 162.0
122.76942443847656 132.0
112.07112121582031 117.0
107.17323303222656 122.0
