161.12698364257812 159.0
142.69607543945312 126.0
147.49740600585938 154.0
136.08367919921875 132.0
141.9033966064453 124.0
134.83323669433594 112.0
143.99974060058594 119.0
140.29586791992188 139.0
153.56488037109375 167.0
156.9085693359375 135.0
165.67848205566406 160.0
128.99647521972656 122.0
152.4492645263672 118.0
143.91802978515625 176.0
162.66065979003906 169.0
149.0799560546875 127.0
162.6481170654297 134.0
156.86972045898438 121.0
137.35130310058594 122.0
161.77516174316406 128.0
160.24624633789062 154.0
122.8169937133789 108.0
145.1583251953125 155.0
162.1686553955078 167.0
160.57574462890625 130.0
124.34093475341797 115.0
164.6109619140625 167.0
129.64540100097656 148.0
184.4778289794922 171.0
134.7538299560547 111.0
161.94009399414062 122.0
147.62869262695312 106.0
137.16510009765625 114.0
140.83294677734375 143.0
156.3180389404297 144.0
178.30419921875 114.0
178.09539794921875 125.0
140.5512237548828 111.0
162.85592651367188 146.0
150.5922393798828 130.0
136.6663360595703 120.0
134.14706420898438 134.0
131.55967712402344 126.0
154.3983612060547 136.0
164.06756591796875 153.0
143.2782745361328 167.0
157.446044921875 133.0
147.31594848632812 116.0
113.416015625 106.0
135.33370971679688 120.0
139.48312377929688 161.0
134.2830810546875 129.0
163.61807250976562 150.0
132.8824920654297 130.0
140.41448974609375 110.0
146.93862915039062 127.0
141.35833740234375 126.0
188.54025268554688 134.0
171.2945098876953 144.0
155.24179077148438 114.0
148.24703979492188 111.0
133.96275329589844 134.0
145.36712646484375 128.0
145.66668701171875 158.0
162.4522705078125 110.0
157.79806518554688 153.0
155.3145751953125 149.0
161.76455688476562 162.0
146.11659240722656 132.0
123.83312225341797 117.0
204.5260009765625 122.0
96.10138702392578 159.0
89.10081481933594 126.0
103.91268157958984 154.0
80.86834716796875 132.0
74.24433898925781 124.0
56.098907470703125 112.0
77.42736053466797 119.0
87.64045715332031 139.0
103.77890014648438 167.0
78.22216033935547 135.0
96.5167007446289 160.0
78.54512023925781 122.0
72.96550750732422 118.0
90.01960754394531 176.0
101.6900405883789 169.0
95.35987091064453 127.0
97.13771057128906 134.0
74.35559844970703 121.0
60.21506118774414 122.0
94.88164520263672 128.0
85.93958282470703 154.0
81.50484466552734 108.0
100.58837127685547 155.0
91.41265106201172 167.0
88.15692138671875 130.0
86.55374145507812 115.0
97.97209167480469 167.0
76.59453582763672 148.0
93.17367553710938 171.0
76.67206573486328 111.0
69.54447937011719 122.0
55.2807502746582 106.0
74.75769805908203 114.0
98.75456237792969 143.0
106.81683349609375 144.0
75.63294219970703 114.0
74.90482330322266 125.0
74.29976654052734 111.0
97.47103881835938 146.0
82.27346801757812 130.0
86.00965118408203 120.0
96.35166931152344 134.0
64.66944885253906 126.0
82.66738891601562 136.0
91.24820709228516 153.0
101.89688110351562 167.0
85.11663055419922 133.0
78.49578094482422 116.0
90.36186981201172 106.0
84.44196319580078 120.0
96.76422882080078 161.0
71.78794860839844 129.0
90.446044921875 150.0
119.19184875488281 130.0
77.0835189819336 110.0
78.35018920898438 127.0
77.95600128173828 126.0
93.10554504394531 134.0
88.88571166992188 144.0
69.9447021484375 114.0
71.62266540527344 111.0
90.36954498291016 134.0
105.89215850830078 128.0
96.81351470947266 158.0
85.45713806152344 110.0
87.42669677734375 153.0
108.3084716796875 149.0
79.97320556640625 162.0
95.53446960449219 132.0
68.74439239501953 117.0
45.96792221069336 122.0
172.49609375 159.0
154.83908081054688 126.0
165.2510986328125 154.0
147.8936767578125 132.0
142.638427734375 124.0
137.867919921875 112.0
165.25363159179688 119.0
155.7408447265625 139.0
170.8917236328125 167.0
166.49778747558594 135.0
157.65623474121094 160.0
149.76898193359375 122.0
157.9705047607422 118.0
148.18807983398438 176.0
182.57275390625 169.0
167.68563842773438 127.0
179.49801635742188 134.0
143.70510864257812 121.0
142.0382537841797 122.0
175.19313049316406 128.0
161.83563232421875 154.0
142.4058380126953 108.0
166.7239227294922 155.0
167.2265625 167.0
159.84918212890625 130.0
148.8149871826172 115.0
156.50489807128906 167.0
145.6360321044922 148.0
200.77764892578125 171.0
130.09860229492188 111.0
152.2085723876953 122.0
147.9156036376953 106.0
144.6728515625 114.0
165.6768035888672 143.0
179.04624938964844 144.0
182.23294067382812 114.0
180.31747436523438 125.0
154.9618377685547 111.0
171.17027282714844 146.0
166.4851531982422 130.0
154.35916137695312 120.0
158.15496826171875 134.0
134.1902618408203 126.0
153.27085876464844 136.0
160.58726501464844 153.0
145.64453125 167.0
172.24774169921875 133.0
176.3599090576172 116.0
147.2154998779297 106.0
148.14315795898438 120.0
160.026611328125 161.0
138.36146545410156 129.0
157.01211547851562 150.0
153.7920684814453 130.0
143.97927856445312 110.0
149.1712646484375 127.0
146.68536376953125 126.0
180.01751708984375 134.0
166.56967163085938 144.0
159.959228515625 114.0
142.4724578857422 111.0
149.57559204101562 134.0
176.53140258789062 128.0
162.2871856689453 158.0
172.57577514648438 110.0
154.51541137695312 153.0
175.0393829345703 149.0
166.11029052734375 162.0
174.4405517578125 132.0
128.81044006347656 117.0
194.2145538330078 122.0
198.4267578125 159.0
154.0482177734375 126.0
171.6090545654297 154.0
149.00621032714844 132.0
131.7386932373047 124.0
115.51861572265625 112.0
157.1156768798828 119.0
168.74606323242188 139.0
199.13916015625 167.0
154.7848358154297 135.0
182.52963256835938 160.0
136.49844360351562 122.0
149.61660766601562 118.0
176.057373046875 176.0
195.2032012939453 169.0
159.35678100585938 127.0
176.7821502685547 134.0
147.72610473632812 121.0
131.204345703125 122.0
166.80545043945312 128.0
180.5183563232422 154.0
134.49737548828125 108.0
188.73599243164062 155.0
183.5946807861328 167.0
152.81993103027344 130.0
144.42788696289062 115.0
185.79196166992188 167.0
160.29867553710938 148.0
199.62908935546875 171.0
127.94221496582031 111.0
142.20790100097656 122.0
125.57759094238281 106.0
141.83370971679688 114.0
180.41500854492188 143.0
179.4390106201172 144.0
162.40072631835938 114.0
181.05902099609375 125.0
141.72390747070312 111.0
179.89892578125 146.0
165.5835418701172 130.0
144.63253784179688 120.0
162.8180694580078 134.0
126.36188507080078 126.0
164.85504150390625 136.0
178.3368682861328 153.0
165.6387939453125 167.0
160.34222412109375 133.0
156.4643096923828 116.0
140.0462646484375 106.0
145.49851989746094 120.0
179.4974822998047 161.0
133.74517822265625 129.0
177.9463653564453 150.0
149.5942840576172 130.0
135.7079315185547 110.0
156.63380432128906 127.0
153.7321014404297 126.0
199.8481903076172 134.0
163.1662139892578 144.0
152.62640380859375 114.0
135.32296752929688 111.0
144.62838745117188 134.0
173.5250701904297 128.0
182.7027130126953 158.0
154.55203247070312 110.0
168.7471160888672 153.0
179.43719482421875 149.0
183.65530395507812 162.0
164.4250030517578 132.0
123.14846801757812 117.0
175.54605102539062 122.0
166.47586059570312 159.0
126.19908142089844 126.0
134.50503540039062 154.0
120.3879165649414 132.0
116.26954650878906 124.0
120.41836547851562 112.0
129.3702392578125 119.0
133.34461975097656 139.0
154.51699829101562 167.0
140.79354858398438 135.0
163.44740295410156 160.0
120.82752990722656 122.0
132.213623046875 118.0
155.89524841308594 176.0
165.83358764648438 169.0
136.3718719482422 127.0
145.7847442626953 134.0
121.15869140625 121.0
132.4833526611328 122.0
136.5588836669922 128.0
154.6922607421875 154.0
117.14249420166016 108.0
148.7378692626953 155.0
160.17672729492188 167.0
128.74871826171875 130.0
118.43698120117188 115.0
164.1149139404297 167.0
140.13015747070312 148.0
172.9985809326172 171.0
109.41766357421875 111.0
129.38560485839844 122.0
119.0843734741211 106.0
121.11738586425781 114.0
135.1897735595703 143.0
147.87127685546875 144.0
146.009521484375 114.0
151.41651916503906 125.0
119.08956146240234 111.0
150.7278289794922 146.0
139.7859649658203 130.0
120.70210266113281 120.0
130.82374572753906 134.0
124.95540618896484 126.0
133.59222412109375 136.0
157.12191772460938 153.0
143.89486694335938 167.0
142.06671142578125 133.0
131.99972534179688 116.0
114.43793487548828 106.0
117.1064682006836 120.0
140.2230224609375 161.0
121.3314208984375 129.0
149.34915161132812 150.0
130.82630920410156 130.0
116.82998657226562 110.0
127.17595672607422 127.0
129.1123809814453 126.0
158.80247497558594 134.0
161.31845092773438 144.0
133.43630981445312 114.0
123.72284698486328 111.0
121.47345733642578 134.0
140.0896759033203 128.0
149.02313232421875 158.0
132.6251220703125 110.0
154.15293884277344 153.0
148.07363891601562 149.0
160.19451904296875 162.0
135.44625854492188 132.0
111.53007507324219 117.0
163.15992736816406 122.0
150.73593139648438 159.0
118.40192413330078 126.0
128.97157287597656 154.0
110.56655883789062 132.0
109.01034545898438 124.0
111.17262268066406 112.0
122.04154968261719 119.0
127.54661560058594 139.0
148.3743896484375 167.0
127.43363952636719 135.0
151.76966857910156 160.0
117.94255828857422 122.0
120.515869140625 118.0
156.9818572998047 176.0
161.18222045898438 169.0
126.98770141601562 127.0
132.89927673339844 134.0
108.17842102050781 121.0
117.08694458007812 122.0
129.49778747558594 128.0
139.20269775390625 154.0
110.92265319824219 108.0
144.51873779296875 155.0
144.041259765625 167.0
123.0037612915039 130.0
115.66397094726562 115.0
154.21792602539062 167.0
127.37761688232422 148.0
154.26498413085938 171.0
101.51544189453125 111.0
116.22977447509766 122.0
112.53887939453125 106.0
109.61026763916016 114.0
130.3377227783203 143.0
139.15814208984375 144.0
130.1526641845703 114.0
134.85467529296875 125.0
116.59424591064453 111.0
145.76995849609375 146.0
134.0935821533203 130.0
116.85777282714844 120.0
124.83834075927734 134.0
111.93936157226562 126.0
121.9537124633789 136.0
146.3827667236328 153.0
146.37506103515625 167.0
132.70343017578125 133.0
124.03263854980469 116.0
114.58201599121094 106.0
110.0380859375 120.0
135.77981567382812 161.0
111.12133026123047 129.0
131.30995178222656 150.0
130.81488037109375 130.0
106.22531127929688 110.0
115.56858825683594 127.0
116.6411361694336 126.0
145.798583984375 134.0
142.19741821289062 144.0
123.5395736694336 114.0
113.08920288085938 111.0
117.59671783447266 134.0
131.6415557861328 128.0
136.69839477539062 158.0
124.48422241210938 110.0
144.91685485839844 153.0
139.22137451171875 149.0
144.47544860839844 162.0
130.1798553466797 132.0
104.01031494140625 117.0
144.00367736816406 122.0
135.38455200195312 159.0
94.06271362304688 126.0
121.4465103149414 154.0
93.44082641601562 132.0
83.12771606445312 124.0
79.98617553710938 112.0
105.64668273925781 119.0
121.15746307373047 139.0
146.2388916015625 167.0
100.73487091064453 135.0
134.0388946533203 160.0
103.95030212402344 122.0
96.47107696533203 118.0
162.42405700683594 176.0
152.03494262695312 169.0
101.27330017089844 127.0
106.07268524169922 134.0
84.57897186279297 121.0
85.01431274414062 122.0
106.47901916503906 128.0
117.42913818359375 154.0
98.11123657226562 108.0
141.5075225830078 155.0
116.00392150878906 167.0
97.12313079833984 130.0
110.62957000732422 115.0
138.51254272460938 167.0
105.896484375 148.0
124.32796478271484 171.0
81.84103393554688 111.0
84.99139404296875 122.0
81.00271606445312 106.0
88.75911712646484 114.0
126.10124969482422 143.0
129.7857208251953 144.0
85.86920166015625 114.0
90.06957244873047 125.0
93.48101806640625 111.0
136.65670776367188 146.0
120.60087585449219 130.0
100.02002716064453 120.0
124.93995666503906 134.0
90.34952545166016 126.0
102.32579040527344 136.0
127.7237548828125 153.0
147.6869659423828 167.0
110.8190689086914 133.0
97.16064453125 116.0
109.4730453491211 106.0
97.66226959228516 120.0
137.3270721435547 161.0
76.37283325195312 129.0
116.81939697265625 150.0
118.13407897949219 130.0
89.70265197753906 110.0
88.8568115234375 127.0
93.99806213378906 126.0
113.96505737304688 134.0
103.76256561279297 144.0
96.11418151855469 114.0
85.4122314453125 111.0
99.54782104492188 134.0
110.79606628417969 128.0
121.50243377685547 158.0
93.59475708007812 110.0
124.82300567626953 153.0
119.70440673828125 149.0
115.40824890136719 162.0
117.1309585571289 132.0
77.17927551269531 117.0
57.820777893066406 122.0
126.52361297607422 159.0
88.14639282226562 126.0
105.3790283203125 154.0
89.19847869873047 132.0
84.38648223876953 124.0
81.49952697753906 112.0
86.17072296142578 119.0
101.67436981201172 139.0
122.24516296386719 167.0
97.78986358642578 135.0
125.70728302001953 160.0
91.08572387695312 122.0
89.92277526855469 118.0
136.9443359375 176.0
128.0211639404297 169.0
89.59185791015625 127.0
97.27444458007812 134.0
83.81395721435547 121.0
86.72093963623047 122.0
90.06440734863281 128.0
114.00370788574219 154.0
86.78302001953125 108.0
119.59367370605469 155.0
122.45852661132812 167.0
92.37212371826172 130.0
92.93743133544922 115.0
131.4170379638672 167.0
107.23616790771484 148.0
120.85330963134766 171.0
84.01595306396484 111.0
86.20307922363281 122.0
84.05526733398438 106.0
85.27776336669922 114.0
101.91352081298828 143.0
108.40719604492188 144.0
77.72551727294922 114.0
94.9012222290039 125.0
87.24515533447266 111.0
118.72135162353516 146.0
106.05745697021484 130.0
81.9765625 120.0
103.73812866210938 134.0
85.72445678710938 126.0
99.83929443359375 136.0
121.56707763671875 153.0
132.86106872558594 167.0
102.06918334960938 133.0
80.95512390136719 116.0
87.78146362304688 106.0
82.23957061767578 120.0
111.07785034179688 161.0
85.67936706542969 129.0
107.2890853881836 150.0
100.75434875488281 130.0
74.62918853759766 110.0
87.20155334472656 127.0
93.53681945800781 126.0
101.90432739257812 134.0
115.92951965332031 144.0
81.59942626953125 114.0
79.44286346435547 111.0
89.81287384033203 134.0
95.63389587402344 128.0
117.44342041015625 158.0
83.59491729736328 110.0
115.52574157714844 153.0
107.72991943359375 149.0
116.33029174804688 162.0
94.69407653808594 132.0
84.10562133789062 117.0
76.94412231445312 122.0
125.23750305175781 159.0
91.40498352050781 126.0
107.46821594238281 154.0
86.84760284423828 132.0
84.95972442626953 124.0
61.74385070800781 112.0
83.56266021728516 119.0
106.05670166015625 139.0
128.09548950195312 167.0
93.90425872802734 135.0
114.23106384277344 160.0
90.47930145263672 122.0
86.23175048828125 118.0
79.79095458984375 176.0
128.2561492919922 169.0
92.22470092773438 127.0
99.32540893554688 134.0
62.749046325683594 121.0
62.44223403930664 122.0
97.79373168945312 128.0
107.2416763305664 154.0
84.46484375 108.0
127.3179702758789 155.0
123.71005249023438 167.0
90.49652099609375 130.0
95.30484771728516 115.0
120.43115997314453 167.0
97.88471984863281 148.0
122.11012268066406 171.0
70.08676147460938 111.0
74.25188446044922 122.0
64.01558685302734 106.0
73.10552978515625 114.0
118.71194458007812 143.0
115.69650268554688 144.0
70.02483367919922 114.0
80.61852264404297 125.0
88.78972625732422 111.0
117.95881652832031 146.0
104.76842498779297 130.0
83.83129119873047 120.0
111.51514434814453 134.0
66.06841278076172 126.0
101.6387710571289 136.0
114.67638397216797 153.0
101.35252380371094 167.0
96.97372436523438 133.0
84.10491943359375 116.0
90.3236083984375 106.0
84.71934509277344 120.0
117.62265014648438 161.0
80.23475646972656 129.0
108.81531524658203 150.0
88.83440399169922 130.0
76.02151489257812 110.0
89.08976745605469 127.0
87.29187774658203 126.0
96.15013885498047 134.0
92.73194122314453 144.0
72.26947021484375 114.0
58.807289123535156 111.0
88.60710906982422 134.0
101.0794448852539 128.0
121.7205581665039 158.0
81.100341796875 110.0
106.46257019042969 153.0
110.15487670898438 149.0
102.19024658203125 162.0
97.05286407470703 132.0
72.45085906982422 117.0
36.22608184814453 122.0
197.12457275390625 159.0
137.29852294921875 126.0
168.3592987060547 154.0
141.8710479736328 132.0
126.59917449951172 124.0
118.00814819335938 112.0
131.82249450683594 119.0
169.35308837890625 139.0
201.68539428710938 167.0
151.63174438476562 135.0
191.1190185546875 160.0
140.31764221191406 122.0
137.97674560546875 118.0
147.0389404296875 176.0
195.5393829345703 169.0
131.5749053955078 127.0
141.9321746826172 134.0
118.23922729492188 121.0
120.94231414794922 122.0
136.71746826171875 128.0
172.8599853515625 154.0
136.42141723632812 108.0
198.03518676757812 155.0
185.95997619628906 167.0
135.415283203125 130.0
145.046875 115.0
199.35537719726562 167.0
168.30760192871094 148.0
187.23191833496094 171.0
119.84042358398438 111.0
118.11524200439453 122.0
122.9731216430664 106.0
127.18358612060547 114.0
173.89962768554688 143.0
167.1337890625 144.0
111.68183898925781 114.0
138.91006469726562 125.0
129.86724853515625 111.0
186.01124572753906 146.0
168.18814086914062 130.0
125.54088592529297 120.0
167.34368896484375 134.0
122.63426208496094 126.0
159.26075744628906 136.0
188.04891967773438 153.0
176.86026000976562 167.0
150.4140167236328 133.0
124.43009948730469 116.0
133.16014099121094 106.0
132.12464904785156 120.0
186.08670043945312 161.0
128.7499237060547 129.0
181.03848266601562 150.0
127.62081909179688 130.0
116.23112487792969 110.0
138.75535583496094 127.0
145.58731079101562 126.0
152.50621032714844 134.0
165.37167358398438 144.0
118.26284790039062 114.0
100.49150085449219 111.0
136.12359619140625 134.0
145.81875610351562 128.0
186.21554565429688 158.0
123.87449645996094 110.0
178.34815979003906 153.0
157.60255432128906 149.0
181.8331298828125 162.0
144.6752166748047 132.0
124.63335418701172 117.0
88.3756332397461 122.0
171.37603759765625 159.0
141.81195068359375 126.0
163.64100646972656 154.0
136.710205078125 132.0
137.94851684570312 124.0
131.0186309814453 112.0
133.55516052246094 119.0
158.3653106689453 139.0
183.7308349609375 167.0
144.59103393554688 135.0
190.58631896972656 160.0
133.54071044921875 122.0
137.19332885742188 118.0
187.0867462158203 176.0
187.94708251953125 169.0
140.201416015625 127.0
142.93115234375 134.0
136.80410766601562 121.0
139.60910034179688 122.0
141.6231689453125 128.0
166.62599182128906 154.0
132.41268920898438 108.0
174.6907958984375 155.0
184.26271057128906 167.0
135.8732452392578 130.0
136.687255859375 115.0
197.64443969726562 167.0
152.49862670898438 148.0
177.8218231201172 171.0
133.4529266357422 111.0
130.98318481445312 122.0
126.58341217041016 106.0
134.04234313964844 114.0
161.62367248535156 143.0
163.1957550048828 144.0
135.77682495117188 114.0
151.55914306640625 125.0
133.30612182617188 111.0
175.83221435546875 146.0
155.6956787109375 130.0
127.2744140625 120.0
152.42529296875 134.0
138.5572509765625 126.0
153.4261932373047 136.0
182.333740234375 153.0
185.497314453125 167.0
153.4696044921875 133.0
131.18603515625 116.0
127.51563262939453 106.0
131.20016479492188 120.0
169.27748107910156 161.0
137.7032012939453 129.0
151.66787719726562 150.0
144.33261108398438 130.0
121.90152740478516 110.0
141.329833984375 127.0
143.0818634033203 126.0
168.01771545410156 134.0
179.62782287597656 144.0
125.126220703125 114.0
123.25537109375 111.0
140.85263061523438 134.0
147.52500915527344 128.0
160.46142578125 158.0
130.63134765625 110.0
178.73724365234375 153.0
159.0894317626953 149.0
170.71975708007812 162.0
144.6364288330078 132.0
130.8817596435547 117.0
126.62950897216797 122.0
180.65338134765625 159.0
124.41410827636719 126.0
144.48362731933594 154.0
123.26716613769531 132.0
119.91065979003906 124.0
121.38333892822266 112.0
127.75148010253906 119.0
141.60328674316406 139.0
167.12159729003906 167.0
134.90496826171875 135.0
161.97471618652344 160.0
119.78765869140625 122.0
127.68455505371094 118.0
169.2695770263672 176.0
171.05331420898438 169.0
131.27816772460938 127.0
147.94955444335938 134.0
120.88101959228516 121.0
128.97669982910156 122.0
139.621826171875 128.0
164.63673400878906 154.0
115.79788208007812 108.0
164.77914428710938 155.0
172.31005859375 167.0
133.29931640625 130.0
120.1113052368164 115.0
167.16285705566406 167.0
146.413330078125 148.0
168.15536499023438 171.0
111.6250991821289 111.0
123.56455993652344 122.0
121.92646026611328 106.0
118.65203094482422 114.0
144.92123413085938 143.0
155.48541259765625 144.0
120.05118560791016 114.0
141.85565185546875 125.0
124.54014587402344 111.0
153.3199920654297 146.0
141.3653564453125 130.0
115.41378784179688 120.0
138.49676513671875 134.0
126.31130981445312 126.0
143.1029815673828 136.0
155.77821350097656 153.0
166.31796264648438 167.0
146.33682250976562 133.0
127.533935546875 116.0
117.74343872070312 106.0
118.15241241455078 120.0
153.07342529296875 161.0
124.62864685058594 129.0
156.0833740234375 150.0
136.2754669189453 130.0
108.66470336914062 110.0
128.57925415039062 127.0
131.7483673095703 126.0
159.2572784423828 134.0
162.23699951171875 144.0
118.91619873046875 114.0
112.193603515625 111.0
124.81793975830078 134.0
139.52932739257812 128.0
163.225830078125 158.0
128.0992889404297 110.0
155.76377868652344 153.0
155.84854125976562 149.0
168.305908203125 162.0
137.14471435546875 132.0
116.91517639160156 117.0
124.78234100341797 122.0
157.27578735351562 159.0
108.22976684570312 126.0
129.78411865234375 154.0
110.5130615234375 132.0
104.9350357055664 124.0
101.79102325439453 112.0
111.19801330566406 119.0
128.32061767578125 139.0
152.6053924560547 167.0
112.46043395996094 135.0
150.32571411132812 160.0
108.36654663085938 122.0
106.03214263916016 118.0
168.49688720703125 176.0
152.5652618408203 169.0
107.22996520996094 127.0
122.68505859375 134.0
104.37008666992188 121.0
107.68368530273438 122.0
116.12616729736328 128.0
140.61741638183594 154.0
106.65402221679688 108.0
149.67703247070312 155.0
146.41522216796875 167.0
114.27783203125 130.0
108.97499084472656 115.0
162.1671142578125 167.0
133.67733764648438 148.0
141.75857543945312 171.0
102.79299926757812 111.0
103.0752944946289 122.0
100.67728424072266 106.0
105.86729431152344 114.0
131.18336486816406 143.0
135.2141571044922 144.0
93.84427642822266 114.0
110.98078155517578 125.0
105.76444244384766 111.0
140.8937530517578 146.0
126.04654693603516 130.0
100.80437469482422 120.0
122.96926879882812 134.0
106.64258575439453 126.0
125.15245056152344 136.0
143.69265747070312 153.0
160.6785430908203 167.0
127.28398132324219 133.0
100.2559814453125 116.0
104.18074798583984 106.0
103.90570831298828 120.0
140.39508056640625 161.0
107.93521118164062 129.0
140.43336486816406 150.0
127.73096466064453 130.0
97.70365905761719 110.0
107.5928726196289 127.0
115.6860580444336 126.0
129.19528198242188 134.0
141.35130310058594 144.0
101.50364685058594 114.0
96.33104705810547 111.0
112.91841888427734 134.0
118.22162628173828 128.0
145.08059692382812 158.0
106.677490234375 110.0
146.85874938964844 153.0
131.71717834472656 149.0
143.32655334472656 162.0
120.47217559814453 132.0
102.71829986572266 117.0
92.82305908203125 122.0
139.27235412597656 159.0
93.18827819824219 126.0
111.88992309570312 154.0
96.50668334960938 132.0
90.06990051269531 124.0
88.44439697265625 112.0
96.58745574951172 119.0
119.61705780029297 139.0
140.7762451171875 167.0
104.50910949707031 135.0
140.0973358154297 160.0
94.09996032714844 122.0
96.68399047851562 118.0
151.8284149169922 176.0
142.32200622558594 169.0
93.25482177734375 127.0
102.30593872070312 134.0
89.18482971191406 121.0
93.33185577392578 122.0
97.44577026367188 128.0
126.13851165771484 154.0
90.8194580078125 108.0
141.1856231689453 155.0
133.5633544921875 167.0
96.82903289794922 130.0
95.49811553955078 115.0
146.3770294189453 167.0
124.59510803222656 148.0
135.13140869140625 171.0
85.20024108886719 111.0
86.83558654785156 122.0
86.35961151123047 106.0
89.6966552734375 114.0
118.89741516113281 143.0
118.52405548095703 144.0
79.44236755371094 114.0
102.27839660644531 125.0
91.1956558227539 111.0
129.0292510986328 146.0
109.27291107177734 130.0
83.86957550048828 120.0
108.86152648925781 134.0
96.2581787109375 126.0
110.29428100585938 136.0
134.11178588867188 153.0
140.9685516357422 167.0
104.6263427734375 133.0
86.32582092285156 116.0
90.64832305908203 106.0
85.99642944335938 120.0
128.6387176513672 161.0
91.42066192626953 129.0
122.23531341552734 150.0
99.9729995727539 130.0
80.67401123046875 110.0
94.57210540771484 127.0
102.9809799194336 126.0
119.00398254394531 134.0
126.03935241699219 144.0
86.27997589111328 114.0
77.51034545898438 111.0
92.40257263183594 134.0
100.13703918457031 128.0
124.72525024414062 158.0
86.20597839355469 110.0
134.852783203125 153.0
113.58821105957031 149.0
133.96527099609375 162.0
99.51995849609375 132.0
90.12911987304688 117.0
79.17721557617188 122.0
166.83135986328125 159.0
116.73066711425781 126.0
135.67970275878906 154.0
117.00570678710938 132.0
107.95689392089844 124.0
106.00669860839844 112.0
121.02230834960938 119.0
134.50091552734375 139.0
160.48255920410156 167.0
121.3902587890625 135.0
153.51295471191406 160.0
114.6133804321289 122.0
114.40489959716797 118.0
161.648193359375 176.0
160.3192901611328 169.0
112.14302062988281 127.0
132.50367736816406 134.0
96.26123809814453 121.0
110.95907592773438 122.0
123.69416809082031 128.0
146.43130493164062 154.0
111.80027770996094 108.0
159.52151489257812 155.0
155.2528533935547 167.0
117.97972106933594 130.0
117.40104675292969 115.0
163.2938232421875 167.0
140.33692932128906 148.0
152.9939422607422 171.0
102.67483520507812 111.0
103.44173431396484 122.0
103.08468627929688 106.0
107.28153991699219 114.0
140.97317504882812 143.0
138.99948120117188 144.0
97.7164306640625 114.0
116.09209442138672 125.0
110.00505065917969 111.0
147.76536560058594 146.0
132.016845703125 130.0
108.19001007080078 120.0
133.27267456054688 134.0
111.69657897949219 126.0
133.58563232421875 136.0
149.12033081054688 153.0
159.07113647460938 167.0
131.2985076904297 133.0
107.76073455810547 116.0
111.61529541015625 106.0
108.59733581542969 120.0
149.18505859375 161.0
112.95277404785156 129.0
143.33302307128906 150.0
125.56779479980469 130.0
101.26717376708984 110.0
116.998779296875 127.0
122.60395050048828 126.0
128.1185760498047 134.0
133.3813018798828 144.0
104.106201171875 114.0
93.98538208007812 111.0
114.50279235839844 134.0
123.36737823486328 128.0
155.84320068359375 158.0
111.75923156738281 110.0
151.0236053466797 153.0
138.9611358642578 149.0
151.7881622314453 162.0
122.89674377441406 132.0
107.16777038574219 117.0
99.08683776855469 122.0
178.78860473632812 159.0
126.73665618896484 126.0
149.13282775878906 154.0
126.56805419921875 132.0
118.52352905273438 124.0
124.58958435058594 112.0
140.64588928222656 119.0
145.67996215820312 139.0
167.2164306640625 167.0
130.91505432128906 135.0
160.36468505859375 160.0
127.46056365966797 122.0
131.6727752685547 118.0
179.41140747070312 176.0
172.99722290039062 169.0
136.292236328125 127.0
160.7140350341797 134.0
113.7910385131836 121.0
128.49107360839844 122.0
154.41046142578125 128.0
158.1248779296875 154.0
120.76319122314453 108.0
168.57525634765625 155.0
164.0714874267578 167.0
142.53274536132812 130.0
128.526123046875 115.0
170.2414093017578 167.0
147.86427307128906 148.0
163.96722412109375 171.0
114.97798919677734 111.0
127.89230346679688 122.0
124.4297103881836 106.0
119.94160461425781 114.0
152.5644073486328 143.0
160.99217224121094 144.0
128.32040405273438 114.0
135.26698303222656 125.0
126.23005676269531 111.0
157.84027099609375 146.0
146.16162109375 130.0
122.41361236572266 120.0
142.26426696777344 134.0
129.44345092773438 126.0
147.8439178466797 136.0
156.67855834960938 153.0
170.32827758789062 167.0
154.46983337402344 133.0
134.92654418945312 116.0
126.63286590576172 106.0
126.25019073486328 120.0
158.6097412109375 161.0
126.58159637451172 129.0
156.148681640625 150.0
151.56234741210938 130.0
116.43882751464844 110.0
133.02711486816406 127.0
136.08627319335938 126.0
144.2650146484375 134.0
149.89706420898438 144.0
130.56414794921875 114.0
116.66915130615234 111.0
131.8636016845703 134.0
144.1660919189453 128.0
164.11935424804688 158.0
137.02552795410156 110.0
158.1360321044922 153.0
163.38877868652344 149.0
161.723388671875 162.0
150.80389404296875 132.0
117.98326110839844 117.0
123.712890625 122.0
146.00787353515625 159.0
108.07469940185547 126.0
129.4501190185547 154.0
109.04710388183594 132.0
101.99944305419922 124.0
96.20320892333984 112.0
113.96812438964844 119.0
121.99919128417969 139.0
144.63356018066406 167.0
112.56336212158203 135.0
141.9552001953125 160.0
105.01945495605469 122.0
105.45323944091797 118.0
158.61952209472656 176.0
150.01617431640625 169.0
108.13856506347656 127.0
121.32168579101562 134.0
94.2708740234375 121.0
99.85830688476562 122.0
114.27205657958984 128.0
131.79190063476562 154.0
103.72367858886719 108.0
144.25343322753906 155.0
140.51516723632812 167.0
112.14254760742188 130.0
108.58259582519531 115.0
149.77906799316406 167.0
125.12378692626953 148.0
142.4143829345703 171.0
98.55255126953125 111.0
99.81710815429688 122.0
97.80475616455078 106.0
103.73597717285156 114.0
125.35365295410156 143.0
132.9526824951172 144.0
91.53300476074219 114.0
108.63858032226562 125.0
105.96247100830078 111.0
137.88040161132812 146.0
120.85301208496094 130.0
100.73358154296875 120.0
121.72019958496094 134.0
103.95879364013672 126.0
122.55945587158203 136.0
138.4903564453125 153.0
149.21826171875 167.0
119.7004165649414 133.0
101.6070785522461 116.0
105.34524536132812 106.0
103.52761840820312 120.0
135.63893127441406 161.0
103.03054809570312 129.0
126.73485565185547 150.0
121.6131362915039 130.0
94.14738464355469 110.0
104.49076843261719 127.0
113.10810852050781 126.0
119.70948791503906 134.0
127.49610900878906 144.0
96.85685729980469 114.0
92.14812469482422 111.0
108.07339477539062 134.0
117.91726684570312 128.0
135.8732452392578 158.0
104.70347595214844 110.0
141.3141632080078 153.0
128.37049865722656 149.0
139.3585205078125 162.0
117.0483169555664 132.0
99.19631958007812 117.0
92.30870819091797 122.0
139.7654571533203 159.0
105.72551727294922 126.0
119.870361328125 154.0
102.76642608642578 132.0
99.92064666748047 124.0
102.4159164428711 112.0
105.48143005371094 119.0
118.8388671875 139.0
136.78163146972656 167.0
106.24700927734375 135.0
135.56964111328125 160.0
98.35096740722656 122.0
103.98699951171875 118.0
146.2165985107422 176.0
139.25225830078125 169.0
106.6384048461914 127.0
114.60551452636719 134.0
101.50949096679688 121.0
104.37110900878906 122.0
110.89828491210938 128.0
128.56602478027344 154.0
95.8566665649414 108.0
137.2436065673828 155.0
139.92320251464844 167.0
104.55928039550781 130.0
98.11717224121094 115.0
144.95944213867188 167.0
120.67488861083984 148.0
135.08558654785156 171.0
92.34375762939453 111.0
97.51318359375 122.0
97.3912582397461 106.0
100.60692596435547 114.0
121.74251556396484 143.0
126.0367660522461 144.0
96.9209213256836 114.0
114.40021514892578 125.0
101.94403076171875 111.0
129.84521484375 146.0
116.51103973388672 130.0
93.73738861083984 120.0
112.25791931152344 134.0
106.0960693359375 126.0
118.97059631347656 136.0
130.28634643554688 153.0
137.14541625976562 167.0
122.55831909179688 133.0
101.971923828125 116.0
94.54656982421875 106.0
97.35810852050781 120.0
129.6735382080078 161.0
100.66249084472656 129.0
125.2308349609375 150.0
110.06771850585938 130.0
89.00365447998047 110.0
109.77328491210938 127.0
107.7724380493164 126.0
131.79307556152344 134.0
141.01698303222656 144.0
95.85991668701172 114.0
87.69007110595703 111.0
102.55949401855469 134.0
114.47467041015625 128.0
128.4572296142578 158.0
100.95904541015625 110.0
132.78457641601562 153.0
125.40032196044922 149.0
133.3820037841797 162.0
111.5377426147461 132.0
95.83147430419922 117.0
93.81114959716797 122.0
158.87123107910156 159.0
106.85423278808594 126.0
133.17755126953125 154.0
109.04169464111328 132.0
106.94032287597656 124.0
92.31790924072266 112.0
106.73026275634766 119.0
127.99722290039062 139.0
157.85704040527344 167.0
118.12403869628906 135.0
143.2963409423828 160.0
107.11060333251953 122.0
107.97857666015625 118.0
136.04579162597656 176.0
152.31982421875 169.0
108.10459899902344 127.0
129.11380004882812 134.0
93.6549072265625 121.0
97.04385375976562 122.0
115.98651123046875 128.0
148.16189575195312 154.0
102.33080291748047 108.0
153.45761108398438 155.0
150.6918487548828 167.0
113.58914184570312 130.0
110.3156509399414 115.0
149.64430236816406 167.0
134.79507446289062 148.0
150.43612670898438 171.0
96.68378448486328 111.0
104.92310333251953 122.0
101.08851623535156 106.0
100.5797119140625 114.0
134.02389526367188 143.0
133.2180938720703 144.0
93.2313003540039 114.0
108.53782653808594 125.0
109.44940948486328 111.0
139.15493774414062 146.0
123.3511962890625 130.0
98.25969696044922 120.0
125.49729919433594 134.0
101.6754379272461 126.0
123.49057006835938 136.0
140.52200317382812 153.0
142.8031463623047 167.0
123.700439453125 133.0
101.6454849243164 116.0
107.80171203613281 106.0
102.31158447265625 120.0
141.33404541015625 161.0
101.09120178222656 129.0
136.47500610351562 150.0
116.95791625976562 130.0
91.26296997070312 110.0
102.60530090332031 127.0
114.10108947753906 126.0
119.28101348876953 134.0
136.01055908203125 144.0
95.68799591064453 114.0
90.37948608398438 111.0
108.31546783447266 134.0
117.90625 128.0
145.17098999023438 158.0
107.12126159667969 110.0
141.58912658691406 153.0
130.84251403808594 149.0
151.17637634277344 162.0
119.27760314941406 132.0
99.4248046875 117.0
89.32579040527344 122.0
158.33399963378906 159.0
137.1824493408203 126.0
162.5689697265625 154.0
123.30396270751953 132.0
125.22840881347656 124.0
91.51980590820312 112.0
110.19945526123047 119.0
151.04150390625 139.0
179.73715209960938 167.0
140.39427185058594 135.0
183.3165283203125 160.0
139.01016235351562 122.0
133.22488403320312 118.0
91.3298568725586 176.0
192.86502075195312 169.0
138.78150939941406 127.0
145.99774169921875 134.0
91.11944580078125 121.0
88.8775634765625 122.0
136.82125854492188 128.0
142.76467895507812 154.0
134.4072265625 108.0
183.31488037109375 155.0
185.6823272705078 167.0
126.94509887695312 130.0
144.5880584716797 115.0
187.04495239257812 167.0
116.30116271972656 148.0
177.99771118164062 171.0
100.28951263427734 111.0
103.1123275756836 122.0
111.1723861694336 106.0
103.31343078613281 114.0
160.6544189453125 143.0
170.87628173828125 144.0
105.99629211425781 114.0
117.86998748779297 125.0
137.7345733642578 111.0
179.70297241210938 146.0
152.62091064453125 130.0
113.32719421386719 120.0
160.09719848632812 134.0
101.40756225585938 126.0
140.80624389648438 136.0
176.4846649169922 153.0
147.62269592285156 167.0
141.26966857910156 133.0
127.6958999633789 116.0
136.39515686035156 106.0
120.64776611328125 120.0
164.09747314453125 161.0
105.0689468383789 129.0
140.01898193359375 150.0
121.54666900634766 130.0
102.93521118164062 110.0
129.68853759765625 127.0
118.69303894042969 126.0
156.08082580566406 134.0
135.77354431152344 144.0
100.9246826171875 114.0
85.49978637695312 111.0
128.29788208007812 134.0
147.66285705566406 128.0
161.42486572265625 158.0
117.48585510253906 110.0
170.10000610351562 153.0
158.31759643554688 149.0
136.80657958984375 162.0
140.97506713867188 132.0
98.86436462402344 117.0
62.774253845214844 122.0
171.5449981689453 159.0
122.4927978515625 126.0
148.54824829101562 154.0
125.34680938720703 132.0
119.13726806640625 124.0
113.29182434082031 112.0
125.9157943725586 119.0
141.86669921875 139.0
169.3050994873047 167.0
127.6651611328125 135.0
159.56874084472656 160.0
120.44305419921875 122.0
121.6201171875 118.0
178.36447143554688 176.0
169.09725952148438 169.0
123.00813293457031 127.0
139.38023376464844 134.0
112.00879669189453 121.0
119.61000061035156 122.0
130.9043731689453 128.0
161.11216735839844 154.0
117.18894958496094 108.0
165.36131286621094 155.0
165.6756591796875 167.0
129.88609313964844 130.0
122.52638244628906 115.0
170.4112548828125 167.0
147.6006622314453 148.0
162.71315002441406 171.0
112.7242202758789 111.0
118.88388061523438 122.0
114.59044647216797 106.0
116.79663848876953 114.0
147.19973754882812 143.0
151.40670776367188 144.0
108.00231170654297 114.0
125.13861083984375 125.0
121.13695526123047 111.0
154.7312774658203 146.0
138.79318237304688 130.0
112.94719696044922 120.0
139.53538513183594 134.0
124.79643249511719 126.0
141.2495880126953 136.0
155.1121063232422 153.0
168.34007263183594 167.0
140.42523193359375 133.0
117.35795593261719 116.0
118.65179443359375 106.0
117.47245788574219 120.0
156.73507690429688 161.0
119.1869888305664 129.0
153.85971069335938 150.0
136.73980712890625 130.0
106.83048248291016 110.0
120.5693588256836 127.0
129.12501525878906 126.0
141.0343475341797 134.0
153.64720153808594 144.0
112.324462890625 114.0
105.46568298339844 111.0
125.92451477050781 134.0
133.5146484375 128.0
158.68292236328125 158.0
119.62271881103516 110.0
157.0778350830078 153.0
147.41026306152344 149.0
162.8209228515625 162.0
133.65562438964844 132.0
115.87962341308594 117.0
108.10804748535156 122.0
160.827392578125 159.0
117.38711547851562 126.0
139.48126220703125 154.0
118.09574127197266 132.0
111.76950073242188 124.0
106.22517395019531 112.0
117.60591125488281 119.0
133.6739501953125 139.0
160.57772827148438 167.0
120.52245330810547 135.0
153.1945037841797 160.0
112.2034683227539 122.0
114.49513244628906 118.0
166.697021484375 176.0
159.24957275390625 169.0
114.46437072753906 127.0
128.74197387695312 134.0
104.21365356445312 121.0
112.15636444091797 122.0
121.06224060058594 128.0
151.4501495361328 154.0
109.49031829833984 108.0
156.34225463867188 155.0
157.3798065185547 167.0
120.13212585449219 130.0
114.51788330078125 115.0
162.75596618652344 167.0
139.21751403808594 148.0
155.40548706054688 171.0
106.09807586669922 111.0
110.57125854492188 122.0
106.80602264404297 106.0
110.12379455566406 114.0
138.2816619873047 143.0
142.30294799804688 144.0
100.78279113769531 114.0
119.1778793334961 125.0
113.4665756225586 111.0
147.05560302734375 146.0
131.4498748779297 130.0
106.41102600097656 120.0
130.46096801757812 134.0
116.80953979492188 126.0
132.48602294921875 136.0
148.45167541503906 153.0
157.9036865234375 167.0
130.47760009765625 133.0
109.87864685058594 116.0
109.64311218261719 106.0
108.90190124511719 120.0
147.79220581054688 161.0
111.31315612792969 129.0
142.85353088378906 150.0
124.38404083251953 130.0
99.84341430664062 110.0
112.206298828125 127.0
120.98453521728516 126.0
133.31793212890625 134.0
145.96676635742188 144.0
105.30660247802734 114.0
98.47042846679688 111.0
117.77056884765625 134.0
124.6962890625 128.0
149.07003784179688 158.0
110.65371704101562 110.0
150.70428466796875 153.0
136.69668579101562 149.0
155.54820251464844 162.0
125.70170593261719 132.0
108.13510131835938 117.0
102.55302429199219 122.0
164.67193603515625 159.0
120.23519897460938 126.0
144.4290771484375 154.0
121.09156799316406 132.0
114.763427734375 124.0
110.88726806640625 112.0
121.72394561767578 119.0
136.34083557128906 139.0
164.05526733398438 167.0
123.90386962890625 135.0
157.4754180908203 160.0
116.04243469238281 122.0
117.99308776855469 118.0
173.38027954101562 176.0
164.9669647216797 169.0
119.97752380371094 127.0
134.23199462890625 134.0
107.76512908935547 121.0
115.53993225097656 122.0
125.70867919921875 128.0
154.9914093017578 154.0
113.12276458740234 108.0
160.618896484375 155.0
161.96066284179688 167.0
124.89649963378906 130.0
118.72080993652344 115.0
167.45933532714844 167.0
141.85061645507812 148.0
158.59814453125 171.0
107.89680480957031 111.0
113.46417236328125 122.0
111.05267333984375 106.0
113.52095794677734 114.0
142.3529052734375 143.0
147.78125 144.0
104.18138122558594 114.0
122.9307861328125 125.0
118.53191375732422 111.0
152.0807647705078 146.0
134.84988403320312 130.0
109.3665771484375 120.0
134.7129669189453 134.0
121.26819610595703 126.0
135.9254150390625 136.0
152.2255859375 153.0
163.6407470703125 167.0
135.18740844726562 133.0
114.08659362792969 116.0
114.85320281982422 106.0
113.63629150390625 120.0
151.7071533203125 161.0
114.70921325683594 129.0
146.9947509765625 150.0
130.0418243408203 130.0
102.52936553955078 110.0
116.26566314697266 127.0
124.84150695800781 126.0
137.158203125 134.0
149.90878295898438 144.0
108.32194519042969 114.0
100.97297668457031 111.0
121.25199127197266 134.0
129.7114715576172 128.0
152.4586181640625 158.0
114.37727355957031 110.0
154.43370056152344 153.0
142.4391326904297 149.0
158.26669311523438 162.0
129.40863037109375 132.0
111.33780670166016 117.0
105.28294372558594 122.0
165.76292419433594 159.0
118.54095458984375 126.0
143.26971435546875 154.0
120.43342590332031 132.0
115.2907485961914 124.0
110.98603057861328 112.0
121.90867614746094 119.0
136.112548828125 139.0
163.0124053955078 167.0
123.92977905273438 135.0
154.64007568359375 160.0
115.02365112304688 122.0
117.58499908447266 118.0
173.65602111816406 176.0
161.684814453125 169.0
118.62093353271484 127.0
135.30520629882812 134.0
106.6782455444336 121.0
115.49957275390625 122.0
126.05052185058594 128.0
155.49757385253906 154.0
111.94692993164062 108.0
159.0907440185547 155.0
159.093505859375 167.0
125.98078918457031 130.0
117.11183166503906 115.0
163.4178009033203 167.0
142.3250732421875 148.0
157.67088317871094 171.0
107.70440673828125 111.0
115.08546447753906 122.0
110.94296264648438 106.0
113.15913391113281 114.0
140.53172302246094 143.0
146.13934326171875 144.0
104.77597045898438 114.0
122.84706115722656 125.0
117.07402801513672 111.0
148.93936157226562 146.0
133.51158142089844 130.0
108.48393249511719 120.0
132.59512329101562 134.0
121.37628173828125 126.0
135.53025817871094 136.0
149.8589630126953 153.0
163.2044219970703 167.0
135.13958740234375 133.0
113.42121124267578 116.0
113.51231384277344 106.0
112.6456069946289 120.0
149.9862518310547 161.0
114.30473327636719 129.0
146.70089721679688 150.0
132.4601593017578 130.0
102.49015808105469 110.0
115.43194580078125 127.0
124.84622192382812 126.0
136.60951232910156 134.0
149.38050842285156 144.0
109.17638397216797 114.0
102.1656494140625 111.0
120.12399291992188 134.0
128.58770751953125 128.0
153.4803009033203 158.0
115.34559631347656 110.0
152.03858947753906 153.0
141.70559692382812 149.0
158.51670837402344 162.0
129.03436279296875 132.0
111.59288024902344 117.0
105.92255401611328 122.0
167.49676513671875 159.0
120.93987274169922 126.0
144.710205078125 154.0
122.69232940673828 132.0
118.84915161132812 124.0
115.63658142089844 112.0
122.39424896240234 119.0
136.43357849121094 139.0
162.31993103027344 167.0
126.06574249267578 135.0
156.94337463378906 160.0
116.68482208251953 122.0
120.41813659667969 118.0
175.06939697265625 176.0
163.32080078125 169.0
121.81053161621094 127.0
138.68777465820312 134.0
111.86358642578125 121.0
120.15815734863281 122.0
129.73663330078125 128.0
158.13677978515625 154.0
114.0378189086914 108.0
159.4176788330078 155.0
163.6570281982422 167.0
129.8278350830078 130.0
118.41265106201172 115.0
166.36630249023438 167.0
143.15354919433594 148.0
159.6939239501953 171.0
110.344970703125 111.0
118.2726058959961 122.0
115.54939270019531 106.0
114.33414459228516 114.0
140.99668884277344 143.0
148.23944091796875 144.0
107.81986236572266 114.0
127.02433776855469 125.0
120.0819091796875 111.0
150.15115356445312 146.0
135.3651885986328 130.0
109.63816833496094 120.0
133.82415771484375 134.0
126.0911636352539 126.0
139.35372924804688 136.0
151.85997009277344 153.0
165.8553466796875 167.0
139.470947265625 133.0
116.22364044189453 116.0
114.76420593261719 106.0
113.47737884521484 120.0
150.0695037841797 161.0
118.23934936523438 129.0
150.07118225097656 150.0
136.51976013183594 130.0
103.3404541015625 110.0
120.33358001708984 127.0
127.69331359863281 126.0
142.03091430664062 134.0
153.94825744628906 144.0
110.73519897460938 114.0
104.1500244140625 111.0
122.35882568359375 134.0
131.48779296875 128.0
154.74667358398438 158.0
118.510986328125 110.0
153.49334716796875 153.0
146.529052734375 149.0
160.2381134033203 162.0
130.82138061523438 132.0
115.31837463378906 117.0
109.78927612304688 122.0
173.64108276367188 159.0
122.63658142089844 126.0
149.76971435546875 154.0
125.03616333007812 132.0
118.70616912841797 124.0
113.12606811523438 112.0
126.99146270751953 119.0
140.0140380859375 139.0
170.3116455078125 167.0
129.384521484375 135.0
158.71786499023438 160.0
120.34427642822266 122.0
121.59434509277344 118.0
178.60928344726562 176.0
169.1227569580078 169.0
123.47431945800781 127.0
143.21202087402344 134.0
109.85845947265625 121.0
117.60807037353516 122.0
132.5297088623047 128.0
161.7663116455078 154.0
117.28654479980469 108.0
166.05242919921875 155.0
165.74212646484375 167.0
132.75936889648438 130.0
123.2994384765625 115.0
167.75535583496094 167.0
147.4359588623047 148.0
164.62803649902344 171.0
110.60013580322266 111.0
118.00313568115234 122.0
114.67927551269531 106.0
116.26744079589844 114.0
147.63314819335938 143.0
152.3069305419922 144.0
108.42788696289062 114.0
125.79598999023438 125.0
122.61593627929688 111.0
154.747314453125 146.0
139.1707000732422 130.0
112.69023895263672 120.0
138.9963836669922 134.0
123.44993591308594 126.0
141.96209716796875 136.0
154.998046875 153.0
168.21109008789062 167.0
141.23284912109375 133.0
118.29219818115234 116.0
120.04199981689453 106.0
116.67240142822266 120.0
156.2447509765625 161.0
118.80638885498047 129.0
155.11410522460938 150.0
139.40858459472656 130.0
105.6406021118164 110.0
119.3694076538086 127.0
129.813232421875 126.0
138.96128845214844 134.0
151.79385375976562 144.0
112.67578125 114.0
103.59053039550781 111.0
123.99088287353516 134.0
134.2522430419922 128.0
160.97628784179688 158.0
121.25318145751953 110.0
156.11181640625 153.0
148.96681213378906 149.0
164.51182556152344 162.0
135.56573486328125 132.0
115.40460205078125 117.0
107.63739013671875 122.0
161.4333038330078 159.0
117.81554412841797 126.0
141.36546325683594 154.0
119.72331237792969 132.0
113.63995361328125 124.0
107.81271362304688 112.0
117.11289978027344 119.0
134.26747131347656 139.0
160.60415649414062 167.0
122.58954620361328 135.0
154.16604614257812 160.0
112.45563507080078 122.0
115.82975769042969 118.0
165.25311279296875 176.0
160.82998657226562 169.0
116.46088409423828 127.0
130.8793487548828 134.0
103.62113189697266 121.0
113.00740814208984 122.0
122.29766845703125 128.0
153.93211364746094 154.0
110.53083038330078 108.0
156.96595764160156 155.0
159.84010314941406 167.0
122.25172424316406 130.0
114.64190673828125 115.0
163.59426879882812 167.0
139.243408203125 148.0
157.35215759277344 171.0
106.316162109375 111.0
111.66259765625 122.0
107.84053039550781 106.0
110.88011932373047 114.0
138.63848876953125 143.0
144.66793823242188 144.0
102.11026763916016 114.0
120.7769775390625 125.0
114.29650115966797 111.0
148.13821411132812 146.0
131.3866729736328 130.0
105.15933227539062 120.0
131.39791870117188 134.0
119.20397186279297 126.0
133.58102416992188 136.0
149.53981018066406 153.0
157.0186767578125 167.0
132.70889282226562 133.0
111.11798095703125 116.0
110.83953094482422 106.0
109.6597671508789 120.0
148.20729064941406 161.0
112.04833984375 129.0
141.59762573242188 150.0
126.52935028076172 130.0
99.27813720703125 110.0
114.63622283935547 127.0
122.56385040283203 126.0
132.77285766601562 134.0
146.47299194335938 144.0
104.46888732910156 114.0
97.71854400634766 111.0
118.15054321289062 134.0
127.42133331298828 128.0
149.14373779296875 158.0
111.03561401367188 110.0
151.79258728027344 153.0
139.6522216796875 149.0
156.35025024414062 162.0
125.42219543457031 132.0
110.45406341552734 117.0
102.83836364746094 122.0
160.5669403076172 159.0
116.99170684814453 126.0
141.3716278076172 154.0
118.27242279052734 132.0
113.67208862304688 124.0
108.20034790039062 112.0
116.9039535522461 119.0
133.81314086914062 139.0
161.01498413085938 167.0
121.41281127929688 135.0
153.48855590820312 160.0
111.85511779785156 122.0
115.17344665527344 118.0
168.99021911621094 176.0
160.863525390625 169.0
115.70640563964844 127.0
129.49154663085938 134.0
104.4737319946289 121.0
113.74577331542969 122.0
120.51770782470703 128.0
152.33518981933594 154.0
110.29438781738281 108.0
156.68072509765625 155.0
156.34071350097656 167.0
121.83609771728516 130.0
114.65992736816406 115.0
163.65785217285156 167.0
139.20675659179688 148.0
154.8896484375 171.0
105.88471984863281 111.0
111.0555648803711 122.0
109.02962493896484 106.0
110.38076782226562 114.0
138.47254943847656 143.0
143.14852905273438 144.0
101.75640869140625 114.0
120.95462799072266 125.0
114.46277618408203 111.0
147.82290649414062 146.0
131.69573974609375 130.0
104.28410339355469 120.0
131.02699279785156 134.0
118.62413024902344 126.0
131.576171875 136.0
149.0697784423828 153.0
159.7721405029297 167.0
131.67674255371094 133.0
110.14163970947266 116.0
110.06253051757812 106.0
109.39580535888672 120.0
147.99374389648438 161.0
110.66928100585938 129.0
142.22845458984375 150.0
126.95696258544922 130.0
97.64293670654297 110.0
111.96784973144531 127.0
121.34779357910156 126.0
133.98741149902344 134.0
147.18792724609375 144.0
104.42764282226562 114.0
97.33999633789062 111.0
117.32879638671875 134.0
126.30343627929688 128.0
149.03826904296875 158.0
109.98240661621094 110.0
150.4063720703125 153.0
137.4394073486328 149.0
155.68353271484375 162.0
124.66799926757812 132.0
109.47543334960938 117.0
102.08883666992188 122.0
159.15200805664062 159.0
118.50540924072266 126.0
140.8544464111328 154.0
119.45950317382812 132.0
112.84722137451172 124.0
108.24597930908203 112.0
117.5438232421875 119.0
132.5012969970703 139.0
158.8676300048828 167.0
120.0937728881836 135.0
152.53146362304688 160.0
112.3313980102539 122.0
114.67333221435547 118.0
169.3848876953125 176.0
159.68211364746094 169.0
115.72696685791016 127.0
129.50955200195312 134.0
106.34144592285156 121.0
113.10885620117188 122.0
121.10470581054688 128.0
151.0232696533203 154.0
111.01748657226562 108.0
155.3228759765625 155.0
158.05519104003906 167.0
122.02423858642578 130.0
115.14852142333984 115.0
163.88987731933594 167.0
137.32376098632812 148.0
154.66180419921875 171.0
106.84622192382812 111.0
110.95030212402344 122.0
106.9465103149414 106.0
110.6875 114.0
137.46539306640625 143.0
143.47665405273438 144.0
101.9625015258789 114.0
119.79888916015625 125.0
114.65507507324219 111.0
147.94606018066406 146.0
131.1130828857422 130.0
106.2115478515625 120.0
131.24452209472656 134.0
119.82146453857422 126.0
132.90696716308594 136.0
147.8266143798828 153.0
159.25375366210938 167.0
131.8731689453125 133.0
111.57594299316406 116.0
111.4572982788086 106.0
109.93443298339844 120.0
147.96534729003906 161.0
111.91072845458984 129.0
142.30807495117188 150.0
128.10516357421875 130.0
99.71630859375 110.0
114.61869812011719 127.0
121.84957885742188 126.0
133.9404754638672 134.0
146.07406616210938 144.0
104.78731536865234 114.0
98.07982635498047 111.0
118.80841827392578 134.0
126.66459655761719 128.0
148.21994018554688 158.0
110.87128448486328 110.0
151.93038940429688 153.0
139.3135223388672 149.0
153.36305236816406 162.0
125.5220947265625 132.0
110.16688537597656 117.0
102.59009552001953 122.0
163.4895477294922 159.0
117.50257110595703 126.0
141.94171142578125 154.0
119.14019775390625 132.0
115.606201171875 124.0
111.50233459472656 112.0
119.2789535522461 119.0
134.6340789794922 139.0
160.53561401367188 167.0
124.15473937988281 135.0
154.4087677001953 160.0
113.18525695800781 122.0
116.97622680664062 118.0
171.60792541503906 176.0
162.02349853515625 169.0
119.20095825195312 127.0
133.0211639404297 134.0
107.63521575927734 121.0
116.09318542480469 122.0
124.4862060546875 128.0
154.30288696289062 154.0
111.53874206542969 108.0
156.82504272460938 155.0
160.4184112548828 167.0
126.52273559570312 130.0
116.28166961669922 115.0
164.96286010742188 167.0
139.9116668701172 148.0
157.6973876953125 171.0
107.72787475585938 111.0
114.583740234375 122.0
111.16773223876953 106.0
111.86958312988281 114.0
139.3880157470703 143.0
145.4608612060547 144.0
105.94180297851562 114.0
124.45907592773438 125.0
117.40811157226562 111.0
149.41517639160156 146.0
133.27374267578125 130.0
106.49897766113281 120.0
131.79571533203125 134.0
121.54947662353516 126.0
134.91531372070312 136.0
150.1920623779297 153.0
163.14727783203125 167.0
135.179931640625 133.0
113.597900390625 116.0
112.84015655517578 106.0
111.04996490478516 120.0
148.39471435546875 161.0
112.74751281738281 129.0
145.30474853515625 150.0
131.34120178222656 130.0
100.07554626464844 110.0
115.02165985107422 127.0
124.71379089355469 126.0
139.06956481933594 134.0
151.37176513671875 144.0
107.72657012939453 114.0
100.44175720214844 111.0
119.35124206542969 134.0
127.75202941894531 128.0
151.17005920410156 158.0
113.36151123046875 110.0
152.02090454101562 153.0
140.7598114013672 149.0
156.96624755859375 162.0
126.65923309326172 132.0
111.37570190429688 117.0
108.94075775146484 122.0
153.11593627929688 159.0
113.50173950195312 126.0
136.9276885986328 154.0
115.74951934814453 132.0
109.9079360961914 124.0
101.04554748535156 112.0
113.91583251953125 119.0
129.6707763671875 139.0
154.88540649414062 167.0
117.23600006103516 135.0
147.92288208007812 160.0
108.42533874511719 122.0
112.03337097167969 118.0
165.70452880859375 176.0
154.06640625 169.0
112.70297241210938 127.0
123.81643676757812 134.0
101.10050964355469 121.0
105.9631576538086 122.0
116.74899291992188 128.0
147.15170288085938 154.0
106.33717346191406 108.0
151.5621337890625 155.0
149.75201416015625 167.0
118.68605041503906 130.0
110.0190200805664 115.0
157.623779296875 167.0
134.12448120117188 148.0
150.01614379882812 171.0
103.69415283203125 111.0
109.17809295654297 122.0
102.34381866455078 106.0
108.1653060913086 114.0
134.22857666015625 143.0
139.04971313476562 144.0
99.5883560180664 114.0
115.44060516357422 125.0
109.71604919433594 111.0
141.7308349609375 146.0
126.75631713867188 130.0
102.413330078125 120.0
125.32490539550781 134.0
111.98374938964844 126.0
127.74118041992188 136.0
143.48085021972656 153.0
155.3885955810547 167.0
123.02477264404297 133.0
107.53996276855469 116.0
105.4957504272461 106.0
106.45526123046875 120.0
143.2353515625 161.0
107.0508041381836 129.0
138.6894073486328 150.0
123.79460906982422 130.0
96.7886734008789 110.0
108.09280395507812 127.0
117.98639678955078 126.0
129.402099609375 134.0
141.75918579101562 144.0
102.68914794921875 114.0
95.85066223144531 111.0
115.28785705566406 134.0
122.10589599609375 128.0
142.45303344726562 158.0
106.92753601074219 110.0
144.03543090820312 153.0
132.13040161132812 149.0
150.38784790039062 162.0
121.63925170898438 132.0
105.25559997558594 117.0
99.69882202148438 122.0
163.58084106445312 159.0
118.71206665039062 126.0
143.98870849609375 154.0
121.09110260009766 132.0
113.64010620117188 124.0
107.97108459472656 112.0
117.8847427368164 119.0
135.84286499023438 139.0
164.28176879882812 167.0
123.01066589355469 135.0
155.0387420654297 160.0
113.7292251586914 122.0
115.62588500976562 118.0
168.6758270263672 176.0
162.7435760498047 169.0
115.87532043457031 127.0
131.40821838378906 134.0
105.35839080810547 121.0
112.44204711914062 122.0
122.30746459960938 128.0
155.06570434570312 154.0
111.21092224121094 108.0
160.57516479492188 155.0
161.40562438964844 167.0
122.3851547241211 130.0
116.06037902832031 115.0
164.82431030273438 167.0
140.7421875 148.0
158.1865692138672 171.0
105.83763122558594 111.0
110.8082046508789 122.0
107.64244079589844 106.0
111.61786651611328 114.0
142.013427734375 143.0
145.04820251464844 144.0
101.1703109741211 114.0
119.75625610351562 125.0
113.99470520019531 111.0
150.28973388671875 146.0
133.15533447265625 130.0
105.95510864257812 120.0
133.17079162597656 134.0
118.74718475341797 126.0
134.99246215820312 136.0
150.11817932128906 153.0
158.1710205078125 167.0
131.7878875732422 133.0
109.80809020996094 116.0
111.4325180053711 106.0
110.41407012939453 120.0
151.46897888183594 161.0
113.45146179199219 129.0
144.36380004882812 150.0
127.44081115722656 130.0
99.09675598144531 110.0
114.92615509033203 127.0
123.77313995361328 126.0
133.17445373535156 134.0
147.90780639648438 144.0
104.90713500976562 114.0
96.9395980834961 111.0
118.09187316894531 134.0
128.0274200439453 128.0
151.63475036621094 158.0
111.28117370605469 110.0
153.54345703125 153.0
140.26651000976562 149.0
157.86549377441406 162.0
126.3805923461914 132.0
110.50733184814453 117.0
101.92237854003906 122.0
156.56661987304688 159.0
114.6553955078125 126.0
138.07701110839844 154.0
116.66152954101562 132.0
110.46177673339844 124.0
105.06678009033203 112.0
113.14686584472656 119.0
128.75840759277344 139.0
155.01602172851562 167.0
118.12767028808594 135.0
147.93841552734375 160.0
108.8501205444336 122.0
111.5152359008789 118.0
161.07191467285156 176.0
153.7618408203125 169.0
113.62275695800781 127.0
125.99340057373047 134.0
102.65310668945312 121.0
109.25302124023438 122.0
117.48883056640625 128.0
149.2056121826172 154.0
107.26904296875 108.0
151.10195922851562 155.0
155.59434509277344 167.0
119.80194091796875 130.0
110.74567413330078 115.0
157.67845153808594 167.0
132.8476104736328 148.0
151.38990783691406 171.0
103.54910278320312 111.0
107.95533752441406 122.0
104.30088806152344 106.0
107.84016418457031 114.0
134.10952758789062 143.0
140.37791442871094 144.0
98.97868347167969 114.0
118.14109802246094 125.0
110.91398620605469 111.0
142.9662628173828 146.0
127.4740982055664 130.0
102.5534439086914 120.0
126.79832458496094 134.0
114.73921203613281 126.0
130.26148986816406 136.0
143.12721252441406 153.0
154.53494262695312 167.0
127.82048034667969 133.0
107.3133316040039 116.0
106.04983520507812 106.0
106.35574340820312 120.0
143.41763305664062 161.0
109.34710693359375 129.0
139.35040283203125 150.0
124.57971954345703 130.0
96.13356018066406 110.0
111.14324951171875 127.0
119.27639770507812 126.0
132.85450744628906 134.0
144.76345825195312 144.0
100.96099853515625 114.0
94.43008422851562 111.0
114.60230255126953 134.0
123.2191390991211 128.0
145.76268005371094 158.0
107.72636413574219 110.0
146.1137237548828 153.0
135.5366668701172 149.0
150.87803649902344 162.0
120.36865234375 132.0
106.10899353027344 117.0
101.68338012695312 122.0
154.46469116210938 159.0
112.9043197631836 126.0
136.03321838378906 154.0
115.44064331054688 132.0
108.5818862915039 124.0
101.96009063720703 112.0
114.32498168945312 119.0
128.28631591796875 139.0
152.86219787597656 167.0
116.01312255859375 135.0
147.72254943847656 160.0
107.78070831298828 122.0
110.94813537597656 118.0
162.9780731201172 176.0
152.5791778564453 169.0
111.51934051513672 127.0
126.15099334716797 134.0
103.20507049560547 121.0
107.57582092285156 122.0
117.31550598144531 128.0
145.66986083984375 154.0
106.17939758300781 108.0
149.26443481445312 155.0
151.1964569091797 167.0
118.21760559082031 130.0
109.90119934082031 115.0
156.92140197753906 167.0
132.69464111328125 148.0
149.47756958007812 171.0
102.42892456054688 111.0
107.81417846679688 122.0
101.26126098632812 106.0
107.25270080566406 114.0
131.80877685546875 143.0
137.5838165283203 144.0
98.16584014892578 114.0
114.81818389892578 125.0
108.52622985839844 111.0
141.2008514404297 146.0
125.47875213623047 130.0
101.84507751464844 120.0
125.03460693359375 134.0
113.86235809326172 126.0
128.58839416503906 136.0
142.37010192871094 153.0
152.28001403808594 167.0
125.01676177978516 133.0
106.14892578125 116.0
105.49568939208984 106.0
105.73355865478516 120.0
142.0286407470703 161.0
108.58574676513672 129.0
139.0021209716797 150.0
123.69212341308594 130.0
96.13790893554688 110.0
109.71681213378906 127.0
118.73211669921875 126.0
129.6224365234375 134.0
141.3224334716797 144.0
101.30338287353516 114.0
94.94337463378906 111.0
113.8667221069336 134.0
121.86275482177734 128.0
143.0923309326172 158.0
108.1015396118164 110.0
145.95596313476562 153.0
133.50717163085938 149.0
148.60247802734375 162.0
120.4078598022461 132.0
106.32490539550781 117.0
100.22941589355469 122.0
157.5103302001953 159.0
113.42601013183594 126.0
138.85043334960938 154.0
116.84464263916016 132.0
109.753173828125 124.0
103.38623809814453 112.0
113.36370849609375 119.0
131.4192352294922 139.0
159.02940368652344 167.0
119.05874633789062 135.0
151.47708129882812 160.0
109.65637969970703 122.0
111.00642395019531 118.0
170.69375610351562 176.0
158.31788635253906 169.0
112.24504089355469 127.0
125.68628692626953 134.0
103.57603454589844 121.0
109.03718566894531 122.0
117.66902160644531 128.0
150.7688751220703 154.0
108.0952377319336 108.0
155.28453063964844 155.0
155.8873748779297 167.0
118.86311340332031 130.0
112.20711517333984 115.0
162.08213806152344 167.0
137.43218994140625 148.0
152.5323028564453 171.0
102.76270294189453 111.0
106.52092742919922 122.0
102.78760528564453 106.0
107.89155578613281 114.0
136.71728515625 143.0
140.4046630859375 144.0
97.60514068603516 114.0
116.51112365722656 125.0
110.20311737060547 111.0
146.34503173828125 146.0
128.3714599609375 130.0
102.12478637695312 120.0
128.5740966796875 134.0
116.01004028320312 126.0
130.76683044433594 136.0
146.72467041015625 153.0
158.24954223632812 167.0
127.20538330078125 133.0
105.30879974365234 116.0
107.2618408203125 106.0
106.50456237792969 120.0
147.24758911132812 161.0
109.85716247558594 129.0
142.12518310546875 150.0
125.40628814697266 130.0
96.04270935058594 110.0
110.92430114746094 127.0
120.51155090332031 126.0
131.6769561767578 134.0
145.96511840820312 144.0
100.4021224975586 114.0
92.60423278808594 111.0
114.11434936523438 134.0
122.30358123779297 128.0
147.39622497558594 158.0
106.9317398071289 110.0
149.73268127441406 153.0
135.83358764648438 149.0
152.6230926513672 162.0
119.96684265136719 132.0
107.18136596679688 117.0
97.15819549560547 122.0
169.1126251220703 159.0
121.99687957763672 126.0
148.58824157714844 154.0
124.05829620361328 132.0
117.7658462524414 124.0
112.84349060058594 112.0
124.57373046875 119.0
138.21640014648438 139.0
166.8021697998047 167.0
127.14146423339844 135.0
155.55184936523438 160.0
117.7877197265625 122.0
120.57846069335938 118.0
174.26620483398438 176.0
165.83956909179688 169.0
122.663818359375 127.0
140.68910217285156 134.0
109.60659790039062 121.0
117.46731567382812 122.0
131.11846923828125 128.0
160.4331512451172 154.0
115.70016479492188 108.0
163.12152099609375 155.0
165.35366821289062 167.0
129.38394165039062 130.0
120.60598754882812 115.0
165.8260498046875 167.0
144.54888916015625 148.0
162.8502655029297 171.0
110.21240234375 111.0
116.69402313232422 122.0
112.35011291503906 106.0
114.91238403320312 114.0
145.29014587402344 143.0
150.51104736328125 144.0
107.26908874511719 114.0
124.68910217285156 125.0
120.12509155273438 111.0
152.57626342773438 146.0
136.72720336914062 130.0
110.88189697265625 120.0
136.18763732910156 134.0
124.32351684570312 126.0
139.70687866210938 136.0
151.4555206298828 153.0
164.12811279296875 167.0
139.2684326171875 133.0
117.5930404663086 116.0
116.78451538085938 106.0
115.17772674560547 120.0
154.2990264892578 161.0
116.01880645751953 129.0
150.92190551757812 150.0
136.85476684570312 130.0
103.80027770996094 110.0
118.79529571533203 127.0
127.82237243652344 126.0
137.52426147460938 134.0
152.2300262451172 144.0
111.42581939697266 114.0
101.91278076171875 111.0
123.28782653808594 134.0
134.11302185058594 128.0
156.80722045898438 158.0
118.58100891113281 110.0
154.8320770263672 153.0
147.71255493164062 149.0
161.94410705566406 162.0
132.70506286621094 132.0
113.58716583251953 117.0
106.36249542236328 122.0
166.64166259765625 159.0
118.32051086425781 126.0
143.58432006835938 154.0
120.49132537841797 132.0
116.65907287597656 124.0
111.73112487792969 112.0
119.74800109863281 119.0
137.41519165039062 139.0
164.6969451904297 167.0
127.57685852050781 135.0
156.5875244140625 160.0
114.66847229003906 122.0
118.9638900756836 118.0
177.7938995361328 176.0
165.66519165039062 169.0
119.27127075195312 127.0
135.3912353515625 134.0
108.69071960449219 121.0
116.37527465820312 122.0
125.3596420288086 128.0
162.22372436523438 154.0
112.458251953125 108.0
161.74659729003906 155.0
162.93807983398438 167.0
127.41268920898438 130.0
117.06864929199219 115.0
167.09674072265625 167.0
142.84600830078125 148.0
161.6057586669922 171.0
107.09125518798828 111.0
115.70020294189453 122.0
113.67894744873047 106.0
112.66400146484375 114.0
142.5449981689453 143.0
146.79510498046875 144.0
106.13006591796875 114.0
124.24164581298828 125.0
118.39797973632812 111.0
150.96023559570312 146.0
136.26156616210938 130.0
107.69011688232422 120.0
133.1558837890625 134.0
122.6290512084961 126.0
136.45005798339844 136.0
152.00692749023438 153.0
165.55044555664062 167.0
134.60423278808594 133.0
114.0330581665039 116.0
112.75178527832031 106.0
111.00985717773438 120.0
151.8430938720703 161.0
113.83417510986328 129.0
148.26109313964844 150.0
131.22035217285156 130.0
101.08919525146484 110.0
114.84268188476562 127.0
125.17450714111328 126.0
137.677734375 134.0
151.8118133544922 144.0
108.86003112792969 114.0
100.8943099975586 111.0
119.30227661132812 134.0
127.83021545410156 128.0
155.45309448242188 158.0
114.59095001220703 110.0
154.6528778076172 153.0
141.52304077148438 149.0
164.52182006835938 162.0
129.4069366455078 132.0
112.38636779785156 117.0
108.99638366699219 122.0
157.02529907226562 159.0
117.84917449951172 126.0
142.72311401367188 154.0
119.88336944580078 132.0
112.55815887451172 124.0
103.10765838623047 112.0
116.65605163574219 119.0
131.18734741210938 139.0
158.39968872070312 167.0
119.65644073486328 135.0
151.4170379638672 160.0
111.33757781982422 122.0
114.30481719970703 118.0
166.65443420410156 176.0
158.19236755371094 169.0
115.75740051269531 127.0
129.35369873046875 134.0
103.07006072998047 121.0
108.68440246582031 122.0
120.87947082519531 128.0
150.0832061767578 154.0
110.11935424804688 108.0
154.24517822265625 155.0
155.7570343017578 167.0
121.20640563964844 130.0
113.78565216064453 115.0
161.84423828125 167.0
135.15284729003906 148.0
154.84201049804688 171.0
106.33477783203125 111.0
109.91897583007812 122.0
104.32537841796875 106.0
110.7435531616211 114.0
138.2792205810547 143.0
143.37594604492188 144.0
101.12853240966797 114.0
117.117431640625 125.0
112.36358642578125 111.0
146.20175170898438 146.0
130.986083984375 130.0
105.45501708984375 120.0
130.0850067138672 134.0
115.04229736328125 126.0
132.16232299804688 136.0
146.35682678222656 153.0
157.9198455810547 167.0
128.27613830566406 133.0
110.31954193115234 116.0
109.50861358642578 106.0
109.93584442138672 120.0
146.43582153320312 161.0
110.15494537353516 129.0
140.17266845703125 150.0
126.74918365478516 130.0
99.220458984375 110.0
112.35403442382812 127.0
120.86993408203125 126.0
132.2896270751953 134.0
143.30027770996094 144.0
104.08367156982422 114.0
96.5603256225586 111.0
118.53524780273438 134.0
126.78001403808594 128.0
147.7832794189453 158.0
109.61866760253906 110.0
149.2755126953125 153.0
138.04287719726562 149.0
152.60606384277344 162.0
124.80374145507812 132.0
107.90946960449219 117.0
99.375732421875 122.0
157.20704650878906 159.0
117.83294677734375 126.0
138.70135498046875 154.0
119.64973449707031 132.0
112.34689331054688 124.0
104.89895629882812 112.0
115.37046813964844 119.0
131.71310424804688 139.0
156.77212524414062 167.0
120.92584991455078 135.0
153.0609893798828 160.0
110.24652862548828 122.0
114.11846160888672 118.0
166.04269409179688 176.0
157.22254943847656 169.0
113.98099517822266 127.0
124.6242904663086 134.0
105.46795654296875 121.0
110.8868408203125 122.0
117.85784149169922 128.0
151.9386749267578 154.0
108.65923309326172 108.0
153.76889038085938 155.0
158.04910278320312 167.0
119.28781127929688 130.0
110.91796875 115.0
162.27098083496094 167.0
137.18447875976562 148.0
154.60723876953125 171.0
106.7425765991211 111.0
110.04369354248047 122.0
105.2019271850586 106.0
110.66654205322266 114.0
134.60968017578125 143.0
142.1790313720703 144.0
101.79216766357422 114.0
121.40380859375 125.0
111.31536102294922 111.0
145.60006713867188 146.0
128.50997924804688 130.0
104.03919219970703 120.0
127.24879455566406 134.0
116.568115234375 126.0
130.78695678710938 136.0
146.983154296875 153.0
155.85276794433594 167.0
125.7965087890625 133.0
109.92533874511719 116.0
105.08647918701172 106.0
107.52391052246094 120.0
145.73684692382812 161.0
110.99435424804688 129.0
143.4065399169922 150.0
123.53007507324219 130.0
98.33309173583984 110.0
112.65971374511719 127.0
121.44698333740234 126.0
135.1649627685547 134.0
147.79673767089844 144.0
102.88822937011719 114.0
95.97648620605469 111.0
116.71656036376953 134.0
125.54237365722656 128.0
145.60543823242188 158.0
108.4297866821289 110.0
150.93905639648438 153.0
135.61346435546875 149.0
154.70126342773438 162.0
120.55604553222656 132.0
108.6789321899414 117.0
107.29315185546875 122.0
138.20022583007812 159.0
103.97637939453125 126.0
122.76457214355469 154.0
105.95352172851562 132.0
98.9908447265625 124.0
91.62222290039062 112.0
99.47158813476562 119.0
115.37249755859375 139.0
139.57864379882812 167.0
106.03471374511719 135.0
136.6027374267578 160.0
96.46421813964844 122.0
100.0991439819336 118.0
144.9329376220703 176.0
139.7847137451172 169.0
98.76554107666016 127.0
107.63523864746094 134.0
91.44343566894531 121.0
97.39037322998047 122.0
102.2439193725586 128.0
131.88108825683594 154.0
96.82714080810547 108.0
135.84947204589844 155.0
139.9250030517578 167.0
103.81565856933594 130.0
97.79830169677734 115.0
145.81942749023438 167.0
121.42555236816406 148.0
137.97406005859375 171.0
93.54388427734375 111.0
95.81510162353516 122.0
89.37169647216797 106.0
97.48394775390625 114.0
118.73372650146484 143.0
124.18895721435547 144.0
87.47016143798828 114.0
105.78466796875 125.0
96.39749908447266 111.0
131.44459533691406 146.0
113.96261596679688 130.0
91.19181060791016 120.0
113.01167297363281 134.0
104.69149780273438 126.0
115.73094177246094 136.0
131.74436950683594 153.0
138.350341796875 167.0
111.16629028320312 133.0
93.82915496826172 116.0
91.92596435546875 106.0
93.40713500976562 120.0
129.42605590820312 161.0
98.46947479248047 129.0
123.98995208740234 150.0
108.32316589355469 130.0
85.88988494873047 110.0
99.35694122314453 127.0
107.5956802368164 126.0
116.47075653076172 134.0
129.3379364013672 144.0
88.83824157714844 114.0
82.8426742553711 111.0
102.41687774658203 134.0
108.66617584228516 128.0
128.74803161621094 158.0
93.71517944335938 110.0
135.90542602539062 153.0
118.18684387207031 149.0
135.15054321289062 162.0
104.67889404296875 132.0
96.47408294677734 117.0
91.50730895996094 122.0
163.0746307373047 159.0
118.87139892578125 126.0
143.54183959960938 154.0
121.34544372558594 132.0
114.379150390625 124.0
108.08927154541016 112.0
118.89344787597656 119.0
133.9734649658203 139.0
162.56431579589844 167.0
122.97399139404297 135.0
153.9007568359375 160.0
113.54851531982422 122.0
116.42362976074219 118.0
170.61312866210938 176.0
162.34542846679688 169.0
117.1143798828125 127.0
132.40133666992188 134.0
106.80481719970703 121.0
114.0974349975586 122.0
123.95446014404297 128.0
155.25340270996094 154.0
112.26756286621094 108.0
158.51263427734375 155.0
160.36367797851562 167.0
124.41915130615234 130.0
115.7230224609375 115.0
164.615966796875 167.0
140.6711883544922 148.0
158.3357696533203 171.0
107.11891174316406 111.0
112.74291229248047 122.0
107.50932312011719 106.0
112.1736068725586 114.0
140.496337890625 143.0
145.3673095703125 144.0
103.41983795166016 114.0
121.52046203613281 125.0
114.60978698730469 111.0
150.1361541748047 146.0
132.78131103515625 130.0
107.16242980957031 120.0
131.87002563476562 134.0
121.1281509399414 126.0
134.93792724609375 136.0
149.25204467773438 153.0
160.9862518310547 167.0
132.8351593017578 133.0
111.71411895751953 116.0
110.65361785888672 106.0
110.73406982421875 120.0
150.50193786621094 161.0
113.5571517944336 129.0
146.3885955810547 150.0
130.8214111328125 130.0
100.13426208496094 110.0
114.55256652832031 127.0
124.43333435058594 126.0
134.6336669921875 134.0
148.17056274414062 144.0
106.19891357421875 114.0
97.85547637939453 111.0
119.21945190429688 134.0
128.19696044921875 128.0
152.26119995117188 158.0
112.74559020996094 110.0
153.39736938476562 153.0
140.95285034179688 149.0
157.50364685058594 162.0
126.44612884521484 132.0
111.32269287109375 117.0
104.28671264648438 122.0
159.65899658203125 159.0
116.83109283447266 126.0
140.08615112304688 154.0
119.11869812011719 132.0
112.66796875 124.0
106.624755859375 112.0
116.65152740478516 119.0
130.88739013671875 139.0
157.86734008789062 167.0
120.80812072753906 135.0
150.844970703125 160.0
110.96088409423828 122.0
114.54798889160156 118.0
166.7378387451172 176.0
158.13381958007812 169.0
115.10713958740234 127.0
130.30892944335938 134.0
105.21797180175781 121.0
112.18701934814453 122.0
122.00163269042969 128.0
152.06382751464844 154.0
109.98168182373047 108.0
154.35169982910156 155.0
158.1331787109375 167.0
122.35558319091797 130.0
112.99649047851562 115.0
161.374755859375 167.0
137.91737365722656 148.0
155.4606475830078 171.0
105.76683044433594 111.0
111.27699279785156 122.0
105.5261459350586 106.0
110.39415740966797 114.0
136.6515655517578 143.0
142.4405975341797 144.0
102.10537719726562 114.0
119.89578247070312 125.0
112.68183898925781 111.0
146.704833984375 146.0
129.93617248535156 130.0
104.84762573242188 120.0
128.52455139160156 134.0
119.39453125 126.0
132.79246520996094 136.0
146.23098754882812 153.0
157.594482421875 167.0
130.32826232910156 133.0
110.04934692382812 116.0
108.0296630859375 106.0
108.32241821289062 120.0
146.64720153808594 161.0
111.9051284790039 129.0
143.23350524902344 150.0
127.92273712158203 130.0
98.43843841552734 110.0
113.45664978027344 127.0
122.55945587158203 126.0
132.79441833496094 134.0
145.81640625 144.0
104.37783813476562 114.0
96.46527099609375 111.0
117.05326843261719 134.0
125.81259155273438 128.0
148.6578826904297 158.0
110.85893249511719 110.0
150.43234252929688 153.0
138.2890167236328 149.0
154.0533447265625 162.0
123.81465148925781 132.0
109.83272552490234 117.0
103.82494354248047 122.0
158.88485717773438 159.0
116.33566284179688 126.0
141.3930206298828 154.0
119.12539672851562 132.0
112.25176239013672 124.0
104.55535888671875 112.0
116.519775390625 119.0
132.04649353027344 139.0
159.61793518066406 167.0
120.73110961914062 135.0
151.5586700439453 160.0
111.22644805908203 122.0
114.16007995605469 118.0
167.11618041992188 176.0
159.49578857421875 169.0
114.83942413330078 127.0
129.5885772705078 134.0
102.82096099853516 121.0
110.26593780517578 122.0
120.98934936523438 128.0
152.5299072265625 154.0
109.98084259033203 108.0
155.85899353027344 155.0
156.211669921875 167.0
121.81159973144531 130.0
113.7325210571289 115.0
162.22264099121094 167.0
137.6053466796875 148.0
155.468994140625 171.0
105.68547058105469 111.0
110.58199310302734 122.0
105.10586547851562 106.0
110.11869049072266 114.0
138.3678436279297 143.0
143.24081420898438 144.0
101.14618682861328 114.0
117.81150817871094 125.0
112.2939224243164 111.0
147.58335876464844 146.0
130.71908569335938 130.0
104.93085479736328 120.0
129.6611785888672 134.0
117.65283966064453 126.0
131.6700897216797 136.0
146.8797607421875 153.0
157.90878295898438 167.0
129.3310089111328 133.0
109.69294738769531 116.0
108.89254760742188 106.0
108.97931671142578 120.0
147.961181640625 161.0
110.35665893554688 129.0
142.01846313476562 150.0
127.30538940429688 130.0
98.48834228515625 110.0
110.92667388916016 127.0
121.29206848144531 126.0
130.97012329101562 134.0
143.94696044921875 144.0
103.9259262084961 114.0
95.99176025390625 111.0
117.44609069824219 134.0
125.60663604736328 128.0
148.61358642578125 158.0
109.58320617675781 110.0
150.8092498779297 153.0
137.35235595703125 149.0
154.5179901123047 162.0
124.74266052246094 132.0
108.52642822265625 117.0
101.31233215332031 122.0
162.57022094726562 159.0
118.94972229003906 126.0
143.60513305664062 154.0
121.23857116699219 132.0
114.72062683105469 124.0
107.583251953125 112.0
119.25634765625 119.0
135.15858459472656 139.0
162.81761169433594 167.0
123.33618927001953 135.0
154.27027893066406 160.0
113.33738708496094 122.0
116.36607360839844 118.0
170.2709197998047 176.0
161.85406494140625 169.0
116.87724304199219 127.0
132.06201171875 134.0
105.99974060058594 121.0
113.23226928710938 122.0
123.48798370361328 128.0
155.4321746826172 154.0
112.14175415039062 108.0
158.6785888671875 155.0
159.7347869873047 167.0
123.92045593261719 130.0
115.9137954711914 115.0
164.8301239013672 167.0
140.7250213623047 148.0
158.52395629882812 171.0
107.93439483642578 111.0
112.77049255371094 122.0
107.41102600097656 106.0
112.59245300292969 114.0
140.98721313476562 143.0
145.35540771484375 144.0
103.54464721679688 114.0
120.91712188720703 125.0
115.06201171875 111.0
149.72720336914062 146.0
133.2534942626953 130.0
107.35270690917969 120.0
131.95394897460938 134.0
120.18357849121094 126.0
134.50640869140625 136.0
149.392822265625 153.0
160.7522430419922 167.0
131.75755310058594 133.0
112.05358123779297 116.0
110.81365966796875 106.0
111.04377746582031 120.0
150.484375 161.0
112.82967376708984 129.0
145.99896240234375 150.0
129.37677001953125 130.0
100.60404968261719 110.0
113.68655395507812 127.0
124.10323333740234 126.0
135.0963134765625 134.0
147.84288024902344 144.0
106.71263885498047 114.0
98.36845397949219 111.0
119.67715454101562 134.0
127.9574966430664 128.0
151.77716064453125 158.0
112.20649719238281 110.0
153.12844848632812 153.0
139.58343505859375 149.0
157.80418395996094 162.0
127.05094909667969 132.0
110.80952453613281 117.0
104.67774963378906 122.0
163.95681762695312 159.0
119.58732604980469 126.0
144.93228149414062 154.0
122.0084457397461 132.0
116.17688751220703 124.0
109.12579345703125 112.0
119.50296020507812 119.0
135.76527404785156 139.0
163.6873779296875 167.0
124.74935150146484 135.0
155.43374633789062 160.0
114.4991683959961 122.0
117.94734191894531 118.0
170.65240478515625 176.0
163.66001892089844 169.0
118.75775909423828 127.0
134.44070434570312 134.0
107.34614562988281 121.0
114.89491271972656 122.0
125.43315887451172 128.0
157.59585571289062 154.0
113.00784301757812 108.0
160.0684051513672 155.0
161.37110900878906 167.0
125.64332580566406 130.0
116.8125228881836 115.0
165.94461059570312 167.0
141.55001831054688 148.0
159.5637664794922 171.0
108.35253143310547 111.0
114.43852996826172 122.0
109.96163940429688 106.0
113.33592987060547 114.0
142.07891845703125 143.0
147.0245361328125 144.0
104.86953735351562 114.0
122.54324340820312 125.0
116.385986328125 111.0
150.72152709960938 146.0
134.21514892578125 130.0
107.54385375976562 120.0
132.823974609375 134.0
121.3544692993164 126.0
135.65579223632812 136.0
150.38497924804688 153.0
161.77134704589844 167.0
133.79672241210938 133.0
113.30499267578125 116.0
112.00807189941406 106.0
112.02368927001953 120.0
151.32296752929688 161.0
113.79817199707031 129.0
147.14730834960938 150.0
131.28341674804688 130.0
101.08425903320312 110.0
115.08189392089844 127.0
125.14353942871094 126.0
136.70518493652344 134.0
149.697265625 144.0
107.27799987792969 114.0
99.32881164550781 111.0
120.36368560791016 134.0
129.6768798828125 128.0
153.36732482910156 158.0
113.75448608398438 110.0
153.9324951171875 153.0
142.08224487304688 149.0
159.35205078125 162.0
128.4658203125 132.0
112.006591796875 117.0
105.37390899658203 122.0
162.0653533935547 159.0
118.78646850585938 126.0
143.38233947753906 154.0
120.78826141357422 132.0
114.06025695800781 124.0
107.30249786376953 112.0
118.86839294433594 119.0
134.0278778076172 139.0
161.55221557617188 167.0
122.36000061035156 135.0
153.52430725097656 160.0
113.35221862792969 122.0
116.46920013427734 118.0
171.90679931640625 176.0
161.43408203125 169.0
117.41897583007812 127.0
132.60940551757812 134.0
106.2555160522461 121.0
112.93989562988281 122.0
124.09825897216797 128.0
155.31674194335938 154.0
111.86096954345703 108.0
158.25186157226562 155.0
159.2700958251953 167.0
124.1878433227539 130.0
115.77429962158203 115.0
164.24417114257812 167.0
139.91769409179688 148.0
157.74407958984375 171.0
107.14511108398438 111.0
112.6324234008789 122.0
107.45784759521484 106.0
111.9527587890625 114.0
140.2965850830078 143.0
145.63235473632812 144.0
103.34104919433594 114.0
120.67111206054688 125.0
114.67061614990234 111.0
149.53131103515625 146.0
132.68380737304688 130.0
107.14781951904297 120.0
131.5087890625 134.0
119.9352798461914 126.0
134.3754119873047 136.0
148.47390747070312 153.0
161.3240203857422 167.0
131.85720825195312 133.0
112.36524200439453 116.0
110.83639526367188 106.0
110.8502197265625 120.0
150.1846923828125 161.0
112.48587036132812 129.0
145.95806884765625 150.0
130.7642822265625 130.0
100.36021423339844 110.0
113.67617797851562 127.0
123.7505111694336 126.0
134.23619079589844 134.0
147.2074432373047 144.0
106.49736022949219 114.0
98.22161865234375 111.0
119.37319946289062 134.0
128.31253051757812 128.0
151.388427734375 158.0
112.51287841796875 110.0
152.33749389648438 153.0
140.09051513671875 149.0
156.98199462890625 162.0
127.43331146240234 132.0
110.65391540527344 117.0
103.61064910888672 122.0
160.40428161621094 159.0
117.34247589111328 126.0
141.9057159423828 154.0
119.55963134765625 132.0
113.6450424194336 124.0
107.25370025634766 112.0
117.28790283203125 119.0
132.60906982421875 139.0
159.8890838623047 167.0
121.66680908203125 135.0
152.69529724121094 160.0
112.00072479248047 122.0
115.25608825683594 118.0
169.37820434570312 176.0
159.8410186767578 169.0
116.52271270751953 127.0
130.48873901367188 134.0
105.15506744384766 121.0
112.73470306396484 122.0
122.31623840332031 128.0
153.85597229003906 154.0
110.85608673095703 108.0
156.3162384033203 155.0
157.86773681640625 167.0
123.07283782958984 130.0
114.36749267578125 115.0
163.12252807617188 167.0
138.61013793945312 148.0
156.15151977539062 171.0
106.63813781738281 111.0
112.00875854492188 122.0
107.11542510986328 106.0
111.09662628173828 114.0
138.6498565673828 143.0
144.1222381591797 144.0
102.67045593261719 114.0
120.0729751586914 125.0
113.88206481933594 111.0
148.0198516845703 146.0
131.2176513671875 130.0
106.00276184082031 120.0
129.89785766601562 134.0
119.46867370605469 126.0
132.84652709960938 136.0
147.5875244140625 153.0
160.3311767578125 167.0
130.6942596435547 133.0
110.8801040649414 116.0
109.8166732788086 106.0
109.66421508789062 120.0
148.3319854736328 161.0
111.27439880371094 129.0
143.63607788085938 150.0
129.49728393554688 130.0
99.35389709472656 110.0
112.35741424560547 127.0
122.4122314453125 126.0
133.77841186523438 134.0
146.96475219726562 144.0
105.36773681640625 114.0
97.75321197509766 111.0
118.42838287353516 134.0
126.8377685546875 128.0
150.021484375 158.0
110.76043701171875 110.0
151.1432647705078 153.0
138.69700622558594 149.0
155.6319580078125 162.0
125.80766296386719 132.0
109.93002319335938 117.0
102.78224182128906 122.0
159.7213897705078 159.0
117.0155029296875 126.0
142.4387664794922 154.0
119.44547271728516 132.0
112.16595458984375 124.0
105.39511108398438 112.0
116.88870239257812 119.0
132.37030029296875 139.0
160.42823791503906 167.0
121.07585906982422 135.0
151.55303955078125 160.0
111.52008056640625 122.0
114.09304809570312 118.0
166.18954467773438 176.0
159.85055541992188 169.0
115.41932678222656 127.0
130.4766845703125 134.0
103.19094848632812 121.0
110.85952758789062 122.0
121.54237365722656 128.0
152.96527099609375 154.0
110.26409149169922 108.0
156.52932739257812 155.0
157.2681884765625 167.0
121.7425765991211 130.0
114.36507415771484 115.0
161.6994171142578 167.0
137.5499725341797 148.0
155.67550659179688 171.0
105.4808578491211 111.0
110.12580871582031 122.0
105.3152847290039 106.0
110.31993103027344 114.0
138.9392547607422 143.0
144.0341796875 144.0
101.2066879272461 114.0
118.58380126953125 125.0
112.74813842773438 111.0
147.80740356445312 146.0
130.6671142578125 130.0
105.30879211425781 120.0
130.29611206054688 134.0
117.5114974975586 126.0
132.12326049804688 136.0
146.6676025390625 153.0
157.78176879882812 167.0
130.10643005371094 133.0
109.99826049804688 116.0
109.73068237304688 106.0
109.73184204101562 120.0
148.5973663330078 161.0
110.53899383544922 129.0
142.65748596191406 150.0
128.0310516357422 130.0
98.39701843261719 110.0
111.77458190917969 127.0
121.58538055419922 126.0
131.9006805419922 134.0
145.01559448242188 144.0
103.75062561035156 114.0
95.78355407714844 111.0
117.52639770507812 134.0
126.6520004272461 128.0
149.41229248046875 158.0
110.18305206298828 110.0
150.39219665527344 153.0
138.6522674560547 149.0
154.5625762939453 162.0
125.0031967163086 132.0
108.54794311523438 117.0
101.36453247070312 122.0
161.40200805664062 159.0
118.38519287109375 126.0
142.68751525878906 154.0
120.67872619628906 132.0
114.63626098632812 124.0
108.22126007080078 112.0
118.20735168457031 119.0
133.6464385986328 139.0
160.5373077392578 167.0
122.88946533203125 135.0
153.64492797851562 160.0
112.53111267089844 122.0
116.32789611816406 118.0
169.84239196777344 176.0
160.7727508544922 169.0
117.26222229003906 127.0
131.18740844726562 134.0
105.55907440185547 121.0
113.439453125 122.0
123.07502746582031 128.0
155.326171875 154.0
111.45304870605469 108.0
157.0612335205078 155.0
159.34262084960938 167.0
124.05216217041016 130.0
114.84307861328125 115.0
163.66334533691406 167.0
139.8363494873047 148.0
157.41879272460938 171.0
107.59085083007812 111.0
113.15605163574219 122.0
108.21421813964844 106.0
112.10000610351562 114.0
139.11639404296875 143.0
145.03591918945312 144.0
103.87202453613281 114.0
121.356689453125 125.0
114.66482543945312 111.0
148.40589904785156 146.0
132.00579833984375 130.0
106.45744323730469 120.0
130.72439575195312 134.0
120.06439208984375 126.0
133.63104248046875 136.0
148.36167907714844 153.0
160.70765686035156 167.0
131.4235076904297 133.0
112.08302307128906 116.0
110.14069366455078 106.0
110.3117904663086 120.0
148.82200622558594 161.0
112.2759017944336 129.0
144.39669799804688 150.0
129.7107696533203 130.0
99.87650299072266 110.0
113.323486328125 127.0
123.70722198486328 126.0
134.50367736816406 134.0
147.4672088623047 144.0
105.96920776367188 114.0
98.45740509033203 111.0
118.89085388183594 134.0
127.68136596679688 128.0
151.1608123779297 158.0
111.87816619873047 110.0
152.0464630126953 153.0
139.48873901367188 149.0
157.1409454345703 162.0
126.21379089355469 132.0
110.9490966796875 117.0
104.96348571777344 122.0
161.4052734375 159.0
118.5668716430664 126.0
142.99728393554688 154.0
120.83509826660156 132.0
114.68659973144531 124.0
107.84896850585938 112.0
118.46941375732422 119.0
134.82278442382812 139.0
161.6548309326172 167.0
123.0912857055664 135.0
154.40721130371094 160.0
113.21131896972656 122.0
116.76447296142578 118.0
171.2960205078125 176.0
161.74893188476562 169.0
117.11087799072266 127.0
131.2464141845703 134.0
106.18009948730469 121.0
113.33000946044922 122.0
123.00001525878906 128.0
155.76779174804688 154.0
111.87705993652344 108.0
158.208984375 155.0
159.20205688476562 167.0
123.94255828857422 130.0
115.69141387939453 115.0
164.99757385253906 167.0
140.23141479492188 148.0
157.89772033691406 171.0
107.92484283447266 111.0
113.29293060302734 122.0
107.93673706054688 106.0
112.43601989746094 114.0
140.56643676757812 143.0
145.4422607421875 144.0
103.90475463867188 114.0
120.9745101928711 125.0
114.8776626586914 111.0
149.54750061035156 146.0
133.04415893554688 130.0
106.97847747802734 120.0
131.2696533203125 134.0
120.41696166992188 126.0
134.0723114013672 136.0
149.4484405517578 153.0
161.490478515625 167.0
131.15533447265625 133.0
112.36432647705078 116.0
110.64080810546875 106.0
110.8924331665039 120.0
150.0576629638672 161.0
112.39311218261719 129.0
144.95932006835938 150.0
129.60467529296875 130.0
100.45061492919922 110.0
113.03050231933594 127.0
123.59403228759766 126.0
134.4532928466797 134.0
147.7407684326172 144.0
106.64582824707031 114.0
98.84375762939453 111.0
119.51571655273438 134.0
127.42282104492188 128.0
151.17056274414062 158.0
111.5100326538086 110.0
153.01446533203125 153.0
138.7805938720703 149.0
157.664794921875 162.0
127.15501403808594 132.0
111.18930053710938 117.0
104.18305206298828 122.0
