158.36798095703125 159.0
124.82054138183594 126.0
126.34915161132812 154.0
123.74169158935547 132.0
138.72686767578125 124.0
136.1212158203125 112.0
114.22476196289062 119.0
134.1614532470703 139.0
145.98313903808594 167.0
154.39476013183594 135.0
163.69053649902344 160.0
122.7850112915039 122.0
134.392822265625 118.0
124.08673095703125 176.0
159.5997314453125 169.0
128.142822265625 127.0
145.50648498535156 134.0
147.66824340820312 121.0
141.19769287109375 122.0
144.64385986328125 128.0
157.3407745361328 154.0
120.46859741210938 108.0
142.25387573242188 155.0
172.87606811523438 167.0
143.4627227783203 130.0
113.96856689453125 115.0
160.4158935546875 167.0
130.96084594726562 148.0
164.461181640625 171.0
123.62567901611328 111.0
147.762939453125 122.0
147.8478546142578 106.0
125.55192565917969 114.0
132.15432739257812 143.0
131.9266815185547 144.0
152.99758911132812 114.0
162.12701416015625 125.0
129.7958526611328 111.0
154.96841430664062 146.0
135.32298278808594 130.0
113.29582214355469 120.0
125.13577270507812 134.0
140.31251525878906 126.0
153.49839782714844 136.0
161.07159423828125 153.0
136.72610473632812 167.0
153.06564331054688 133.0
118.66580963134766 116.0
107.11320495605469 106.0
118.05372619628906 120.0
134.91366577148438 161.0
140.74903869628906 129.0
148.22064208984375 150.0
120.36715698242188 130.0
120.91038513183594 110.0
145.1299285888672 127.0
141.1229705810547 126.0
162.76773071289062 134.0
178.361572265625 144.0
125.83828735351562 114.0
129.45631408691406 111.0
117.79352569580078 134.0
122.90657043457031 128.0
139.81326293945312 158.0
140.56674194335938 110.0
153.75289916992188 153.0
144.11904907226562 149.0
156.0909423828125 162.0
120.42294311523438 132.0
135.12533569335938 117.0
163.69741821289062 122.0
142.3443145751953 159.0
113.13351440429688 126.0
136.4510498046875 154.0
107.52001953125 132.0
100.1507568359375 124.0
63.132877349853516 112.0
129.90699768066406 119.0
119.77261352539062 139.0
144.31524658203125 167.0
110.34596252441406 135.0
104.92738342285156 160.0
100.26187896728516 122.0
105.57087707519531 118.0
90.8543701171875 176.0
143.18798828125 169.0
125.95162963867188 127.0
156.33502197265625 134.0
100.1285629272461 121.0
68.01231384277344 122.0
142.7662353515625 128.0
129.15902709960938 154.0
98.1998519897461 108.0
139.612060546875 155.0
115.58338928222656 167.0
136.45359802246094 130.0
118.62705993652344 115.0
104.57915496826172 167.0
100.07762145996094 148.0
138.8834686279297 171.0
93.26712036132812 111.0
106.47340393066406 122.0
78.42877960205078 106.0
99.88967895507812 114.0
140.35971069335938 143.0
141.84463500976562 144.0
123.45116424560547 114.0
112.05709838867188 125.0
119.42041778564453 111.0
135.92977905273438 146.0
125.27352905273438 130.0
115.2398681640625 120.0
133.10525512695312 134.0
72.00235748291016 126.0
127.02765655517578 136.0
111.85537719726562 153.0
110.48423767089844 167.0
121.92471313476562 133.0
122.90985870361328 116.0
115.1849594116211 106.0
115.61279296875 120.0
136.46145629882812 161.0
95.03553771972656 129.0
124.79258728027344 150.0
130.89633178710938 130.0
105.72039794921875 110.0
101.14080810546875 127.0
110.25457763671875 126.0
156.27296447753906 134.0
97.7162857055664 144.0
112.4814682006836 114.0
101.02779388427734 111.0
118.30583190917969 134.0
132.2826690673828 128.0
140.87425231933594 158.0
126.81993103027344 110.0
102.84525299072266 153.0
137.3744659423828 149.0
122.68762969970703 162.0
142.08078002929688 132.0
88.37759399414062 117.0
102.91084289550781 122.0
153.93690490722656 159.0
125.74021911621094 126.0
139.67591857910156 154.0
119.19197082519531 132.0
109.47618865966797 124.0
110.3878402709961 112.0
121.89486694335938 119.0
132.75686645507812 139.0
148.16171264648438 167.0
124.95391082763672 135.0
159.44741821289062 160.0
112.2901382446289 122.0
115.69647216796875 118.0
154.42535400390625 176.0
152.86376953125 169.0
133.22706604003906 127.0
148.11578369140625 134.0
120.44046020507812 121.0
119.21862030029297 122.0
137.36849975585938 128.0
145.00572204589844 154.0
113.2420883178711 108.0
144.68312072753906 155.0
147.2437286376953 167.0
131.26524353027344 130.0
119.59807586669922 115.0
166.46604919433594 167.0
127.59681701660156 148.0
150.9210662841797 171.0
111.55738830566406 111.0
117.30154418945312 122.0
110.0655746459961 106.0
115.54584503173828 114.0
133.55052185058594 143.0
148.70706176757812 144.0
124.7330093383789 114.0
134.03598022460938 125.0
110.43621826171875 111.0
145.53384399414062 146.0
129.67466735839844 130.0
113.1265640258789 120.0
132.68963623046875 134.0
122.93729400634766 126.0
134.23048400878906 136.0
148.4619903564453 153.0
157.5511016845703 167.0
142.96461486816406 133.0
116.8875503540039 116.0
114.58818054199219 106.0
118.97404479980469 120.0
139.359619140625 161.0
115.29637908935547 129.0
128.98150634765625 150.0
143.2348175048828 130.0
110.84730529785156 110.0
121.51300811767578 127.0
120.57209777832031 126.0
146.73855590820312 134.0
148.33575439453125 144.0
112.21780395507812 114.0
114.76580810546875 111.0
123.13925170898438 134.0
143.26904296875 128.0
144.1455841064453 158.0
126.02152252197266 110.0
145.8652801513672 153.0
151.4911651611328 149.0
138.7115936279297 162.0
130.54403686523438 132.0
115.34098052978516 117.0
110.67255401611328 122.0
200.84103393554688 159.0
162.49945068359375 126.0
190.25775146484375 154.0
154.45034790039062 132.0
141.03713989257812 124.0
134.76670837402344 112.0
182.29176330566406 119.0
189.7356414794922 139.0
214.9669952392578 167.0
174.67742919921875 135.0
187.0663604736328 160.0
159.50558471679688 122.0
159.40660095214844 118.0
192.07501220703125 176.0
217.2220916748047 169.0
180.63523864746094 127.0
194.880126953125 134.0
145.69056701660156 121.0
142.2370147705078 122.0
186.62802124023438 128.0
196.98934936523438 154.0
156.64239501953125 108.0
206.9647216796875 155.0
181.71669006347656 167.0
171.83731079101562 130.0
168.5305633544922 115.0
184.22669982910156 167.0
164.86094665527344 148.0
214.62530517578125 171.0
141.7787322998047 111.0
152.70249938964844 122.0
151.95559692382812 106.0
152.51409912109375 114.0
199.19183349609375 143.0
203.2301025390625 144.0
177.9022979736328 114.0
175.61093139648438 125.0
168.4434814453125 111.0
199.61741638183594 146.0
188.898193359375 130.0
161.27978515625 120.0
185.4477081298828 134.0
136.4932861328125 126.0
171.77029418945312 136.0
183.87635803222656 153.0
195.08255004882812 167.0
185.9331817626953 133.0
180.27752685546875 116.0
167.96295166015625 106.0
163.73056030273438 120.0
202.13365173339844 161.0
136.7094268798828 129.0
172.3944549560547 150.0
178.0418701171875 130.0
151.53549194335938 110.0
149.02536010742188 127.0
153.1846923828125 126.0
200.50836181640625 134.0
176.92767333984375 144.0
170.27252197265625 114.0
154.44093322753906 111.0
171.51101684570312 134.0
194.05030822753906 128.0
188.83114624023438 158.0
172.50367736816406 110.0
171.97763061523438 153.0
191.4483642578125 149.0
197.01171875 162.0
201.43345642089844 132.0
134.23092651367188 117.0
156.59518432617188 122.0
153.72726440429688 159.0
115.53262329101562 126.0
123.21105194091797 154.0
105.59249877929688 132.0
95.02430725097656 124.0
94.37496185302734 112.0
107.9361801147461 119.0
124.86076354980469 139.0
150.00390625 167.0
124.26826477050781 135.0
143.40869140625 160.0
110.71929931640625 122.0
111.22766876220703 118.0
141.475341796875 176.0
147.62149047851562 169.0
123.3564224243164 127.0
123.01609802246094 134.0
108.58551025390625 121.0
102.0306396484375 122.0
117.76765441894531 128.0
142.7351837158203 154.0
105.11017608642578 108.0
142.34716796875 155.0
146.35940551757812 167.0
110.31727600097656 130.0
105.0798110961914 115.0
140.8696746826172 167.0
127.82002258300781 148.0
158.32493591308594 171.0
94.756591796875 111.0
100.66433715820312 122.0
97.2747802734375 106.0
105.2979736328125 114.0
125.79640197753906 143.0
137.8159637451172 144.0
116.664306640625 114.0
125.92303466796875 125.0
101.64566802978516 111.0
137.96063232421875 146.0
119.65425872802734 130.0
108.69351196289062 120.0
121.74742126464844 134.0
98.95769500732422 126.0
121.06766510009766 136.0
137.63755798339844 153.0
131.67654418945312 167.0
124.67134857177734 133.0
107.05198669433594 116.0
102.55595397949219 106.0
102.74690246582031 120.0
133.50218200683594 161.0
106.83586120605469 129.0
147.46449279785156 150.0
120.34149169921875 130.0
104.14785766601562 110.0
110.85399627685547 127.0
110.74517059326172 126.0
143.98812866210938 134.0
140.06748962402344 144.0
114.38726806640625 114.0
101.08850860595703 111.0
105.72471618652344 134.0
125.17362976074219 128.0
139.45733642578125 158.0
112.86198425292969 110.0
137.5059051513672 153.0
132.5419921875 149.0
145.01144409179688 162.0
115.40522003173828 132.0
98.63916015625 117.0
125.52024841308594 122.0
186.74020385742188 159.0
162.75071716308594 126.0
173.98995971679688 154.0
148.3511505126953 132.0
147.1292724609375 124.0
151.6300811767578 112.0
165.02349853515625 119.0
167.18063354492188 139.0
188.0961456298828 167.0
172.4923553466797 135.0
191.1867218017578 160.0
159.05026245117188 122.0
163.34820556640625 118.0
177.51089477539062 176.0
200.15213012695312 169.0
173.20474243164062 127.0
181.93954467773438 134.0
141.43597412109375 121.0
155.56942749023438 122.0
175.71560668945312 128.0
177.67236328125 154.0
151.18284606933594 108.0
181.88063049316406 155.0
194.65521240234375 167.0
160.0865936279297 130.0
151.22433471679688 115.0
189.89027404785156 167.0
157.2611083984375 148.0
213.91534423828125 171.0
136.59561157226562 111.0
155.29653930664062 122.0
165.6707763671875 106.0
149.04270935058594 114.0
171.5411834716797 143.0
189.1169891357422 144.0
186.4555206298828 114.0
192.46481323242188 125.0
167.306640625 111.0
189.3785400390625 146.0
175.3636016845703 130.0
159.57846069335938 120.0
166.36361694335938 134.0
144.9651336669922 126.0
163.71302795410156 136.0
185.6163330078125 153.0
171.75717163085938 167.0
190.30174255371094 133.0
174.4376220703125 116.0
152.80873107910156 106.0
152.53546142578125 120.0
174.00299072265625 161.0
139.3262176513672 129.0
161.06024169921875 150.0
155.82106018066406 130.0
148.72402954101562 110.0
157.82147216796875 127.0
148.8684844970703 126.0
196.58206176757812 134.0
184.19102478027344 144.0
165.68490600585938 114.0
153.04685974121094 111.0
158.9593048095703 134.0
180.1060791015625 128.0
172.80471801757812 158.0
175.89010620117188 110.0
183.70669555664062 153.0
190.18743896484375 149.0
183.29347229003906 162.0
175.8299102783203 132.0
131.91688537597656 117.0
206.3037872314453 122.0
158.13526916503906 159.0
103.22908020019531 126.0
124.07295227050781 154.0
103.19367980957031 132.0
98.03524780273438 124.0
96.36632537841797 112.0
111.03387451171875 119.0
131.6504364013672 139.0
152.4844207763672 167.0
115.6851806640625 135.0
142.28558349609375 160.0
107.39208221435547 122.0
107.00056457519531 118.0
150.3439483642578 176.0
149.80279541015625 169.0
111.40895080566406 127.0
130.63442993164062 134.0
101.65614318847656 121.0
102.24239349365234 122.0
123.45079040527344 128.0
148.33352661132812 154.0
105.49810028076172 108.0
148.483642578125 155.0
143.51068115234375 167.0
116.16655731201172 130.0
111.46500396728516 115.0
145.17532348632812 167.0
128.5963592529297 148.0
143.17054748535156 171.0
90.65062713623047 111.0
106.37422180175781 122.0
102.64155578613281 106.0
99.94088745117188 114.0
133.9676971435547 143.0
132.75863647460938 144.0
103.32148742675781 114.0
113.64089965820312 125.0
111.28433227539062 111.0
137.30067443847656 146.0
123.52276611328125 130.0
103.11148834228516 120.0
126.07234954833984 134.0
106.59306335449219 126.0
123.33387756347656 136.0
137.26910400390625 153.0
143.78189086914062 167.0
131.74513244628906 133.0
106.04019927978516 116.0
108.35365295410156 106.0
103.24097442626953 120.0
140.46240234375 161.0
99.99052429199219 129.0
132.8306121826172 150.0
123.95939636230469 130.0
95.73591613769531 110.0
106.05723571777344 127.0
114.05424499511719 126.0
126.56690216064453 134.0
129.185302734375 144.0
105.54853820800781 114.0
100.32730102539062 111.0
107.20317077636719 134.0
116.92739868164062 128.0
143.01739501953125 158.0
110.16727447509766 110.0
136.3382568359375 153.0
132.91578674316406 149.0
146.59921264648438 162.0
125.46116638183594 132.0
101.01185607910156 117.0
93.7574691772461 122.0
141.83807373046875 159.0
101.1114730834961 126.0
112.42478942871094 154.0
95.383544921875 132.0
90.587158203125 124.0
99.19686126708984 112.0
95.75778198242188 119.0
110.5047607421875 139.0
133.38095092773438 167.0
106.45425415039062 135.0
137.61740112304688 160.0
102.71734619140625 122.0
95.57997131347656 118.0
136.23526000976562 176.0
137.84451293945312 169.0
101.68685150146484 127.0
103.43846130371094 134.0
101.70555877685547 121.0
105.98849487304688 122.0
103.66349029541016 128.0
120.1386489868164 154.0
98.73912048339844 108.0
127.92523193359375 155.0
136.81396484375 167.0
92.64073944091797 130.0
94.55403137207031 115.0
140.8384552001953 167.0
119.9066162109375 148.0
135.9498748779297 171.0
87.72372436523438 111.0
84.68350982666016 122.0
91.18357849121094 106.0
95.2704086303711 114.0
110.81991577148438 143.0
117.50100708007812 144.0
96.1282730102539 114.0
109.82246398925781 125.0
99.34954833984375 111.0
130.37164306640625 146.0
108.71633911132812 130.0
95.91073608398438 120.0
109.33478546142578 134.0
102.9766616821289 126.0
108.89198303222656 136.0
131.66500854492188 153.0
129.77294921875 167.0
119.00152587890625 133.0
86.14378356933594 116.0
94.35151672363281 106.0
90.91606140136719 120.0
120.57373046875 161.0
100.01663208007812 129.0
122.94390106201172 150.0
105.0877685546875 130.0
88.6221694946289 110.0
106.67723083496094 127.0
104.12848663330078 126.0
128.91827392578125 134.0
136.19346618652344 144.0
96.13075256347656 114.0
87.03353881835938 111.0
97.18507385253906 134.0
106.65280151367188 128.0
125.59803771972656 158.0
100.29511260986328 110.0
132.1924285888672 153.0
120.30729675292969 149.0
122.13531494140625 162.0
95.74060821533203 132.0
93.22154235839844 117.0
92.82473754882812 122.0
135.02490234375 159.0
95.24420166015625 126.0
113.38569641113281 154.0
96.41011047363281 132.0
86.07801055908203 124.0
79.84716033935547 112.0
88.94210052490234 119.0
107.92701721191406 139.0
130.82862854003906 167.0
99.6806640625 135.0
122.63838195800781 160.0
91.60945892333984 122.0
91.66936492919922 118.0
110.74369049072266 176.0
126.61424255371094 169.0
95.01360321044922 127.0
104.05960845947266 134.0
84.37116241455078 121.0
86.45222473144531 122.0
101.04106903076172 128.0
120.12750244140625 154.0
89.75102233886719 108.0
127.38545227050781 155.0
129.60508728027344 167.0
94.79048156738281 130.0
91.87288665771484 115.0
128.34640502929688 167.0
114.95867919921875 148.0
123.46943664550781 171.0
77.30049896240234 111.0
84.00775909423828 122.0
78.11616516113281 106.0
86.53752899169922 114.0
114.3076171875 143.0
116.10990142822266 144.0
80.46986389160156 114.0
94.9490966796875 125.0
86.5381088256836 111.0
118.6141357421875 146.0
102.5355224609375 130.0
87.10758209228516 120.0
107.0920181274414 134.0
90.72254943847656 126.0
108.29280090332031 136.0
119.2591323852539 153.0
113.8633804321289 167.0
108.70963287353516 133.0
81.83283233642578 116.0
87.10987091064453 106.0
87.87100219726562 120.0
120.25511169433594 161.0
92.66120910644531 129.0
124.25167846679688 150.0
103.16902923583984 130.0
81.10186767578125 110.0
96.09136962890625 127.0
102.07807922363281 126.0
105.91975402832031 134.0
107.77069854736328 144.0
81.2027587890625 114.0
72.19266510009766 111.0
91.4729995727539 134.0
101.32402801513672 128.0
122.05801391601562 158.0
88.52291870117188 110.0
117.21553802490234 153.0
118.12123107910156 149.0
117.02491760253906 162.0
95.95561218261719 132.0
87.5737075805664 117.0
67.07000732421875 122.0
200.5621337890625 159.0
132.25201416015625 126.0
156.09251403808594 154.0
132.56655883789062 132.0
120.99526977539062 124.0
122.52947998046875 112.0
133.2600555419922 119.0
163.14564514160156 139.0
190.03070068359375 167.0
144.27615356445312 135.0
177.38128662109375 160.0
128.99978637695312 122.0
131.2666778564453 118.0
173.13844299316406 176.0
186.01405334472656 169.0
132.18966674804688 127.0
150.353271484375 134.0
123.90943145751953 121.0
131.03651428222656 122.0
140.61000061035156 128.0
178.84925842285156 154.0
126.43093872070312 108.0
187.1624298095703 155.0
184.4012451171875 167.0
134.4401397705078 130.0
129.810791015625 115.0
183.69842529296875 167.0
166.34829711914062 148.0
181.369873046875 171.0
113.1457748413086 111.0
123.89064025878906 122.0
128.62255859375 106.0
125.22100830078125 114.0
169.6651611328125 143.0
166.79103088378906 144.0
119.207275390625 114.0
145.01792907714844 125.0
128.91098022460938 111.0
170.8841552734375 146.0
151.4337615966797 130.0
123.88423156738281 120.0
150.79103088378906 134.0
131.2160186767578 126.0
155.60179138183594 136.0
171.18267822265625 153.0
171.34854125976562 167.0
158.1663360595703 133.0
125.57540893554688 116.0
124.10299682617188 106.0
123.97480010986328 120.0
173.98472595214844 161.0
127.06475830078125 129.0
174.5161590576172 150.0
139.34918212890625 130.0
115.50161743164062 110.0
133.0545654296875 127.0
145.36558532714844 126.0
157.02154541015625 134.0
157.3562774658203 144.0
123.41162109375 114.0
115.04276275634766 111.0
131.08909606933594 134.0
143.87863159179688 128.0
182.98764038085938 158.0
127.58718872070312 110.0
168.84213256835938 153.0
162.60191345214844 149.0
183.7415008544922 162.0
142.86349487304688 132.0
124.93390655517578 117.0
122.94833374023438 122.0
182.0165252685547 159.0
150.98171997070312 126.0
161.11109924316406 154.0
143.7329864501953 132.0
141.5681915283203 124.0
136.1243896484375 112.0
137.36026000976562 119.0
158.06678771972656 139.0
178.6861572265625 167.0
150.98428344726562 135.0
182.82923889160156 160.0
142.86146545410156 122.0
142.6101837158203 118.0
168.34556579589844 176.0
179.1022491455078 169.0
150.05503845214844 127.0
163.48699951171875 134.0
137.0813446044922 121.0
144.89234924316406 122.0
157.56820678710938 128.0
170.15689086914062 154.0
138.8190155029297 108.0
173.780029296875 155.0
181.45147705078125 167.0
150.63992309570312 130.0
136.08538818359375 115.0
185.4139404296875 167.0
157.02806091308594 148.0
187.9309539794922 171.0
133.63096618652344 111.0
135.12445068359375 122.0
129.50413513183594 106.0
138.1417236328125 114.0
159.17214965820312 143.0
166.05601501464844 144.0
151.4877471923828 114.0
157.8523406982422 125.0
136.1272430419922 111.0
171.8712615966797 146.0
150.78729248046875 130.0
139.70164489746094 120.0
148.41824340820312 134.0
145.4716796875 126.0
158.07460021972656 136.0
175.22068786621094 153.0
164.90377807617188 167.0
167.76229858398438 133.0
142.01698303222656 116.0
129.83692932128906 106.0
133.34779357910156 120.0
164.3719482421875 161.0
145.4508056640625 129.0
158.48916625976562 150.0
149.40875244140625 130.0
136.27456665039062 110.0
145.11370849609375 127.0
150.36004638671875 126.0
174.6107635498047 134.0
179.5078887939453 144.0
139.55160522460938 114.0
131.2286376953125 111.0
144.6171417236328 134.0
156.8094024658203 128.0
167.27952575683594 158.0
157.32701110839844 110.0
176.9381103515625 153.0
178.2929229736328 149.0
169.7411651611328 162.0
147.60018920898438 132.0
135.30859375 117.0
144.9755096435547 122.0
134.8934783935547 159.0
101.87722778320312 126.0
116.1842269897461 154.0
99.23469543457031 132.0
94.24644470214844 124.0
80.174560546875 112.0
80.6591567993164 119.0
119.02223205566406 139.0
144.5887908935547 167.0
105.92426300048828 135.0
149.74404907226562 160.0
97.90451049804688 122.0
100.31926727294922 118.0
148.40274047851562 176.0
145.91006469726562 169.0
98.86454010009766 127.0
100.16206359863281 134.0
88.0375747680664 121.0
83.59791564941406 122.0
96.58589935302734 128.0
128.0054473876953 154.0
98.81924438476562 108.0
141.83277893066406 155.0
141.69224548339844 167.0
97.55744934082031 130.0
97.0274429321289 115.0
159.17311096191406 167.0
112.0357437133789 148.0
135.8785858154297 171.0
85.33678436279297 111.0
92.35325622558594 122.0
86.49476623535156 106.0
90.94998168945312 114.0
120.54644775390625 143.0
123.99221801757812 144.0
78.03897094726562 114.0
97.89460754394531 125.0
92.18035125732422 111.0
135.17669677734375 146.0
112.82136535644531 130.0
88.41229248046875 120.0
113.95269775390625 134.0
89.2646484375 126.0
108.77891540527344 136.0
140.49342346191406 153.0
148.51881408691406 167.0
105.77027893066406 133.0
84.38526153564453 116.0
91.37561798095703 106.0
89.97887420654297 120.0
131.715087890625 161.0
87.97700500488281 129.0
116.49308013916016 150.0
112.613525390625 130.0
84.0052261352539 110.0
92.79158020019531 127.0
101.23176574707031 126.0
112.77984619140625 134.0
123.66390228271484 144.0
81.8975601196289 114.0
81.6758041381836 111.0
99.8204345703125 134.0
103.65679168701172 128.0
128.5679931640625 158.0
87.17811584472656 110.0
142.86764526367188 153.0
115.5497055053711 149.0
129.41653442382812 162.0
102.7844009399414 132.0
91.12649536132812 117.0
55.06304168701172 122.0
181.51832580566406 159.0
131.53480529785156 126.0
154.52149963378906 154.0
132.30426025390625 132.0
123.95105743408203 124.0
118.36354064941406 112.0
122.78148651123047 119.0
153.8681640625 139.0
180.81906127929688 167.0
138.29269409179688 135.0
174.73341369628906 160.0
128.02127075195312 122.0
131.03103637695312 118.0
178.08872985839844 176.0
180.21438598632812 169.0
129.16783142089844 127.0
139.92759704589844 134.0
118.66462707519531 121.0
130.7183074951172 122.0
131.38623046875 128.0
175.07546997070312 154.0
127.11042785644531 108.0
176.08839416503906 155.0
172.51187133789062 167.0
130.93856811523438 130.0
128.0376739501953 115.0
184.93202209472656 167.0
154.7432098388672 148.0
171.76739501953125 171.0
121.8085708618164 111.0
125.66015625 122.0
126.5172119140625 106.0
125.05166625976562 114.0
159.09896850585938 143.0
164.33782958984375 144.0
116.28248596191406 114.0
136.9350128173828 125.0
130.0691680908203 111.0
165.821533203125 146.0
149.46644592285156 130.0
119.35977172851562 120.0
149.58799743652344 134.0
129.6685028076172 126.0
144.6407012939453 136.0
166.96115112304688 153.0
172.7352294921875 167.0
147.32171630859375 133.0
125.09353637695312 116.0
124.56643676757812 106.0
124.1547622680664 120.0
168.28904724121094 161.0
119.28817749023438 129.0
158.09446716308594 150.0
137.13182067871094 130.0
116.18124389648438 110.0
124.17540740966797 127.0
135.7954559326172 126.0
151.48800659179688 134.0
158.3463134765625 144.0
116.16233825683594 114.0
114.88641357421875 111.0
135.08424377441406 134.0
138.35360717773438 128.0
166.61306762695312 158.0
118.06047058105469 110.0
168.972412109375 153.0
152.4407501220703 149.0
176.60194396972656 162.0
140.32351684570312 132.0
123.3199234008789 117.0
116.65535736083984 122.0
135.65431213378906 159.0
95.88433837890625 126.0
112.2540512084961 154.0
94.4936294555664 132.0
88.5309066772461 124.0
90.27104949951172 112.0
90.32327270507812 119.0
109.2359848022461 139.0
129.6173858642578 167.0
99.57780456542969 135.0
131.7408447265625 160.0
89.56027221679688 122.0
91.82134246826172 118.0
144.03030395507812 176.0
133.89752197265625 169.0
94.02737426757812 127.0
97.82481384277344 134.0
93.0924072265625 121.0
96.93203735351562 122.0
94.47147369384766 128.0
123.02699279785156 154.0
89.3718032836914 108.0
127.01629638671875 155.0
136.36915588378906 167.0
95.65631103515625 130.0
89.21194458007812 115.0
140.7496795654297 167.0
114.76632690429688 148.0
128.40484619140625 171.0
83.40681457519531 111.0
85.82958984375 122.0
83.96727752685547 106.0
89.04389953613281 114.0
111.95601654052734 143.0
119.28900146484375 144.0
80.12460327148438 114.0
102.03901672363281 125.0
89.28824615478516 111.0
123.89065551757812 146.0
104.08232879638672 130.0
82.84170532226562 120.0
104.08808898925781 134.0
100.30043029785156 126.0
107.48640441894531 136.0
126.56524658203125 153.0
134.7415008544922 167.0
107.72455596923828 133.0
85.13621520996094 116.0
86.65278625488281 106.0
86.37464141845703 120.0
120.19869995117188 161.0
91.99176025390625 129.0
115.43526458740234 150.0
108.15894317626953 130.0
77.33830261230469 110.0
96.08181762695312 127.0
100.14350891113281 126.0
119.07489013671875 134.0
128.87484741210938 144.0
82.39134979248047 114.0
75.42157745361328 111.0
95.20028686523438 134.0
100.40447235107422 128.0
123.36602020263672 158.0
86.53349304199219 110.0
130.44480895996094 153.0
116.31851196289062 149.0
125.74919128417969 162.0
94.90292358398438 132.0
92.53915405273438 117.0
80.27371215820312 122.0
164.4188690185547 159.0
123.36309814453125 126.0
145.0697784423828 154.0
123.66973876953125 132.0
111.2245864868164 124.0
106.98521423339844 112.0
126.22223663330078 119.0
136.2465057373047 139.0
163.65896606445312 167.0
125.22810363769531 135.0
155.38851928710938 160.0
121.2522201538086 122.0
120.99568176269531 118.0
167.99476623535156 176.0
168.486083984375 169.0
121.48251342773438 127.0
139.98609924316406 134.0
108.78495025634766 121.0
111.27682495117188 122.0
128.35626220703125 128.0
151.8432159423828 154.0
119.18486785888672 108.0
161.29983520507812 155.0
158.6304473876953 167.0
124.68387603759766 130.0
125.31623840332031 115.0
163.38377380371094 167.0
135.88525390625 148.0
160.29641723632812 171.0
103.62614440917969 111.0
111.96593475341797 122.0
110.46661376953125 106.0
115.43836212158203 114.0
146.1072998046875 143.0
153.02938842773438 144.0
106.06330108642578 114.0
122.346923828125 125.0
121.76892852783203 111.0
154.6077117919922 146.0
138.98794555664062 130.0
116.23420715332031 120.0
139.4360809326172 134.0
116.12102508544922 126.0
133.66311645507812 136.0
151.23655700683594 153.0
155.843994140625 167.0
139.90472412109375 133.0
118.74928283691406 116.0
124.34539794921875 106.0
120.6056900024414 120.0
152.5018310546875 161.0
109.89106750488281 129.0
138.87460327148438 150.0
136.64915466308594 130.0
107.76964569091797 110.0
117.70986938476562 127.0
124.04689025878906 126.0
135.73280334472656 134.0
136.8751983642578 144.0
111.9161148071289 114.0
102.67626190185547 111.0
120.55931091308594 134.0
133.35159301757812 128.0
151.08462524414062 158.0
118.2386474609375 110.0
155.380615234375 153.0
148.17462158203125 149.0
154.0511474609375 162.0
137.19041442871094 132.0
108.82280731201172 117.0
101.18790435791016 122.0
235.47537231445312 159.0
173.3751983642578 126.0
200.980712890625 154.0
168.52406311035156 132.0
150.4813232421875 124.0
162.76675415039062 112.0
192.8408203125 119.0
170.01063537597656 139.0
206.65037536621094 167.0
181.2717742919922 135.0
193.88768005371094 160.0
159.1993408203125 122.0
178.21893310546875 118.0
204.31236267089844 176.0
213.361328125 169.0
186.6031036376953 127.0
215.17245483398438 134.0
154.1788330078125 121.0
166.79135131835938 122.0
194.57754516601562 128.0
200.4908447265625 154.0
149.69554138183594 108.0
203.1244659423828 155.0
213.71763610839844 167.0
180.9317169189453 130.0
157.489501953125 115.0
197.71630859375 167.0
187.676513671875 148.0
243.67657470703125 171.0
142.2096710205078 111.0
161.497802734375 122.0
159.32559204101562 106.0
167.90679931640625 114.0
177.0166473388672 143.0
209.6754913330078 144.0
187.9089813232422 114.0
195.89056396484375 125.0
166.42164611816406 111.0
192.38648986816406 146.0
176.5619659423828 130.0
171.40670776367188 120.0
169.37832641601562 134.0
162.89601135253906 126.0
182.8770751953125 136.0
189.93655395507812 153.0
192.80877685546875 167.0
202.22227478027344 133.0
184.62620544433594 116.0
154.01113891601562 106.0
167.465087890625 120.0
185.27963256835938 161.0
163.04342651367188 129.0
202.46527099609375 150.0
188.52735900878906 130.0
162.80136108398438 110.0
176.69642639160156 127.0
172.82403564453125 126.0
204.63101196289062 134.0
199.72494506835938 144.0
186.53213500976562 114.0
163.8170928955078 111.0
170.7699432373047 134.0
202.7386016845703 128.0
205.80868530273438 158.0
193.78244018554688 110.0
195.17803955078125 153.0
226.08140563964844 149.0
212.23074340820312 162.0
195.84161376953125 132.0
143.67922973632812 117.0
219.8794708251953 122.0
163.200439453125 159.0
121.58644104003906 126.0
151.98484802246094 154.0
122.28300476074219 132.0
107.3021469116211 124.0
95.10294342041016 112.0
126.08356475830078 119.0
140.44317626953125 139.0
170.945068359375 167.0
127.3857421875 135.0
156.4430389404297 160.0
124.22526550292969 122.0
118.72803497314453 118.0
162.91456604003906 176.0
173.3733367919922 169.0
121.87532043457031 127.0
140.84556579589844 134.0
98.49061584472656 121.0
98.20497131347656 122.0
131.60845947265625 128.0
151.89724731445312 154.0
117.99755859375 108.0
170.57199096679688 155.0
156.17648315429688 167.0
127.35445404052734 130.0
131.6446075439453 115.0
162.61874389648438 167.0
140.3142852783203 148.0
160.90794372558594 171.0
102.47484588623047 111.0
108.87926483154297 122.0
106.79891967773438 106.0
112.12097930908203 114.0
156.06788635253906 143.0
154.9154815673828 144.0
102.70684814453125 114.0
114.34022521972656 125.0
122.53739166259766 111.0
157.95602416992188 146.0
138.7914276123047 130.0
117.77104187011719 120.0
140.59884643554688 134.0
101.9501724243164 126.0
134.27838134765625 136.0
154.14791870117188 153.0
160.15896606445312 167.0
132.64315795898438 133.0
119.24747467041016 116.0
124.02171325683594 106.0
117.06124877929688 120.0
157.978271484375 161.0
103.98092651367188 129.0
141.091064453125 150.0
136.78050231933594 130.0
106.69967651367188 110.0
110.7399673461914 127.0
120.45912170410156 126.0
128.8736114501953 134.0
127.97681427001953 144.0
110.94955444335938 114.0
101.044677734375 111.0
120.18083190917969 134.0
132.9933319091797 128.0
158.27767944335938 158.0
117.37210845947266 110.0
148.72674560546875 153.0
144.9444122314453 149.0
155.09210205078125 162.0
141.02581787109375 132.0
103.72694396972656 117.0
85.0634994506836 122.0
155.8242645263672 159.0
109.84766387939453 126.0
128.56863403320312 154.0
111.78692626953125 132.0
104.8355712890625 124.0
100.09605407714844 112.0
113.56698608398438 119.0
125.24617004394531 139.0
147.28866577148438 167.0
112.98655700683594 135.0
139.33468627929688 160.0
105.0814437866211 122.0
110.50617218017578 118.0
154.3865203857422 176.0
147.45884704589844 169.0
107.74103546142578 127.0
126.6684799194336 134.0
101.66389465332031 121.0
106.1961669921875 122.0
119.91082000732422 128.0
143.3555145263672 154.0
101.584716796875 108.0
146.84127807617188 155.0
145.34860229492188 167.0
116.69932556152344 130.0
105.6844711303711 115.0
148.0047149658203 167.0
135.31509399414062 148.0
147.97991943359375 171.0
95.17628479003906 111.0
106.34881591796875 122.0
101.99162292480469 106.0
105.20482635498047 114.0
131.5418701171875 143.0
134.88168334960938 144.0
97.31324768066406 114.0
113.93572235107422 125.0
105.8108901977539 111.0
136.05612182617188 146.0
121.23728942871094 130.0
101.95286560058594 120.0
118.43067169189453 134.0
108.45741271972656 126.0
124.53316497802734 136.0
135.9585723876953 153.0
145.31942749023438 167.0
124.37963104248047 133.0
104.53125762939453 116.0
100.36133575439453 106.0
103.244384765625 120.0
137.4234619140625 161.0
103.0081558227539 129.0
135.1453857421875 150.0
123.30396270751953 130.0
96.33907318115234 110.0
107.4898910522461 127.0
114.97142028808594 126.0
125.16907501220703 134.0
130.37156677246094 144.0
105.5052490234375 114.0
95.65492248535156 111.0
109.09515380859375 134.0
117.03736114501953 128.0
145.03948974609375 158.0
109.54369354248047 110.0
136.9974365234375 153.0
132.17428588867188 149.0
146.2664031982422 162.0
119.00715637207031 132.0
104.54871368408203 117.0
93.38419342041016 122.0
172.0972137451172 159.0
122.69204711914062 126.0
149.6227264404297 154.0
123.4602279663086 132.0
112.14169311523438 124.0
103.72036743164062 112.0
120.74051666259766 119.0
137.89434814453125 139.0
171.75462341308594 167.0
124.85127258300781 135.0
154.86045837402344 160.0
121.27320861816406 122.0
121.92707824707031 118.0
149.07192993164062 176.0
167.32005310058594 169.0
121.97213745117188 127.0
138.24298095703125 134.0
114.52163696289062 121.0
111.74431610107422 122.0
130.8969268798828 128.0
159.4392852783203 154.0
117.35148620605469 108.0
167.93113708496094 155.0
163.77938842773438 167.0
126.82527160644531 130.0
126.07334899902344 115.0
163.43389892578125 167.0
146.53286743164062 148.0
161.7763214111328 171.0
101.91389465332031 111.0
113.89724731445312 122.0
107.76158142089844 106.0
114.74656677246094 114.0
152.82925415039062 143.0
152.50692749023438 144.0
106.85505676269531 114.0
122.97176361083984 125.0
116.72484588623047 111.0
153.96006774902344 146.0
136.4790802001953 130.0
114.24723052978516 120.0
138.3509979248047 134.0
118.06072235107422 126.0
136.76483154296875 136.0
150.44174194335938 153.0
150.09634399414062 167.0
135.08609008789062 133.0
114.33953094482422 116.0
119.40876770019531 106.0
117.16889953613281 120.0
158.2080841064453 161.0
110.19903564453125 129.0
156.32217407226562 150.0
140.0196990966797 130.0
108.3944320678711 110.0
117.24329376220703 127.0
127.28273010253906 126.0
139.72979736328125 134.0
144.0431365966797 144.0
110.37796783447266 114.0
100.40235137939453 111.0
120.38232421875 134.0
132.83570861816406 128.0
159.91876220703125 158.0
118.38912963867188 110.0
151.44114685058594 153.0
150.0384979248047 149.0
159.826171875 162.0
133.81796264648438 132.0
110.92488861083984 117.0
100.04822540283203 122.0
167.197998046875 159.0
125.20855712890625 126.0
150.3761444091797 154.0
123.67839050292969 132.0
114.82508850097656 124.0
109.22956848144531 112.0
117.46786499023438 119.0
141.7002410888672 139.0
174.33035278320312 167.0
132.3495635986328 135.0
165.85592651367188 160.0
125.56443786621094 122.0
125.86654663085938 118.0
154.18325805664062 176.0
176.1356201171875 169.0
126.44474792480469 127.0
133.57528686523438 134.0
107.53270721435547 121.0
116.90864562988281 122.0
127.72181701660156 128.0
160.4737548828125 154.0
119.56298065185547 108.0
170.54144287109375 155.0
162.75221252441406 167.0
123.81333923339844 130.0
126.91026306152344 115.0
177.5589599609375 167.0
145.37759399414062 148.0
165.91819763183594 171.0
103.99215698242188 111.0
111.86260986328125 122.0
116.53005981445312 106.0
113.88206481933594 114.0
154.2547149658203 143.0
157.30636596679688 144.0
106.63446044921875 114.0
125.51951599121094 125.0
120.08018493652344 111.0
161.50735473632812 146.0
144.3780059814453 130.0
114.7343521118164 120.0
141.06834411621094 134.0
122.6611099243164 126.0
134.2822723388672 136.0
162.63040161132812 153.0
162.64614868164062 167.0
133.4715118408203 133.0
118.9803695678711 116.0
120.64830017089844 106.0
117.64309692382812 120.0
159.88072204589844 161.0
106.23086547851562 129.0
151.70884704589844 150.0
132.25836181640625 130.0
105.12001037597656 110.0
114.1825942993164 127.0
123.7455825805664 126.0
137.6555633544922 134.0
144.32821655273438 144.0
108.20237731933594 114.0
98.23867797851562 111.0
121.904541015625 134.0
132.4146728515625 128.0
157.64508056640625 158.0
111.35533142089844 110.0
159.69635009765625 153.0
144.2943115234375 149.0
162.77557373046875 162.0
136.07522583007812 132.0
112.0872573852539 117.0
72.10546875 122.0
172.551513671875 159.0
123.96522521972656 126.0
146.9853515625 154.0
124.446044921875 132.0
116.85549926757812 124.0
114.97356414794922 112.0
121.00253295898438 119.0
137.86451721191406 139.0
163.93017578125 167.0
125.79299926757812 135.0
157.56822204589844 160.0
116.9244155883789 122.0
120.71858215332031 118.0
179.64224243164062 176.0
165.80584716796875 169.0
119.29507446289062 127.0
137.4609832763672 134.0
115.49406433105469 121.0
122.65811920166016 122.0
128.5037841796875 128.0
160.79100036621094 154.0
114.26155090332031 108.0
162.51243591308594 155.0
166.63772583007812 167.0
127.99142456054688 130.0
120.1009750366211 115.0
168.2643585205078 167.0
146.47686767578125 148.0
162.52142333984375 171.0
108.80916595458984 111.0
115.718017578125 122.0
113.14997100830078 106.0
117.43229675292969 114.0
145.39598083496094 143.0
149.61582946777344 144.0
105.53178405761719 114.0
126.13715362548828 125.0
117.4101333618164 111.0
152.61131286621094 146.0
136.2750244140625 130.0
112.83313751220703 120.0
133.27745056152344 134.0
129.02796936035156 126.0
138.7964630126953 136.0
152.9078826904297 153.0
165.72372436523438 167.0
138.08984375 133.0
111.5218734741211 116.0
112.71926879882812 106.0
115.52418518066406 120.0
153.04164123535156 161.0
116.68775939941406 129.0
148.75233459472656 150.0
138.42446899414062 130.0
104.3622817993164 110.0
120.1044692993164 127.0
128.33953857421875 126.0
141.10992431640625 134.0
152.41912841796875 144.0
112.43095397949219 114.0
102.3593978881836 111.0
123.44426727294922 134.0
129.46658325195312 128.0
158.58441162109375 158.0
116.58952331542969 110.0
156.30860900878906 153.0
149.32423400878906 149.0
162.45594787597656 162.0
130.4142608642578 132.0
117.33997344970703 117.0
106.49516296386719 122.0
169.20986938476562 159.0
122.38005828857422 126.0
145.60118103027344 154.0
122.74609375 132.0
115.41386413574219 124.0
111.78443145751953 112.0
120.81769561767578 119.0
137.94570922851562 139.0
162.41610717773438 167.0
124.83499145507812 135.0
156.453857421875 160.0
115.97389221191406 122.0
119.94526672363281 118.0
175.05967712402344 176.0
163.82272338867188 169.0
117.7607421875 127.0
135.99388122558594 134.0
111.00691986083984 121.0
119.08952331542969 122.0
126.56778717041016 128.0
158.613525390625 154.0
112.66429138183594 108.0
160.97280883789062 155.0
162.02392578125 167.0
126.19104766845703 130.0
119.11707305908203 115.0
166.65969848632812 167.0
145.2689666748047 148.0
161.36331176757812 171.0
107.31591796875 111.0
114.53895568847656 122.0
111.56189727783203 106.0
115.89585876464844 114.0
144.42376708984375 143.0
148.66754150390625 144.0
104.20917510986328 114.0
123.42249298095703 125.0
115.75365447998047 111.0
151.38259887695312 146.0
135.74343872070312 130.0
112.07429504394531 120.0
131.51138305664062 134.0
125.08666229248047 126.0
135.56521606445312 136.0
151.7593994140625 153.0
162.41526794433594 167.0
135.4765625 133.0
111.10227966308594 116.0
111.47830200195312 106.0
114.3504867553711 120.0
151.452880859375 161.0
112.89093780517578 129.0
144.86720275878906 150.0
134.64263916015625 130.0
102.97747802734375 110.0
115.97708129882812 127.0
125.29513549804688 126.0
135.58409118652344 134.0
147.49951171875 144.0
111.91461181640625 114.0
102.00797271728516 111.0
122.55400848388672 134.0
128.10430908203125 128.0
155.53988647460938 158.0
115.12922668457031 110.0
154.65975952148438 153.0
146.109130859375 149.0
161.78521728515625 162.0
130.24539184570312 132.0
114.62227630615234 117.0
104.73789978027344 122.0
163.3663330078125 159.0
122.65071105957031 126.0
144.472412109375 154.0
121.80008697509766 132.0
114.47187805175781 124.0
109.40948486328125 112.0
116.97772216796875 119.0
133.74105834960938 139.0
160.08937072753906 167.0
122.96388244628906 135.0
156.01223754882812 160.0
113.84598541259766 122.0
118.59822845458984 118.0
172.89830017089844 176.0
163.05682373046875 169.0
117.74906158447266 127.0
129.9093017578125 134.0
110.09349822998047 121.0
116.37645721435547 122.0
123.24031829833984 128.0
155.7231903076172 154.0
111.58175659179688 108.0
158.61251831054688 155.0
161.83273315429688 167.0
122.33850860595703 130.0
116.89481353759766 115.0
167.40943908691406 167.0
140.88040161132812 148.0
159.82421875 171.0
104.89517974853516 111.0
110.8175277709961 122.0
108.75350189208984 106.0
114.1309814453125 114.0
141.53521728515625 143.0
148.39488220214844 144.0
102.04979705810547 114.0
124.06184387207031 125.0
113.58689880371094 111.0
150.696044921875 146.0
133.16078186035156 130.0
109.50093841552734 120.0
130.1367645263672 134.0
123.36180114746094 126.0
133.07113647460938 136.0
150.96881103515625 153.0
160.39816284179688 167.0
131.96522521972656 133.0
109.45092010498047 116.0
109.54005432128906 106.0
112.9407958984375 120.0
149.0709228515625 161.0
111.92577362060547 129.0
141.68118286132812 150.0
132.51866149902344 130.0
100.63534545898438 110.0
115.92269897460938 127.0
123.14543151855469 126.0
138.14266967773438 134.0
148.90689086914062 144.0
107.33663940429688 114.0
98.16410827636719 111.0
120.2143325805664 134.0
128.5626983642578 128.0
150.6913604736328 158.0
110.9256362915039 110.0
154.58816528320312 153.0
145.287841796875 149.0
157.95407104492188 162.0
125.80830383300781 132.0
112.05917358398438 117.0
101.81512451171875 122.0
167.1693115234375 159.0
121.24844360351562 126.0
145.01388549804688 154.0
121.96853637695312 132.0
114.4147720336914 124.0
110.18087005615234 112.0
118.31712341308594 119.0
134.13307189941406 139.0
160.13856506347656 167.0
123.03418731689453 135.0
153.3480682373047 160.0
113.72840118408203 122.0
117.54983520507812 118.0
172.9073486328125 176.0
161.52622985839844 169.0
116.39215087890625 127.0
132.74838256835938 134.0
110.92289733886719 121.0
117.41555786132812 122.0
124.670654296875 128.0
157.21292114257812 154.0
110.7899169921875 108.0
159.07398986816406 155.0
162.39035034179688 167.0
123.787841796875 130.0
117.07903289794922 115.0
164.41400146484375 167.0
143.11581420898438 148.0
160.31922912597656 171.0
104.4008560180664 111.0
111.93708038330078 122.0
109.16444396972656 106.0
114.19706726074219 114.0
142.22817993164062 143.0
147.38072204589844 144.0
102.15178680419922 114.0
123.28208923339844 125.0
113.85313415527344 111.0
149.42478942871094 146.0
132.95626831054688 130.0
108.78704071044922 120.0
129.25601196289062 134.0
123.86695098876953 126.0
134.5885009765625 136.0
149.0975799560547 153.0
160.45045471191406 167.0
133.81849670410156 133.0
109.00393676757812 116.0
109.47209167480469 106.0
112.80753326416016 120.0
149.2353973388672 161.0
112.8072509765625 129.0
144.17868041992188 150.0
132.76246643066406 130.0
100.59193420410156 110.0
116.16888427734375 127.0
124.11096954345703 126.0
136.98802185058594 134.0
148.24435424804688 144.0
107.79973602294922 114.0
97.62744140625 111.0
119.5581283569336 134.0
127.77993774414062 128.0
153.5615234375 158.0
112.13462829589844 110.0
152.56344604492188 153.0
146.000244140625 149.0
159.56903076171875 162.0
126.3541259765625 132.0
113.18054962158203 117.0
103.54593658447266 122.0
168.26712036132812 159.0
122.36174774169922 126.0
145.20474243164062 154.0
123.10231018066406 132.0
117.52348327636719 124.0
112.49095916748047 112.0
118.86986541748047 119.0
134.33724975585938 139.0
160.34957885742188 167.0
124.81602478027344 135.0
155.62057495117188 160.0
114.31022644042969 122.0
120.03157043457031 118.0
175.60165405273438 176.0
161.93899536132812 169.0
118.08977508544922 127.0
135.2756805419922 134.0
113.44438171386719 121.0
119.98745727539062 122.0
125.9889907836914 128.0
159.2896270751953 154.0
112.12435913085938 108.0
158.61526489257812 155.0
163.75807189941406 167.0
126.84724426269531 130.0
117.2196273803711 115.0
166.6323699951172 167.0
143.28082275390625 148.0
162.29176330566406 171.0
107.28683471679688 111.0
115.62803649902344 122.0
112.8139877319336 106.0
115.55952453613281 114.0
141.41651916503906 143.0
148.3275146484375 144.0
104.69593811035156 114.0
125.40738677978516 125.0
115.18643951416016 111.0
149.1821746826172 146.0
134.48373413085938 130.0
110.14225769042969 120.0
129.35630798339844 134.0
125.1692123413086 126.0
136.05958557128906 136.0
150.6036834716797 153.0
164.10208129882812 167.0
135.17864990234375 133.0
110.65423583984375 116.0
109.12016296386719 106.0
113.29457092285156 120.0
148.69830322265625 161.0
114.82393646240234 129.0
145.752685546875 150.0
136.63003540039062 130.0
102.22769927978516 110.0
116.68217468261719 127.0
125.30451965332031 126.0
138.94677734375 134.0
150.52728271484375 144.0
110.32746887207031 114.0
101.75672912597656 111.0
121.32250213623047 134.0
128.63812255859375 128.0
154.6953887939453 158.0
114.56574249267578 110.0
154.0933837890625 153.0
147.3129119873047 149.0
161.95809936523438 162.0
128.14419555664062 132.0
114.70639038085938 117.0
107.43508911132812 122.0
174.57009887695312 159.0
122.72354125976562 126.0
148.9701690673828 154.0
125.04879760742188 132.0
116.31939697265625 124.0
112.51287841796875 112.0
122.12195587158203 119.0
135.3818359375 139.0
164.83255004882812 167.0
125.75141143798828 135.0
156.23789978027344 160.0
115.97179412841797 122.0
119.22122955322266 118.0
176.99281311035156 176.0
166.18807983398438 169.0
118.33595275878906 127.0
140.693115234375 134.0
113.70738983154297 121.0
119.28532409667969 122.0
129.948974609375 128.0
161.19285583496094 154.0
113.91999053955078 108.0
163.0911865234375 155.0
168.56982421875 167.0
128.88414001464844 130.0
120.59748840332031 115.0
167.32383728027344 167.0
147.02279663085938 148.0
164.18788146972656 171.0
104.68733978271484 111.0
113.60986328125 122.0
109.89887237548828 106.0
115.9993896484375 114.0
145.8809814453125 143.0
150.26235961914062 144.0
103.55709075927734 114.0
125.23298645019531 125.0
117.1865463256836 111.0
153.33651733398438 146.0
135.21066284179688 130.0
111.45611572265625 120.0
132.7008819580078 134.0
126.3463363647461 126.0
139.39404296875 136.0
152.25775146484375 153.0
163.61309814453125 167.0
139.0457305908203 133.0
110.29006958007812 116.0
113.59679412841797 106.0
116.0466079711914 120.0
153.41297912597656 161.0
116.90135192871094 129.0
149.71994018554688 150.0
139.89065551757812 130.0
103.29425048828125 110.0
119.91056823730469 127.0
128.51611328125 126.0
139.80784606933594 134.0
150.8746337890625 144.0
109.89149475097656 114.0
98.14015197753906 111.0
121.32795715332031 134.0
130.835693359375 128.0
159.3368377685547 158.0
117.52574920654297 110.0
155.381591796875 153.0
152.4231719970703 149.0
162.13121032714844 162.0
130.04420471191406 132.0
115.64677429199219 117.0
104.9302749633789 122.0
168.76296997070312 159.0
122.08806610107422 126.0
146.5538330078125 154.0
123.82249450683594 132.0
115.20960998535156 124.0
110.85743713378906 112.0
119.9459228515625 119.0
135.87777709960938 139.0
161.87176513671875 167.0
125.03828430175781 135.0
155.09132385253906 160.0
114.7907943725586 122.0
119.08741760253906 118.0
172.9999237060547 176.0
163.922119140625 169.0
116.56819915771484 127.0
133.65585327148438 134.0
110.14437103271484 121.0
118.04592895507812 122.0
124.75997924804688 128.0
158.38101196289062 154.0
111.783447265625 108.0
160.53858947753906 155.0
164.50497436523438 167.0
124.073486328125 130.0
118.02627563476562 115.0
165.5528106689453 167.0
144.58053588867188 148.0
163.61471557617188 171.0
105.6696548461914 111.0
112.1124038696289 122.0
110.46076202392578 106.0
116.06513214111328 114.0
142.82516479492188 143.0
148.85858154296875 144.0
102.9201889038086 114.0
124.94898986816406 125.0
114.19247436523438 111.0
151.2501220703125 146.0
134.14309692382812 130.0
109.86573028564453 120.0
130.1924591064453 134.0
123.51426696777344 126.0
135.1510467529297 136.0
150.79403686523438 153.0
160.15025329589844 167.0
134.67286682128906 133.0
109.80589294433594 116.0
109.25103759765625 106.0
113.61705780029297 120.0
150.70562744140625 161.0
114.34940338134766 129.0
144.71859741210938 150.0
132.88986206054688 130.0
101.5513687133789 110.0
117.01220703125 127.0
125.01597595214844 126.0
137.19085693359375 134.0
149.25692749023438 144.0
109.28231811523438 114.0
97.90010070800781 111.0
120.41707611083984 134.0
129.00143432617188 128.0
154.6380615234375 158.0
113.5424575805664 110.0
154.3163604736328 153.0
146.2757568359375 149.0
161.32806396484375 162.0
126.69377136230469 132.0
112.94525909423828 117.0
107.01456451416016 122.0
167.36236572265625 159.0
117.96373748779297 126.0
141.2247772216797 154.0
120.27147674560547 132.0
114.51123809814453 124.0
109.8887939453125 112.0
116.72371673583984 119.0
131.2581787109375 139.0
157.7501220703125 167.0
122.14859008789062 135.0
151.90774536132812 160.0
110.15989685058594 122.0
116.46676635742188 118.0
174.41751098632812 176.0
158.24423217773438 169.0
112.93296813964844 127.0
131.30401611328125 134.0
111.58718872070312 121.0
117.29266357421875 122.0
122.5406494140625 128.0
157.123046875 154.0
108.81086730957031 108.0
155.52728271484375 155.0
161.9418182373047 167.0
123.85305786132812 130.0
113.72209167480469 115.0
163.0364532470703 167.0
143.22731018066406 148.0
157.57664489746094 171.0
103.05625915527344 111.0
112.10448455810547 122.0
108.10163116455078 106.0
112.5463638305664 114.0
138.2840118408203 143.0
143.46803283691406 144.0
101.4369888305664 114.0
123.3016357421875 125.0
112.74868774414062 111.0
145.38912963867188 146.0
131.11624145507812 130.0
105.80088806152344 120.0
125.43083953857422 134.0
123.37462615966797 126.0
134.08680725097656 136.0
149.1676483154297 153.0
160.85166931152344 167.0
131.61105346679688 133.0
106.66246795654297 116.0
105.81304168701172 106.0
110.4078369140625 120.0
146.40696716308594 161.0
113.90222930908203 129.0
144.26405334472656 150.0
130.85879516601562 130.0
98.26127624511719 110.0
114.5764389038086 127.0
124.14922332763672 126.0
137.81166076660156 134.0
149.93930053710938 144.0
106.86155700683594 114.0
96.65546417236328 111.0
116.45046997070312 134.0
123.33656311035156 128.0
153.81280517578125 158.0
110.98308563232422 110.0
150.40150451660156 153.0
141.29913330078125 149.0
159.83157348632812 162.0
124.05795288085938 132.0
113.61344146728516 117.0
105.69420623779297 122.0
160.66513061523438 159.0
118.46946716308594 126.0
140.13551330566406 154.0
118.55525970458984 132.0
112.43690490722656 124.0
108.53691101074219 112.0
115.00850677490234 119.0
129.3408966064453 139.0
152.927978515625 167.0
119.5721664428711 135.0
150.04331970214844 160.0
109.11669921875 122.0
115.45049285888672 118.0
171.23509216308594 176.0
155.85806274414062 169.0
113.2489013671875 127.0
128.30487060546875 134.0
108.64115905761719 121.0
114.9574966430664 122.0
120.22843933105469 128.0
151.9200897216797 154.0
107.77516174316406 108.0
151.9669189453125 155.0
157.95433044433594 167.0
121.05311584472656 130.0
113.15150451660156 115.0
160.65219116210938 167.0
136.43756103515625 148.0
155.85018920898438 171.0
103.6874771118164 111.0
110.13147735595703 122.0
107.18345642089844 106.0
111.96484375 114.0
135.12510681152344 143.0
143.55868530273438 144.0
101.15847778320312 114.0
122.04998016357422 125.0
111.96913146972656 111.0
144.05044555664062 146.0
129.08995056152344 130.0
106.50556945800781 120.0
124.67979431152344 134.0
121.29319763183594 126.0
130.1644744873047 136.0
145.0986328125 153.0
158.17173767089844 167.0
129.8030242919922 133.0
107.5052261352539 116.0
105.9439926147461 106.0
110.56611633300781 120.0
143.4590606689453 161.0
110.3307876586914 129.0
138.5829315185547 150.0
130.1301727294922 130.0
98.62019348144531 110.0
112.46229553222656 127.0
120.60758972167969 126.0
136.37503051757812 134.0
146.0952606201172 144.0
106.20755004882812 114.0
97.53228759765625 111.0
117.68992614746094 134.0
124.31673431396484 128.0
147.71392822265625 158.0
108.76890563964844 110.0
148.8419647216797 153.0
140.7484130859375 149.0
154.1847381591797 162.0
123.31587219238281 132.0
109.9529037475586 117.0
104.03177642822266 122.0
163.51039123535156 159.0
119.01502990722656 126.0
141.90794372558594 154.0
119.87936401367188 132.0
113.30659484863281 124.0
108.17865753173828 112.0
117.27328491210938 119.0
131.17320251464844 139.0
156.0137481689453 167.0
120.31387329101562 135.0
151.56588745117188 160.0
109.46649932861328 122.0
115.33613586425781 118.0
172.05613708496094 176.0
156.49929809570312 169.0
113.5849609375 127.0
130.61395263671875 134.0
106.82888793945312 121.0
114.5125961303711 122.0
121.20085906982422 128.0
154.54263305664062 154.0
108.43734741210938 108.0
154.30967712402344 155.0
158.75140380859375 167.0
121.68572235107422 130.0
113.39569091796875 115.0
162.11968994140625 167.0
138.0823974609375 148.0
157.5104522705078 171.0
104.56060028076172 111.0
110.55075073242188 122.0
106.6989974975586 106.0
113.45137786865234 114.0
137.65542602539062 143.0
145.08810424804688 144.0
102.11194610595703 114.0
121.89686584472656 125.0
111.75328826904297 111.0
145.2119598388672 146.0
130.61343383789062 130.0
107.26641845703125 120.0
126.16998291015625 134.0
120.79780578613281 126.0
131.85389709472656 136.0
146.4759979248047 153.0
159.43240356445312 167.0
130.79031372070312 133.0
107.1588134765625 116.0
105.84874725341797 106.0
111.00579833984375 120.0
145.8626251220703 161.0
111.1739273071289 129.0
138.8667449951172 150.0
130.5918426513672 130.0
99.89846801757812 110.0
112.69368743896484 127.0
121.18504333496094 126.0
135.187744140625 134.0
145.56472778320312 144.0
106.80239868164062 114.0
97.80058288574219 111.0
119.13811492919922 134.0
124.70222473144531 128.0
149.8068389892578 158.0
110.21923828125 110.0
149.7268524169922 153.0
141.75778198242188 149.0
156.60928344726562 162.0
123.82381439208984 132.0
109.99996185302734 117.0
104.62908172607422 122.0
163.9989471435547 159.0
120.62089538574219 126.0
144.06240844726562 154.0
121.54373168945312 132.0
113.9561767578125 124.0
106.5025863647461 112.0
119.07441711425781 119.0
134.02001953125 139.0
159.42283630371094 167.0
122.41812896728516 135.0
153.3998565673828 160.0
112.75497436523438 122.0
118.17253112792969 118.0
171.73773193359375 176.0
160.6070098876953 169.0
115.8736343383789 127.0
132.52825927734375 134.0
107.25952911376953 121.0
113.14282989501953 122.0
123.86176300048828 128.0
156.66896057128906 154.0
109.88780212402344 108.0
157.68316650390625 155.0
158.58285522460938 167.0
122.94808959960938 130.0
116.76191711425781 115.0
163.94729614257812 167.0
140.27772521972656 148.0
160.3467559814453 171.0
104.98970794677734 111.0
111.58391571044922 122.0
108.23394012451172 106.0
114.19241333007812 114.0
141.35804748535156 143.0
147.24514770507812 144.0
102.00227355957031 114.0
120.82952880859375 125.0
113.09829711914062 111.0
148.229248046875 146.0
133.6356201171875 130.0
108.88467407226562 120.0
128.5116729736328 134.0
119.29749298095703 126.0
132.63388061523438 136.0
148.61935424804688 153.0
158.45054626464844 167.0
130.88088989257812 133.0
109.61090850830078 116.0
108.69900512695312 106.0
112.78501892089844 120.0
148.3748321533203 161.0
109.57622528076172 129.0
142.11471557617188 150.0
131.46185302734375 130.0
101.46190643310547 110.0
112.67750549316406 127.0
121.87910461425781 126.0
133.44703674316406 134.0
143.12954711914062 144.0
108.9376220703125 114.0
98.49578857421875 111.0
119.734619140625 134.0
128.39222717285156 128.0
151.54737854003906 158.0
111.47500610351562 110.0
151.31777954101562 153.0
143.55874633789062 149.0
158.84417724609375 162.0
127.2275390625 132.0
109.93606567382812 117.0
103.91079711914062 122.0
163.20034790039062 159.0
118.84657287597656 126.0
143.44931030273438 154.0
120.59575653076172 132.0
113.62511444091797 124.0
106.23307037353516 112.0
115.64219665527344 119.0
131.18045043945312 139.0
157.71055603027344 167.0
120.20479583740234 135.0
151.28285217285156 160.0
109.95015716552734 122.0
115.14529418945312 118.0
171.4954833984375 176.0
158.046875 169.0
112.5027084350586 127.0
128.587646484375 134.0
105.9381332397461 121.0
112.14043426513672 122.0
119.71123504638672 128.0
153.12782287597656 154.0
108.54574584960938 108.0
155.7225341796875 155.0
158.33160400390625 167.0
120.69343566894531 130.0
114.4593276977539 115.0
162.17137145996094 167.0
138.81552124023438 148.0
157.4283447265625 171.0
103.70703887939453 111.0
109.00748443603516 122.0
105.29730224609375 106.0
112.63327026367188 114.0
138.02133178710938 143.0
144.15432739257812 144.0
99.26595306396484 114.0
119.29975128173828 125.0
110.25650024414062 111.0
146.01959228515625 146.0
130.1579132080078 130.0
106.36247253417969 120.0
126.05284118652344 134.0
119.07534790039062 126.0
131.38314819335938 136.0
147.2074737548828 153.0
158.6890869140625 167.0
129.38414001464844 133.0
104.61599731445312 116.0
105.88102722167969 106.0
111.45941162109375 120.0
146.7720947265625 161.0
110.12894439697266 129.0
139.07774353027344 150.0
130.61370849609375 130.0
98.6906967163086 110.0
111.29092407226562 127.0
121.52455139160156 126.0
131.93576049804688 134.0
144.69821166992188 144.0
105.36754608154297 114.0
95.65447998046875 111.0
117.21792602539062 134.0
125.00344848632812 128.0
150.140869140625 158.0
108.61184692382812 110.0
150.73016357421875 153.0
141.71923828125 149.0
156.34971618652344 162.0
122.97015380859375 132.0
110.30178833007812 117.0
101.19046783447266 122.0
163.9185028076172 159.0
118.18807983398438 126.0
141.34298706054688 154.0
118.98321533203125 132.0
112.2115478515625 124.0
108.84030151367188 112.0
117.48468780517578 119.0
131.51182556152344 139.0
154.8412322998047 167.0
119.93904113769531 135.0
149.32009887695312 160.0
109.09901428222656 122.0
115.47805786132812 118.0
164.1608123779297 176.0
155.18218994140625 169.0
113.11748504638672 127.0
130.99327087402344 134.0
105.61997985839844 121.0
115.08118438720703 122.0
121.58873748779297 128.0
153.58584594726562 154.0
106.87844848632812 108.0
153.23974609375 155.0
157.02685546875 167.0
120.52146911621094 130.0
112.48410034179688 115.0
158.92100524902344 167.0
138.6891632080078 148.0
157.82785034179688 171.0
104.87428283691406 111.0
109.06194305419922 122.0
106.20533752441406 106.0
112.91779327392578 114.0
136.4197540283203 143.0
144.05650329589844 144.0
100.92252349853516 114.0
122.06466674804688 125.0
109.77303314208984 111.0
143.81649780273438 146.0
129.05224609375 130.0
106.13187408447266 120.0
124.86735534667969 134.0
120.66217803955078 126.0
131.8900909423828 136.0
144.10955810546875 153.0
153.83477783203125 167.0
131.50015258789062 133.0
107.94786071777344 116.0
103.63610076904297 106.0
109.6729507446289 120.0
144.74942016601562 161.0
110.50785064697266 129.0
139.11422729492188 150.0
129.24221801757812 130.0
98.71309661865234 110.0
112.68754577636719 127.0
120.25394439697266 126.0
132.56678771972656 134.0
143.19471740722656 144.0
106.81005096435547 114.0
96.22391510009766 111.0
117.565185546875 134.0
127.03450012207031 128.0
150.03073120117188 158.0
110.80939483642578 110.0
148.1926727294922 153.0
143.28176879882812 149.0
156.1767120361328 162.0
122.34994506835938 132.0
108.54399108886719 117.0
104.63407135009766 122.0
159.826416015625 159.0
114.34727478027344 126.0
135.39218139648438 154.0
116.2149429321289 132.0
110.37118530273438 124.0
104.90662384033203 112.0
111.27952575683594 119.0
129.41543579101562 139.0
152.59591674804688 167.0
117.16232299804688 135.0
148.58282470703125 160.0
105.52606201171875 122.0
111.6783447265625 118.0
168.87783813476562 176.0
151.75424194335938 169.0
108.43074798583984 127.0
124.12873840332031 134.0
107.58599853515625 121.0
113.35972595214844 122.0
116.39339447021484 128.0
150.71514892578125 154.0
104.78120422363281 108.0
151.1549530029297 155.0
155.3927001953125 167.0
117.5137939453125 130.0
109.59707641601562 115.0
158.48707580566406 167.0
136.9455108642578 148.0
153.5955810546875 171.0
101.39561462402344 111.0
107.28820037841797 122.0
103.29255676269531 106.0
109.62014770507812 114.0
133.50332641601562 143.0
137.51492309570312 144.0
97.05633544921875 114.0
119.05188751220703 125.0
106.88912200927734 111.0
140.6636962890625 146.0
126.16545867919922 130.0
101.47722625732422 120.0
121.47112274169922 134.0
119.64695739746094 126.0
127.89118957519531 136.0
143.5861053466797 153.0
154.77951049804688 167.0
125.99214935302734 133.0
101.48511505126953 116.0
100.90643310546875 106.0
105.66114807128906 120.0
142.23928833007812 161.0
109.29495239257812 129.0
138.2362060546875 150.0
125.43363189697266 130.0
95.4175033569336 110.0
110.4032974243164 127.0
119.23750305175781 126.0
133.1963653564453 134.0
144.10830688476562 144.0
103.15315246582031 114.0
94.18829345703125 111.0
113.34307098388672 134.0
119.35162353515625 128.0
146.94602966308594 158.0
106.02145385742188 110.0
147.00196838378906 153.0
136.77503967285156 149.0
153.23934936523438 162.0
117.30192565917969 132.0
107.95004272460938 117.0
104.00804138183594 122.0
159.8219451904297 159.0
115.95896911621094 126.0
139.09046936035156 154.0
118.20118713378906 132.0
109.62679290771484 124.0
103.80958557128906 112.0
113.170166015625 119.0
129.84107971191406 139.0
155.28131103515625 167.0
116.87265014648438 135.0
151.2334747314453 160.0
107.62420654296875 122.0
112.11875915527344 118.0
170.61285400390625 176.0
155.29342651367188 169.0
109.2081527709961 127.0
124.03101348876953 134.0
104.59208679199219 121.0
110.98729705810547 122.0
116.68489074707031 128.0
150.2634735107422 154.0
106.53285217285156 108.0
153.34475708007812 155.0
155.0775909423828 167.0
117.64608764648438 130.0
112.01100158691406 115.0
163.27020263671875 167.0
136.20001220703125 148.0
154.23594665527344 171.0
101.84941864013672 111.0
105.92495727539062 122.0
101.8794937133789 106.0
109.98707580566406 114.0
136.38482666015625 143.0
140.5015869140625 144.0
96.1307601928711 114.0
116.31877136230469 125.0
107.11924743652344 111.0
144.47547912597656 146.0
128.39340209960938 130.0
104.15678405761719 120.0
124.50595092773438 134.0
117.9087905883789 126.0
128.9890899658203 136.0
146.85533142089844 153.0
157.03414916992188 167.0
125.65803527832031 133.0
102.47620391845703 116.0
103.27893829345703 106.0
108.10297393798828 120.0
144.69944763183594 161.0
108.49801635742188 129.0
137.55064392089844 150.0
125.18138122558594 130.0
96.56448364257812 110.0
109.02960968017578 127.0
119.10394287109375 126.0
129.43365478515625 134.0
140.7939453125 144.0
102.09406280517578 114.0
93.25265502929688 111.0
114.7937240600586 134.0
121.4031753540039 128.0
147.43223571777344 158.0
105.1978988647461 110.0
149.58505249023438 153.0
136.89410400390625 149.0
152.89060974121094 162.0
119.5037841796875 132.0
106.9488525390625 117.0
98.00083923339844 122.0
162.8819580078125 159.0
118.73991394042969 126.0
141.43075561523438 154.0
118.65811157226562 132.0
113.6181640625 124.0
106.9062728881836 112.0
115.33684539794922 119.0
132.3316650390625 139.0
157.7046356201172 167.0
120.54476928710938 135.0
152.0812225341797 160.0
110.14410400390625 122.0
115.81700134277344 118.0
170.89730834960938 176.0
158.279052734375 169.0
113.64352416992188 127.0
128.91395568847656 134.0
108.65130615234375 121.0
113.55374908447266 122.0
120.76519775390625 128.0
155.62869262695312 154.0
108.49986267089844 108.0
156.08843994140625 155.0
159.75669860839844 167.0
120.90951538085938 130.0
114.0406723022461 115.0
163.52635192871094 167.0
139.04605102539062 148.0
157.6327362060547 171.0
103.73462677001953 111.0
108.58918762207031 122.0
106.49091339111328 106.0
111.76068878173828 114.0
139.0663299560547 143.0
143.78646850585938 144.0
100.4295883178711 114.0
120.12299346923828 125.0
110.98099517822266 111.0
146.21148681640625 146.0
130.5764923095703 130.0
106.58403015136719 120.0
125.92049407958984 134.0
120.7839584350586 126.0
131.87657165527344 136.0
147.8138427734375 153.0
158.84423828125 167.0
129.92718505859375 133.0
105.97506713867188 116.0
106.02989196777344 106.0
110.3619155883789 120.0
146.89129638671875 161.0
109.96806335449219 129.0
141.36920166015625 150.0
129.6772918701172 130.0
98.6245346069336 110.0
112.71355438232422 127.0
120.97242736816406 126.0
135.09474182128906 134.0
146.60658264160156 144.0
106.40448760986328 114.0
97.17046356201172 111.0
117.72195434570312 134.0
124.52396392822266 128.0
150.89027404785156 158.0
108.18791198730469 110.0
151.20794677734375 153.0
140.8551025390625 149.0
157.20774841308594 162.0
123.42488861083984 132.0
109.39302825927734 117.0
101.32669830322266 122.0
180.21629333496094 159.0
126.51318359375 126.0
154.055419921875 154.0
128.26792907714844 132.0
122.8678207397461 124.0
118.14044189453125 112.0
127.1661376953125 119.0
142.59666442871094 139.0
171.23960876464844 167.0
130.9541473388672 135.0
161.01638793945312 160.0
120.36040496826172 122.0
126.13648986816406 118.0
183.9127197265625 176.0
171.53990173339844 169.0
123.69166564941406 127.0
145.97865295410156 134.0
119.64616394042969 121.0
124.6058120727539 122.0
135.0653076171875 128.0
171.48544311523438 154.0
117.08963012695312 108.0
169.596923828125 155.0
171.64398193359375 167.0
134.67164611816406 130.0
124.29296875 115.0
173.1846923828125 167.0
151.85699462890625 148.0
170.08926391601562 171.0
109.95341491699219 111.0
120.62134552001953 122.0
118.11595153808594 106.0
120.94711303710938 114.0
151.9398956298828 143.0
155.89654541015625 144.0
110.08635711669922 114.0
130.9875030517578 125.0
121.9602279663086 111.0
157.67808532714844 146.0
142.32666015625 130.0
115.4467544555664 120.0
136.76893615722656 134.0
131.6870574951172 126.0
144.5501708984375 136.0
157.0754852294922 153.0
169.69329833984375 167.0
143.11935424804688 133.0
116.1373062133789 116.0
116.25032806396484 106.0
120.3349609375 120.0
158.79164123535156 161.0
119.12289428710938 129.0
156.410888671875 150.0
141.7425537109375 130.0
106.81355285644531 110.0
122.3578872680664 127.0
131.85780334472656 126.0
147.01766967773438 134.0
156.8302764892578 144.0
117.69124603271484 114.0
104.97215270996094 111.0
125.73898315429688 134.0
135.93475341796875 128.0
166.34567260742188 158.0
121.75343322753906 110.0
159.9671173095703 153.0
156.13641357421875 149.0
171.97950744628906 162.0
135.9041290283203 132.0
119.50672149658203 117.0
111.5757827758789 122.0
160.99307250976562 159.0
120.26752471923828 126.0
142.84890747070312 154.0
120.65647888183594 132.0
113.8359146118164 124.0
106.45821380615234 112.0
114.66844177246094 119.0
129.4103240966797 139.0
155.7825927734375 167.0
118.20620727539062 135.0
150.90541076660156 160.0
108.2923812866211 122.0
114.85967254638672 118.0
167.46063232421875 176.0
155.52056884765625 169.0
113.73988342285156 127.0
128.15145874023438 134.0
107.92179870605469 121.0
112.3417739868164 122.0
120.42240905761719 128.0
151.3995361328125 154.0
108.21932220458984 108.0
153.71072387695312 155.0
159.86558532714844 167.0
121.58599853515625 130.0
112.65348815917969 115.0
162.47158813476562 167.0
135.65292358398438 148.0
156.0763702392578 171.0
104.71346282958984 111.0
108.60465240478516 122.0
104.62271118164062 106.0
112.64965057373047 114.0
137.01939392089844 143.0
144.69537353515625 144.0
100.13501739501953 114.0
120.84796905517578 125.0
110.165283203125 111.0
144.41812133789062 146.0
128.9524383544922 130.0
106.2508316040039 120.0
125.69100952148438 134.0
119.80842590332031 126.0
132.45843505859375 136.0
146.2821502685547 153.0
157.8732452392578 167.0
129.8467559814453 133.0
105.75956726074219 116.0
104.45034790039062 106.0
110.8656005859375 120.0
145.5135498046875 161.0
110.4267578125 129.0
138.0872039794922 150.0
130.516845703125 130.0
99.18264770507812 110.0
112.81757354736328 127.0
121.0003433227539 126.0
135.98338317871094 134.0
145.95352172851562 144.0
104.8673095703125 114.0
96.92683410644531 111.0
118.05841827392578 134.0
126.107421875 128.0
149.28375244140625 158.0
108.52124786376953 110.0
149.10879516601562 153.0
142.66099548339844 149.0
154.2991943359375 162.0
122.3265380859375 132.0
109.37995147705078 117.0
101.72349548339844 122.0
160.9005584716797 159.0
118.31784057617188 126.0
136.91639709472656 154.0
117.38288879394531 132.0
112.55763244628906 124.0
106.94599914550781 112.0
113.58638000488281 119.0
129.81472778320312 139.0
152.11984252929688 167.0
118.60587310791016 135.0
149.26516723632812 160.0
106.43907165527344 122.0
114.46942138671875 118.0
166.2180633544922 176.0
151.9909210205078 169.0
111.65481567382812 127.0
124.70919036865234 134.0
108.596435546875 121.0
114.66262817382812 122.0
118.19923400878906 128.0
152.1372528076172 154.0
105.17054748535156 108.0
150.71717834472656 155.0
158.43338012695312 167.0
118.42716979980469 130.0
109.66085052490234 115.0
158.6872100830078 167.0
138.09414672851562 148.0
156.5035858154297 171.0
104.4520034790039 111.0
108.16705322265625 122.0
104.60649871826172 106.0
111.22118377685547 114.0
133.1139373779297 143.0
140.8229217529297 144.0
102.46376037597656 114.0
125.8266830444336 125.0
108.932861328125 111.0
142.60809326171875 146.0
128.42575073242188 130.0
104.34979248046875 120.0
122.04920196533203 134.0
120.97097778320312 126.0
130.1194610595703 136.0
144.1805877685547 153.0
153.4368438720703 167.0
128.7314453125 133.0
107.34051513671875 116.0
100.22606658935547 106.0
107.592529296875 120.0
142.59280395507812 161.0
111.5347900390625 129.0
141.66464233398438 150.0
125.6656494140625 130.0
97.68757629394531 110.0
115.21183776855469 127.0
120.08480834960938 126.0
138.1653289794922 134.0
147.19985961914062 144.0
105.4921646118164 114.0
95.53289794921875 111.0
115.0772933959961 134.0
123.20579528808594 128.0
147.79837036132812 158.0
107.31394958496094 110.0
147.0921173095703 153.0
139.0624237060547 149.0
153.8155975341797 162.0
117.02172088623047 132.0
108.58399200439453 117.0
110.90164184570312 122.0
168.47486877441406 159.0
124.6919174194336 126.0
147.46282958984375 154.0
124.99933624267578 132.0
117.08233642578125 124.0
111.74601745605469 112.0
119.22769165039062 119.0
134.95016479492188 139.0
161.42434692382812 167.0
123.92919158935547 135.0
154.208984375 160.0
113.11476135253906 122.0
120.04291534423828 118.0
165.8177032470703 176.0
161.24951171875 169.0
118.17976379394531 127.0
135.97706604003906 134.0
110.79830932617188 121.0
118.90644836425781 122.0
127.90214538574219 128.0
160.2828826904297 154.0
111.14454650878906 108.0
160.25830078125 155.0
164.82943725585938 167.0
125.22909545898438 130.0
116.84700775146484 115.0
165.78919982910156 167.0
143.75357055664062 148.0
164.8025360107422 171.0
107.31768035888672 111.0
113.39769744873047 122.0
109.9314956665039 106.0
117.14515686035156 114.0
142.59750366210938 143.0
151.21206665039062 144.0
104.2920150756836 114.0
126.57603454589844 125.0
113.49561309814453 111.0
150.3209228515625 146.0
134.6880340576172 130.0
109.74237060546875 120.0
131.020751953125 134.0
126.04373168945312 126.0
137.54644775390625 136.0
149.47305297851562 153.0
155.56887817382812 167.0
136.33912658691406 133.0
112.51498413085938 116.0
107.9793930053711 106.0
115.00286102294922 120.0
151.4097900390625 161.0
113.89627838134766 129.0
145.3702392578125 150.0
132.04498291015625 130.0
102.92288208007812 110.0
118.36865234375 127.0
125.83939361572266 126.0
137.8477783203125 134.0
147.45639038085938 144.0
109.15361022949219 114.0
97.34618377685547 111.0
120.8692398071289 134.0
133.7787322998047 128.0
155.8561553955078 158.0
115.00615692138672 110.0
153.8524169921875 153.0
150.00279235839844 149.0
161.8264923095703 162.0
127.18965148925781 132.0
113.20738220214844 117.0
108.33041381835938 122.0
167.64459228515625 159.0
122.68067932128906 126.0
146.18133544921875 154.0
123.66343688964844 132.0
116.94454956054688 124.0
110.74757385253906 112.0
118.52950286865234 119.0
134.984375 139.0
161.46441650390625 167.0
122.93854522705078 135.0
154.85745239257812 160.0
112.74861145019531 122.0
119.18305206298828 118.0
172.40771484375 176.0
161.25660705566406 169.0
116.85577392578125 127.0
133.83302307128906 134.0
111.1295166015625 121.0
117.51046752929688 122.0
125.38269805908203 128.0
158.34390258789062 154.0
111.12881469726562 108.0
160.11572265625 155.0
163.4388885498047 167.0
125.29657745361328 130.0
116.82199096679688 115.0
166.7289276123047 167.0
142.98037719726562 148.0
161.99520874023438 171.0
107.17770385742188 111.0
112.94219970703125 122.0
108.41545867919922 106.0
116.3254623413086 114.0
142.26182556152344 143.0
148.7159881591797 144.0
103.72984313964844 114.0
124.44380950927734 125.0
113.13668060302734 111.0
149.7357635498047 146.0
133.7976531982422 130.0
109.59222412109375 120.0
129.53652954101562 134.0
125.29121398925781 126.0
136.7633056640625 136.0
150.5011749267578 153.0
160.15972900390625 167.0
134.1795654296875 133.0
109.7335433959961 116.0
107.88188171386719 106.0
114.29859924316406 120.0
151.15272521972656 161.0
114.19670867919922 129.0
144.82986450195312 150.0
132.8222198486328 130.0
102.13796997070312 110.0
116.57068634033203 127.0
125.30380249023438 126.0
137.9245147705078 134.0
148.28054809570312 144.0
109.19683074951172 114.0
98.50624084472656 111.0
120.5850601196289 134.0
130.14022827148438 128.0
154.64361572265625 158.0
113.11106872558594 110.0
153.95909118652344 153.0
146.7208709716797 149.0
160.25259399414062 162.0
126.23757934570312 132.0
113.19003295898438 117.0
106.48323822021484 122.0
165.735595703125 159.0
120.69380187988281 126.0
143.49057006835938 154.0
121.6011962890625 132.0
115.11366271972656 124.0
109.53379821777344 112.0
116.87055969238281 119.0
132.8277587890625 139.0
158.60549926757812 167.0
120.99835968017578 135.0
152.43634033203125 160.0
110.5869140625 122.0
117.2289047241211 118.0
171.2662811279297 176.0
158.1874237060547 169.0
114.60908508300781 127.0
131.86474609375 134.0
110.37408447265625 121.0
115.94168853759766 122.0
123.456298828125 128.0
156.15252685546875 154.0
109.34861755371094 108.0
157.37567138671875 155.0
161.16429138183594 167.0
123.85043334960938 130.0
115.01841735839844 115.0
164.22877502441406 167.0
141.54971313476562 148.0
159.57000732421875 171.0
105.2913589477539 111.0
110.86691284179688 122.0
106.72593688964844 106.0
114.49845886230469 114.0
139.64205932617188 143.0
146.04156494140625 144.0
101.87387084960938 114.0
122.47606658935547 125.0
111.781005859375 111.0
147.04656982421875 146.0
131.5931396484375 130.0
107.58653259277344 120.0
127.08035278320312 134.0
123.94683074951172 126.0
134.9438934326172 136.0
148.27313232421875 153.0
158.59507751464844 167.0
132.11009216308594 133.0
108.0255126953125 116.0
106.00749969482422 106.0
112.24358367919922 120.0
148.69107055664062 161.0
112.83686065673828 129.0
143.51011657714844 150.0
130.5656280517578 130.0
100.40275573730469 110.0
115.02766418457031 127.0
123.84564971923828 126.0
136.248046875 134.0
146.57237243652344 144.0
107.88743591308594 114.0
96.8739242553711 111.0
118.38960266113281 134.0
127.70375061035156 128.0
152.97897338867188 158.0
111.33578491210938 110.0
151.88316345214844 153.0
144.18746948242188 149.0
157.87648010253906 162.0
124.16175079345703 132.0
112.03519439697266 117.0
104.83056640625 122.0
162.21986389160156 159.0
117.35623931884766 126.0
141.04571533203125 154.0
118.91600036621094 132.0
112.5487060546875 124.0
106.31900024414062 112.0
113.46456909179688 119.0
130.69256591796875 139.0
156.80892944335938 167.0
118.97126007080078 135.0
150.7517852783203 160.0
108.413330078125 122.0
114.5830078125 118.0
168.53671264648438 176.0
156.97869873046875 169.0
111.82520294189453 127.0
127.79571533203125 134.0
106.61175537109375 121.0
112.5281982421875 122.0
119.57453918457031 128.0
153.78628540039062 154.0
107.33709716796875 108.0
155.32095336914062 155.0
157.9127197265625 167.0
120.64060974121094 130.0
112.71617889404297 115.0
162.5679473876953 167.0
138.39553833007812 148.0
156.26510620117188 171.0
102.72866821289062 111.0
108.5246353149414 122.0
104.80841064453125 106.0
111.51988983154297 114.0
137.8641357421875 143.0
143.1045684814453 144.0
99.07084655761719 114.0
119.02009582519531 125.0
109.61971282958984 111.0
145.26612854003906 146.0
129.5615234375 130.0
104.81416320800781 120.0
124.93082427978516 134.0
120.40550231933594 126.0
131.4207000732422 136.0
146.7991943359375 153.0
156.30584716796875 167.0
128.3104248046875 133.0
105.01800537109375 116.0
104.18197631835938 106.0
109.61033630371094 120.0
146.4477996826172 161.0
108.87808990478516 129.0
139.68191528320312 150.0
126.43130493164062 130.0
97.65673828125 110.0
110.86039733886719 127.0
120.59876251220703 126.0
132.76673889160156 134.0
143.2253875732422 144.0
104.31783294677734 114.0
94.2514419555664 111.0
115.8387222290039 134.0
123.54862976074219 128.0
149.58306884765625 158.0
107.4929428100586 110.0
149.71595764160156 153.0
139.72323608398438 149.0
155.72377014160156 162.0
121.56900024414062 132.0
109.16635131835938 117.0
101.67639923095703 122.0
166.2419891357422 159.0
121.11093139648438 126.0
145.19766235351562 154.0
122.54499816894531 132.0
115.63306427001953 124.0
109.2970199584961 112.0
117.62935638427734 119.0
134.5341033935547 139.0
160.5142822265625 167.0
121.51602935791016 135.0
154.38140869140625 160.0
111.4968032836914 122.0
117.72769927978516 118.0
173.19232177734375 176.0
160.13992309570312 169.0
115.34222412109375 127.0
131.55874633789062 134.0
109.88545227050781 121.0
115.908935546875 122.0
123.30187225341797 128.0
157.0958709716797 154.0
110.31520080566406 108.0
158.89418029785156 155.0
161.08279418945312 167.0
123.96734619140625 130.0
115.80891418457031 115.0
166.3458251953125 167.0
142.624267578125 148.0
159.9646759033203 171.0
106.67657470703125 111.0
111.6277084350586 122.0
107.11479187011719 106.0
115.1573486328125 114.0
141.3833465576172 143.0
147.1339569091797 144.0
102.04913330078125 114.0
122.10969543457031 125.0
112.18479919433594 111.0
148.45159912109375 146.0
132.704345703125 130.0
108.38367462158203 120.0
128.2415771484375 134.0
124.04106903076172 126.0
134.81451416015625 136.0
149.98736572265625 153.0
160.8644256591797 167.0
131.78948974609375 133.0
108.42076110839844 116.0
107.1587142944336 106.0
113.18154907226562 120.0
150.10076904296875 161.0
112.41787719726562 129.0
143.55047607421875 150.0
131.08645629882812 130.0
100.975830078125 110.0
114.42552947998047 127.0
123.858642578125 126.0
136.33399963378906 134.0
146.8925323486328 144.0
108.30307006835938 114.0
97.87753295898438 111.0
119.89839172363281 134.0
127.99978637695312 128.0
153.38511657714844 158.0
111.31636810302734 110.0
152.9692840576172 153.0
144.63888549804688 149.0
158.87989807128906 162.0
125.16671752929688 132.0
112.29649353027344 117.0
104.2452163696289 122.0
167.88755798339844 159.0
121.68032836914062 126.0
146.00735473632812 154.0
122.92841339111328 132.0
116.4170913696289 124.0
109.91412353515625 112.0
118.78922271728516 119.0
134.8506622314453 139.0
161.88229370117188 167.0
122.51959991455078 135.0
154.7595672607422 160.0
112.32892608642578 122.0
118.79161071777344 118.0
172.9583740234375 176.0
161.96873474121094 169.0
116.28057861328125 127.0
134.44602966308594 134.0
110.72271728515625 121.0
116.27955627441406 122.0
125.38544464111328 128.0
158.74525451660156 154.0
111.00933837890625 108.0
160.38088989257812 155.0
162.11495971679688 167.0
125.34381866455078 130.0
116.6844482421875 115.0
166.561767578125 167.0
143.0546875 148.0
161.39048767089844 171.0
106.27381896972656 111.0
112.51480865478516 122.0
108.07271575927734 106.0
115.55048370361328 114.0
142.41952514648438 143.0
148.36083984375 144.0
103.13023376464844 114.0
123.24458312988281 125.0
113.49972534179688 111.0
149.62738037109375 146.0
133.670166015625 130.0
108.74897003173828 120.0
129.40017700195312 134.0
123.95796203613281 126.0
136.08587646484375 136.0
150.40147399902344 153.0
160.49917602539062 167.0
133.7462615966797 133.0
109.6061019897461 116.0
108.32316589355469 106.0
114.13786315917969 120.0
151.21762084960938 161.0
112.77272033691406 129.0
145.0272216796875 150.0
132.06988525390625 130.0
101.5499267578125 110.0
115.39571380615234 127.0
124.88707733154297 126.0
137.41099548339844 134.0
147.21820068359375 144.0
109.15448760986328 114.0
97.90838623046875 111.0
119.95352935791016 134.0
129.2907257080078 128.0
154.80734252929688 158.0
112.95132446289062 110.0
153.882568359375 153.0
146.28878784179688 149.0
160.2582244873047 162.0
126.5931625366211 132.0
112.78158569335938 117.0
105.152099609375 122.0
165.8725128173828 159.0
120.23776245117188 126.0
143.9070587158203 154.0
121.34646606445312 132.0
114.6608657836914 124.0
108.59459686279297 112.0
117.01067352294922 119.0
132.66477966308594 139.0
158.68572998046875 167.0
120.72042083740234 135.0
152.44070434570312 160.0
110.60607147216797 122.0
117.17955017089844 118.0
172.11207580566406 176.0
158.62774658203125 169.0
114.92818450927734 127.0
132.72267150878906 134.0
109.56974792480469 121.0
114.80621337890625 122.0
124.11039733886719 128.0
156.2790069580078 154.0
109.35397338867188 108.0
157.40081787109375 155.0
160.3323974609375 167.0
124.15266418457031 130.0
115.26203155517578 115.0
163.88380432128906 167.0
141.46360778808594 148.0
159.4724578857422 171.0
104.96263122558594 111.0
111.04013061523438 122.0
106.45506286621094 106.0
114.08453369140625 114.0
139.8638916015625 143.0
146.12887573242188 144.0
101.56698608398438 114.0
121.33360290527344 125.0
111.82147979736328 111.0
147.21385192871094 146.0
131.61338806152344 130.0
107.24114990234375 120.0
127.21207427978516 134.0
123.01656341552734 126.0
134.73484802246094 136.0
148.21998596191406 153.0
159.56625366210938 167.0
131.74313354492188 133.0
107.87358093261719 116.0
106.49057006835938 106.0
112.11904907226562 120.0
148.57791137695312 161.0
112.03829956054688 129.0
143.7513885498047 150.0
131.54025268554688 130.0
100.14043426513672 110.0
114.0814208984375 127.0
123.46617889404297 126.0
135.35581970214844 134.0
145.28048706054688 144.0
107.92426300048828 114.0
97.05267333984375 111.0
118.2992172241211 134.0
127.40834045410156 128.0
153.12875366210938 158.0
111.28621673583984 110.0
151.50015258789062 153.0
144.32638549804688 149.0
157.7707061767578 162.0
124.80447387695312 132.0
111.41336822509766 117.0
103.63127899169922 122.0
163.5537567138672 159.0
118.65241241455078 126.0
142.02413940429688 154.0
119.66790771484375 132.0
113.29762268066406 124.0
107.27188110351562 112.0
115.35980224609375 119.0
131.25634765625 139.0
156.97586059570312 167.0
119.03872680664062 135.0
150.8446807861328 160.0
108.691162109375 122.0
115.38729095458984 118.0
169.34088134765625 176.0
157.08607482910156 169.0
112.99303436279297 127.0
129.5321044921875 134.0
107.65003967285156 121.0
113.17845153808594 122.0
120.95497131347656 128.0
154.07818603515625 154.0
107.98565673828125 108.0
155.46685791015625 155.0
158.55999755859375 167.0
121.82280731201172 130.0
113.34864807128906 115.0
162.48385620117188 167.0
138.6937713623047 148.0
156.97328186035156 171.0
103.85967254638672 111.0
109.08760070800781 122.0
104.74423217773438 106.0
112.33731079101562 114.0
138.0681915283203 143.0
144.40960693359375 144.0
100.1832275390625 114.0
120.09176635742188 125.0
110.22776794433594 111.0
145.6312255859375 146.0
129.80938720703125 130.0
105.6371841430664 120.0
125.58045959472656 134.0
121.16942596435547 126.0
132.61053466796875 136.0
146.8162078857422 153.0
157.21871948242188 167.0
130.1276397705078 133.0
106.23268127441406 116.0
104.9731674194336 106.0
110.71289825439453 120.0
146.90528869628906 161.0
110.0289306640625 129.0
140.7349395751953 150.0
129.0246124267578 130.0
98.59776306152344 110.0
112.24871063232422 127.0
121.69676208496094 126.0
134.19223022460938 134.0
143.95811462402344 144.0
105.9171142578125 114.0
95.31705474853516 111.0
116.91014099121094 134.0
125.3177719116211 128.0
150.73695373535156 158.0
108.9052734375 110.0
150.34866333007812 153.0
141.73590087890625 149.0
155.83624267578125 162.0
122.68431091308594 132.0
109.92018127441406 117.0
102.52086639404297 122.0
163.71075439453125 159.0
118.36180877685547 126.0
141.71017456054688 154.0
119.69923400878906 132.0
113.87980651855469 124.0
107.91809844970703 112.0
114.657470703125 119.0
131.5476531982422 139.0
156.91238403320312 167.0
119.16220092773438 135.0
151.103271484375 160.0
108.97285461425781 122.0
115.32977294921875 118.0
170.2837371826172 176.0
156.89382934570312 169.0
112.6449966430664 127.0
129.47352600097656 134.0
108.68966674804688 121.0
114.08760833740234 122.0
120.9676513671875 128.0
154.67385864257812 154.0
107.91352844238281 108.0
155.53585815429688 155.0
159.35252380371094 167.0
121.8192367553711 130.0
113.38993835449219 115.0
162.6193389892578 167.0
139.3280792236328 148.0
156.9568328857422 171.0
103.65628814697266 111.0
109.57539367675781 122.0
105.67939758300781 106.0
112.46261596679688 114.0
138.0067901611328 143.0
143.73863220214844 144.0
99.92459106445312 114.0
120.4789810180664 125.0
110.49142456054688 111.0
145.32643127441406 146.0
130.122314453125 130.0
105.23686218261719 120.0
125.34475708007812 134.0
122.18246459960938 126.0
132.96116638183594 136.0
146.91775512695312 153.0
158.125244140625 167.0
130.06869506835938 133.0
105.8879623413086 116.0
104.6268081665039 106.0
110.16110229492188 120.0
146.8385009765625 161.0
110.63861083984375 129.0
141.14474487304688 150.0
128.91915893554688 130.0
98.14447784423828 110.0
112.79953002929688 127.0
121.76734924316406 126.0
134.9138641357422 134.0
145.07102966308594 144.0
105.61566925048828 114.0
95.39088439941406 111.0
116.66582489013672 134.0
124.74595642089844 128.0
150.8907470703125 158.0
108.89122772216797 110.0
149.91116333007812 153.0
141.91990661621094 149.0
156.37982177734375 162.0
122.36476135253906 132.0
110.36184692382812 117.0
102.45162200927734 122.0
163.18753051757812 159.0
118.42406463623047 126.0
141.39283752441406 154.0
119.3447494506836 132.0
113.06863403320312 124.0
107.21342468261719 112.0
114.49250793457031 119.0
131.12655639648438 139.0
156.432861328125 167.0
118.83831024169922 135.0
151.13717651367188 160.0
108.42938232421875 122.0
115.1591796875 118.0
170.0035400390625 176.0
156.46209716796875 169.0
112.89057159423828 127.0
129.35760498046875 134.0
107.6453857421875 121.0
113.04266357421875 122.0
120.86546325683594 128.0
154.251953125 154.0
107.78208923339844 108.0
154.94093322753906 155.0
158.74964904785156 167.0
121.51235961914062 130.0
113.03057861328125 115.0
162.6788330078125 167.0
138.69851684570312 148.0
156.92222595214844 171.0
103.37255096435547 111.0
108.89078521728516 122.0
105.0949478149414 106.0
112.20457458496094 114.0
137.54920959472656 143.0
143.7942352294922 144.0
99.62882232666016 114.0
119.97103881835938 125.0
109.95598602294922 111.0
145.24342346191406 146.0
129.6948699951172 130.0
105.18814849853516 120.0
125.3114013671875 134.0
121.31596374511719 126.0
132.16970825195312 136.0
146.65505981445312 153.0
157.69451904296875 167.0
129.8700408935547 133.0
106.0582275390625 116.0
104.74274444580078 106.0
110.22569274902344 120.0
146.40960693359375 161.0
109.83383178710938 129.0
140.4377899169922 150.0
128.3736572265625 130.0
98.16018676757812 110.0
112.3411636352539 127.0
121.49177551269531 126.0
133.55142211914062 134.0
143.7177734375 144.0
105.7108383178711 114.0
95.39265441894531 111.0
116.63615417480469 134.0
125.07423400878906 128.0
150.58364868164062 158.0
108.88272094726562 110.0
150.12181091308594 153.0
141.91835021972656 149.0
155.81442260742188 162.0
122.34382629394531 132.0
109.72991943359375 117.0
102.20393371582031 122.0
165.14256286621094 159.0
119.96795654296875 126.0
143.18614196777344 154.0
121.11883544921875 132.0
114.80363464355469 124.0
108.6279296875 112.0
116.2352294921875 119.0
133.197021484375 139.0
158.2234344482422 167.0
120.40142822265625 135.0
152.865966796875 160.0
110.11048889160156 122.0
116.73880004882812 118.0
171.51206970214844 176.0
158.11264038085938 169.0
114.21553802490234 127.0
131.25210571289062 134.0
109.45664978027344 121.0
114.83648681640625 122.0
122.63472747802734 128.0
156.04586791992188 154.0
109.12503051757812 108.0
156.7174835205078 155.0
160.30699157714844 167.0
123.29115295410156 130.0
114.2264633178711 115.0
164.252685546875 167.0
140.77023315429688 148.0
158.89234924316406 171.0
105.52386474609375 111.0
110.59834289550781 122.0
106.46739196777344 106.0
113.8431396484375 114.0
138.99685668945312 143.0
145.48397827148438 144.0
101.10928344726562 114.0
121.30693054199219 125.0
111.0943603515625 111.0
146.8485870361328 146.0
130.78639221191406 130.0
106.694580078125 120.0
126.5484619140625 134.0
123.06636810302734 126.0
134.07867431640625 136.0
148.22525024414062 153.0
159.28585815429688 167.0
131.73617553710938 133.0
106.9688491821289 116.0
105.64512634277344 106.0
111.618408203125 120.0
148.21031188964844 161.0
111.57223510742188 129.0
142.73370361328125 150.0
131.09381103515625 130.0
99.72904968261719 110.0
113.79959106445312 127.0
123.0989990234375 126.0
135.32395935058594 134.0
145.54559326171875 144.0
107.0323486328125 114.0
96.72396087646484 111.0
118.34368133544922 134.0
126.92222595214844 128.0
151.92918395996094 158.0
110.86065673828125 110.0
151.71951293945312 153.0
144.19906616210938 149.0
157.33139038085938 162.0
123.47341918945312 132.0
111.35803985595703 117.0
103.57337951660156 122.0
