94.6790771484375 159.0
111.592041015625 126.0
128.5345916748047 154.0
102.9246826171875 132.0
88.57251739501953 124.0
50.97450256347656 112.0
117.64167785644531 119.0
104.38134002685547 139.0
126.076171875 167.0
100.784423828125 135.0
113.30715942382812 160.0
97.58158111572266 122.0
106.66253662109375 118.0
105.91423034667969 176.0
134.94158935546875 169.0
115.48324584960938 127.0
119.4416732788086 134.0
64.78080749511719 121.0
51.54543685913086 122.0
112.56641387939453 128.0
107.14318084716797 154.0
94.156982421875 108.0
116.52238464355469 155.0
79.70198059082031 167.0
104.9155044555664 130.0
103.1610107421875 115.0
107.1820297241211 167.0
65.9130859375 148.0
139.3216094970703 171.0
97.52880859375 111.0
99.09346771240234 122.0
80.75825500488281 106.0
101.13080596923828 114.0
117.3075942993164 143.0
133.4237823486328 144.0
128.55921936035156 114.0
102.08528137207031 125.0
102.59684753417969 111.0
135.38827514648438 146.0
120.76739501953125 130.0
114.57875061035156 120.0
113.86463928222656 134.0
46.96076583862305 126.0
87.74444580078125 136.0
111.60382080078125 153.0
99.95048522949219 167.0
92.49259948730469 133.0
110.14305114746094 116.0
101.98785400390625 106.0
111.47125244140625 120.0
116.07499694824219 161.0
65.0830078125 129.0
88.18067932128906 150.0
110.95781707763672 130.0
105.65544128417969 110.0
69.73603057861328 127.0
75.7743911743164 126.0
127.87183380126953 134.0
80.83968353271484 144.0
106.58729553222656 114.0
99.61190795898438 111.0
109.398193359375 134.0
121.79849243164062 128.0
84.57990264892578 158.0
109.69491577148438 110.0
114.26400756835938 153.0
106.78726196289062 149.0
108.39332580566406 162.0
127.4863052368164 132.0
54.72341537475586 117.0
123.08367156982422 122.0
179.2787322998047 159.0
158.44027709960938 126.0
173.64004516601562 154.0
153.04953002929688 132.0
151.9830322265625 124.0
131.05072021484375 112.0
155.20123291015625 119.0
163.41690063476562 139.0
191.77146911621094 167.0
193.58380126953125 135.0
171.89541625976562 160.0
156.73556518554688 122.0
169.7777099609375 118.0
156.04058837890625 176.0
193.60775756835938 169.0
170.6639862060547 127.0
191.513427734375 134.0
176.20452880859375 121.0
144.10401916503906 122.0
180.28997802734375 128.0
177.28781127929688 154.0
149.77952575683594 108.0
182.95260620117188 155.0
179.0210418701172 167.0
169.74859619140625 130.0
145.7210235595703 115.0
160.05633544921875 167.0
150.99691772460938 148.0
224.3539581298828 171.0
136.5241241455078 111.0
172.4239959716797 122.0
153.7875518798828 106.0
152.28512573242188 114.0
173.86058044433594 143.0
181.575927734375 144.0
194.80030822753906 114.0
194.73243713378906 125.0
156.407470703125 111.0
179.06410217285156 146.0
167.3536376953125 130.0
159.51747131347656 120.0
160.2086944580078 134.0
133.03793334960938 126.0
157.18142700195312 136.0
177.39427185058594 153.0
147.35116577148438 167.0
164.89947509765625 133.0
170.24588012695312 116.0
143.91213989257812 106.0
148.9021453857422 120.0
167.4935302734375 161.0
141.04605102539062 129.0
197.26768493652344 150.0
170.77249145507812 130.0
157.84388732910156 110.0
153.22628784179688 127.0
153.41946411132812 126.0
214.31228637695312 134.0
205.1719970703125 144.0
166.95034790039062 114.0
158.8237762451172 111.0
150.3809356689453 134.0
175.01776123046875 128.0
163.64329528808594 158.0
179.81719970703125 110.0
165.84512329101562 153.0
181.66668701171875 149.0
177.10923767089844 162.0
175.17872619628906 132.0
136.01742553710938 117.0
221.70947265625 122.0
120.58418273925781 159.0
104.93559265136719 126.0
112.8556900024414 154.0
96.69401550292969 132.0
93.44637298583984 124.0
89.79153442382812 112.0
90.48221588134766 119.0
97.86901092529297 139.0
117.9248046875 167.0
102.47846984863281 135.0
116.96272277832031 160.0
94.24699401855469 122.0
100.86178588867188 118.0
124.68569946289062 176.0
117.69005584716797 169.0
106.76876831054688 127.0
109.04193878173828 134.0
96.90605163574219 121.0
93.03575134277344 122.0
106.44782257080078 128.0
109.17121887207031 154.0
90.52978515625 108.0
113.12742614746094 155.0
112.1500244140625 167.0
102.91307067871094 130.0
87.35261535644531 115.0
122.18242645263672 167.0
104.27252197265625 148.0
122.11959838867188 171.0
87.2689437866211 111.0
101.53421020507812 122.0
82.80976104736328 106.0
95.72695922851562 114.0
103.81491088867188 143.0
116.04304504394531 144.0
107.98229217529297 114.0
107.53826904296875 125.0
75.87691497802734 111.0
111.44947814941406 146.0
95.61054229736328 130.0
99.43746948242188 120.0
95.80191040039062 134.0
93.1476058959961 126.0
100.47464752197266 136.0
113.96305847167969 153.0
114.1194839477539 167.0
107.6919174194336 133.0
92.27742004394531 116.0
87.30406188964844 106.0
95.49597930908203 120.0
108.55500793457031 161.0
95.12779998779297 129.0
109.76586151123047 150.0
117.08491516113281 130.0
97.12320709228516 110.0
99.69690704345703 127.0
102.36155700683594 126.0
107.36502075195312 134.0
119.03630065917969 144.0
97.10929870605469 114.0
93.01234436035156 111.0
94.77318572998047 134.0
109.95775604248047 128.0
107.4953384399414 158.0
108.8136978149414 110.0
113.92552947998047 153.0
121.03208923339844 149.0
107.81776428222656 162.0
105.24732971191406 132.0
91.82953643798828 117.0
99.13349914550781 122.0
148.34036254882812 159.0
103.59245300292969 126.0
127.12168884277344 154.0
99.4111328125 132.0
94.15738677978516 124.0
76.03842163085938 112.0
112.42433166503906 119.0
122.39330291748047 139.0
144.15223693847656 167.0
109.84588623046875 135.0
118.69331359863281 160.0
100.91557312011719 122.0
99.34779357910156 118.0
130.79307556152344 176.0
146.5672607421875 169.0
113.5448989868164 127.0
125.885009765625 134.0
107.85813903808594 121.0
80.39442443847656 122.0
118.5879135131836 128.0
126.49799346923828 154.0
95.59197998046875 108.0
139.72792053222656 155.0
128.09378051757812 167.0
115.53459930419922 130.0
113.73506164550781 115.0
120.96937561035156 167.0
110.12335205078125 148.0
136.04348754882812 171.0
89.89745330810547 111.0
97.61283111572266 122.0
86.68441772460938 106.0
88.80813598632812 114.0
132.27578735351562 143.0
132.38702392578125 144.0
100.9610595703125 114.0
107.97183990478516 125.0
111.83056640625 111.0
137.03256225585938 146.0
122.40220642089844 130.0
102.17437744140625 120.0
129.2124481201172 134.0
89.23736572265625 126.0
122.16981506347656 136.0
125.45661926269531 153.0
133.31820678710938 167.0
117.67137145996094 133.0
108.7154769897461 116.0
109.76493835449219 106.0
103.7529067993164 120.0
133.56495666503906 161.0
93.67462158203125 129.0
130.3566436767578 150.0
117.2297134399414 130.0
92.56770324707031 110.0
98.93888854980469 127.0
105.34007263183594 126.0
139.75564575195312 134.0
119.20991516113281 144.0
99.46177673339844 114.0
93.06626892089844 111.0
106.45108032226562 134.0
117.14420318603516 128.0
136.1622314453125 158.0
103.62535095214844 110.0
109.42753601074219 153.0
125.58122253417969 149.0
124.64189147949219 162.0
124.50741577148438 132.0
93.18099975585938 117.0
83.3917465209961 122.0
128.51113891601562 159.0
95.24027252197266 126.0
102.76360321044922 154.0
92.43930053710938 132.0
87.07171630859375 124.0
74.19514465332031 112.0
89.64392852783203 119.0
107.58218383789062 139.0
128.78701782226562 167.0
96.67802429199219 135.0
130.92041015625 160.0
93.693115234375 122.0
94.54853057861328 118.0
123.64126586914062 176.0
127.34307861328125 169.0
93.74653625488281 127.0
91.70693969726562 134.0
84.4474105834961 121.0
76.08056640625 122.0
86.90154266357422 128.0
116.01760864257812 154.0
90.53282928466797 108.0
122.8403549194336 155.0
115.3255386352539 167.0
90.05937194824219 130.0
90.9955062866211 115.0
136.72239685058594 167.0
113.80904388427734 148.0
116.83551788330078 171.0
84.89635467529297 111.0
87.51229095458984 122.0
75.22655487060547 106.0
91.00743865966797 114.0
107.2676010131836 143.0
107.26622009277344 144.0
82.5750961303711 114.0
89.77449035644531 125.0
83.30357360839844 111.0
119.09469604492188 146.0
104.23661804199219 130.0
89.05387115478516 120.0
104.21475219726562 134.0
83.9999008178711 126.0
101.267333984375 136.0
125.90130615234375 153.0
122.00585174560547 167.0
97.91230773925781 133.0
80.26081848144531 116.0
86.74935150146484 106.0
87.72601318359375 120.0
117.36261749267578 161.0
92.15948486328125 129.0
116.51850891113281 150.0
94.31117248535156 130.0
85.18331909179688 110.0
91.70858764648438 127.0
100.40403747558594 126.0
100.4422836303711 134.0
104.32221221923828 144.0
88.395751953125 114.0
85.15789031982422 111.0
91.086181640625 134.0
93.5385971069336 128.0
116.64677429199219 158.0
83.85859680175781 110.0
123.6812515258789 153.0
102.64630126953125 149.0
120.76195526123047 162.0
92.92051696777344 132.0
89.81864929199219 117.0
72.23690032958984 122.0
172.94923400878906 159.0
134.38587951660156 126.0
150.6798095703125 154.0
120.80799865722656 132.0
116.36151123046875 124.0
108.74000549316406 112.0
138.6974639892578 119.0
136.86940002441406 139.0
164.11721801757812 167.0
133.19125366210938 135.0
156.90603637695312 160.0
127.32078552246094 122.0
128.16876220703125 118.0
158.71417236328125 176.0
173.11929321289062 169.0
136.8793182373047 127.0
150.40072631835938 134.0
118.2078628540039 121.0
116.9057846069336 122.0
145.4420166015625 128.0
150.73377990722656 154.0
120.04124450683594 108.0
158.8173065185547 155.0
154.4422607421875 167.0
131.1553955078125 130.0
127.69874572753906 115.0
164.8327178955078 167.0
139.07391357421875 148.0
169.3977508544922 171.0
106.53582000732422 111.0
118.01103210449219 122.0
113.39488983154297 106.0
119.68769073486328 114.0
144.75721740722656 143.0
160.531494140625 144.0
130.71408081054688 114.0
136.50448608398438 125.0
126.99373626708984 111.0
158.9095458984375 146.0
146.46653747558594 130.0
126.1843490600586 120.0
143.47129821777344 134.0
113.87102508544922 126.0
138.3909149169922 136.0
154.57504272460938 153.0
156.12930297851562 167.0
146.57327270507812 133.0
127.05667114257812 116.0
125.64938354492188 106.0
125.70653533935547 120.0
150.24765014648438 161.0
118.74536895751953 129.0
143.0584716796875 150.0
140.8543243408203 130.0
116.8246078491211 110.0
126.3011474609375 127.0
128.18331909179688 126.0
151.4218292236328 134.0
143.8330078125 144.0
132.32347106933594 114.0
113.4791259765625 111.0
125.50133514404297 134.0
148.5071563720703 128.0
161.23480224609375 158.0
134.1393280029297 110.0
155.5595703125 153.0
157.15927124023438 149.0
158.19956970214844 162.0
144.68960571289062 132.0
110.09870910644531 117.0
118.54205322265625 122.0
142.0465087890625 159.0
100.13460540771484 126.0
115.08438110351562 154.0
95.6890869140625 132.0
97.43766784667969 124.0
88.22529602050781 112.0
105.165771484375 119.0
119.38440704345703 139.0
131.3777313232422 167.0
108.4161376953125 135.0
130.26654052734375 160.0
99.8751220703125 122.0
101.890380859375 118.0
142.42642211914062 176.0
137.7579803466797 169.0
104.26445007324219 127.0
115.91645812988281 134.0
91.45805358886719 121.0
92.33039855957031 122.0
111.81909942626953 128.0
131.46942138671875 154.0
94.86956024169922 108.0
129.78216552734375 155.0
126.15538024902344 167.0
108.0185317993164 130.0
100.22340393066406 115.0
139.2698974609375 167.0
118.24395751953125 148.0
131.62057495117188 171.0
93.86824035644531 111.0
99.10114288330078 122.0
93.45752716064453 106.0
95.06088256835938 114.0
116.90430450439453 143.0
122.95887756347656 144.0
102.34524536132812 114.0
106.34614562988281 125.0
104.4528579711914 111.0
128.3186798095703 146.0
118.93997192382812 130.0
91.61991119384766 120.0
112.61570739746094 134.0
93.31294250488281 126.0
116.41847229003906 136.0
130.1121368408203 153.0
136.48806762695312 167.0
114.23936462402344 133.0
98.64224243164062 116.0
96.71937561035156 106.0
97.69947052001953 120.0
125.2733383178711 161.0
97.32376861572266 129.0
124.73918151855469 150.0
106.9824447631836 130.0
92.27261352539062 110.0
98.28173828125 127.0
105.51118469238281 126.0
122.80089569091797 134.0
119.61006164550781 144.0
100.14007568359375 114.0
95.3721923828125 111.0
103.65421295166016 134.0
107.61935424804688 128.0
129.8973846435547 158.0
99.0152587890625 110.0
122.2513198852539 153.0
114.85377502441406 149.0
130.71029663085938 162.0
111.02268981933594 132.0
94.41957092285156 117.0
93.11100006103516 122.0
146.66250610351562 159.0
106.59650421142578 126.0
123.84639739990234 154.0
104.11026000976562 132.0
104.1725845336914 124.0
91.33819580078125 112.0
113.96748352050781 119.0
128.9997100830078 139.0
147.0929718017578 167.0
116.88055419921875 135.0
149.05337524414062 160.0
108.2098388671875 122.0
111.44744110107422 118.0
157.59030151367188 176.0
156.57815551757812 169.0
107.50660705566406 127.0
116.71327209472656 134.0
98.12408447265625 121.0
98.47378540039062 122.0
110.13311004638672 128.0
132.78402709960938 154.0
102.74710083007812 108.0
147.2831268310547 155.0
133.6911163330078 167.0
113.30691528320312 130.0
108.6663589477539 115.0
157.29421997070312 167.0
119.65532684326172 148.0
140.73611450195312 171.0
99.941162109375 111.0
105.58505249023438 122.0
98.49173736572266 106.0
100.65779113769531 114.0
126.15269470214844 143.0
134.5082550048828 144.0
96.07148742675781 114.0
107.74526977539062 125.0
107.16658020019531 111.0
143.5430145263672 146.0
129.67288208007812 130.0
102.54158782958984 120.0
125.77037811279297 134.0
100.91368865966797 126.0
118.42276763916016 136.0
145.98291015625 153.0
154.9227294921875 167.0
118.92493438720703 133.0
102.78581237792969 116.0
102.37367248535156 106.0
104.33688354492188 120.0
139.18528747558594 161.0
97.5921630859375 129.0
129.265380859375 150.0
113.28404235839844 130.0
97.33878326416016 110.0
100.58402252197266 127.0
107.70443725585938 126.0
126.37882995605469 134.0
125.84398651123047 144.0
104.07892608642578 114.0
99.3458251953125 111.0
110.84086608886719 134.0
111.80574035644531 128.0
135.35562133789062 158.0
100.27974700927734 110.0
140.19407653808594 153.0
120.39645385742188 149.0
135.9056396484375 162.0
117.3313217163086 132.0
99.05228424072266 117.0
83.63733673095703 122.0
125.063720703125 159.0
91.24874877929688 126.0
102.67430114746094 154.0
92.04139709472656 132.0
86.38540649414062 124.0
75.57067108154297 112.0
84.15458679199219 119.0
106.56646728515625 139.0
122.39496612548828 167.0
96.2772216796875 135.0
116.62459564208984 160.0
88.62076568603516 122.0
91.65200805664062 118.0
111.12434387207031 176.0
119.39048767089844 169.0
92.166015625 127.0
90.65118408203125 134.0
80.95825958251953 121.0
84.00531005859375 122.0
89.7674560546875 128.0
119.712890625 154.0
84.5831298828125 108.0
120.85163879394531 155.0
115.69453430175781 167.0
92.10149383544922 130.0
84.31413269042969 115.0
121.56532287597656 167.0
110.47021484375 148.0
117.23751068115234 171.0
84.73533630371094 111.0
88.47183990478516 122.0
79.64607238769531 106.0
86.15154266357422 114.0
107.60013580322266 143.0
110.45304107666016 144.0
78.83340454101562 114.0
93.68489074707031 125.0
81.658203125 111.0
111.41374969482422 146.0
102.32130432128906 130.0
81.51150512695312 120.0
102.11004638671875 134.0
85.89163208007812 126.0
100.87538146972656 136.0
114.07603454589844 153.0
115.61898040771484 167.0
98.24950408935547 133.0
79.41658782958984 116.0
80.82030487060547 106.0
82.53008270263672 120.0
114.51548767089844 161.0
87.72163391113281 129.0
112.72933959960938 150.0
93.91934204101562 130.0
81.11994171142578 110.0
90.55846405029297 127.0
94.66064453125 126.0
101.63954162597656 134.0
105.42448425292969 144.0
83.73854064941406 114.0
80.88063049316406 111.0
92.41161346435547 134.0
94.70418548583984 128.0
117.56346130371094 158.0
83.79874420166016 110.0
109.27283477783203 153.0
106.96160125732422 149.0
120.31620788574219 162.0
90.24977111816406 132.0
84.78106689453125 117.0
69.60089111328125 122.0
177.04183959960938 159.0
121.19242858886719 126.0
142.01348876953125 154.0
122.56262969970703 132.0
113.15140533447266 124.0
115.53711700439453 112.0
122.11190032958984 119.0
143.13925170898438 139.0
169.59848022460938 167.0
132.58352661132812 135.0
164.8958740234375 160.0
118.4066390991211 122.0
117.1549301147461 118.0
178.3694305419922 176.0
170.87646484375 169.0
118.82230377197266 127.0
131.2569580078125 134.0
119.23704528808594 121.0
127.81756591796875 122.0
122.2294692993164 128.0
159.15501403808594 154.0
115.34483337402344 108.0
165.54466247558594 155.0
169.5204315185547 167.0
120.36397552490234 130.0
124.56001281738281 115.0
170.92271423339844 167.0
152.68276977539062 148.0
164.31219482421875 171.0
107.38716125488281 111.0
109.87495422363281 122.0
114.53443908691406 106.0
116.02044677734375 114.0
147.36097717285156 143.0
147.42361450195312 144.0
106.8787841796875 114.0
132.91627502441406 125.0
120.0360107421875 111.0
155.90399169921875 146.0
141.58079528808594 130.0
112.6522216796875 120.0
140.9175567626953 134.0
127.788818359375 126.0
139.78741455078125 136.0
159.69329833984375 153.0
168.2229766845703 167.0
137.1854248046875 133.0
112.53065490722656 116.0
116.39727020263672 106.0
116.47921752929688 120.0
156.95355224609375 161.0
120.4049301147461 129.0
148.0811309814453 150.0
123.77896118164062 130.0
105.25233459472656 110.0
127.78263854980469 127.0
128.6748046875 126.0
149.67724609375 134.0
157.5883026123047 144.0
112.11258697509766 114.0
102.08882141113281 111.0
119.14513397216797 134.0
129.17172241210938 128.0
163.61790466308594 158.0
113.43696594238281 110.0
157.73605346679688 153.0
143.43177795410156 149.0
166.22593688964844 162.0
128.0409393310547 132.0
115.32157135009766 117.0
113.37677001953125 122.0
140.57492065429688 159.0
134.96031188964844 126.0
157.88955688476562 154.0
124.12579345703125 132.0
123.12591552734375 124.0
73.73949432373047 112.0
115.67414093017578 119.0
114.87232208251953 139.0
171.57090759277344 167.0
111.51458740234375 135.0
127.50775146484375 160.0
120.59288024902344 122.0
114.86854553222656 118.0
179.74635314941406 176.0
161.90869140625 169.0
120.79012298583984 127.0
123.29051971435547 134.0
74.79918670654297 121.0
70.05375671386719 122.0
123.25013732910156 128.0
119.62019348144531 154.0
119.13140869140625 108.0
156.19900512695312 155.0
120.88346862792969 167.0
120.40198516845703 130.0
123.20416259765625 115.0
166.5436248779297 167.0
113.33917236328125 148.0
137.81259155273438 171.0
108.5206069946289 111.0
107.84327697753906 122.0
77.16374969482422 106.0
116.43077850341797 114.0
141.5022430419922 143.0
153.3119659423828 144.0
92.9315185546875 114.0
83.93577575683594 125.0
107.6307144165039 111.0
152.8880615234375 146.0
139.63711547851562 130.0
120.71620178222656 120.0
142.82818603515625 134.0
74.00347900390625 126.0
124.0282974243164 136.0
137.36569213867188 153.0
174.33676147460938 167.0
116.121826171875 133.0
102.2117919921875 116.0
118.3147964477539 106.0
126.8557357788086 120.0
155.81094360351562 161.0
101.34642028808594 129.0
116.0279541015625 150.0
152.3644561767578 130.0
114.90406036376953 110.0
88.6224594116211 127.0
111.72078704833984 126.0
82.64632415771484 134.0
96.68890380859375 144.0
108.00768280029297 114.0
93.6590347290039 111.0
127.83316802978516 134.0
138.2093505859375 128.0
138.54391479492188 158.0
114.84501647949219 110.0
143.98196411132812 153.0
138.82354736328125 149.0
125.38725280761719 162.0
132.46554565429688 132.0
103.25189208984375 117.0
58.92832946777344 122.0
145.08070373535156 159.0
103.72521209716797 126.0
125.1346435546875 154.0
103.2997055053711 132.0
91.49388122558594 124.0
72.20257568359375 112.0
104.0162582397461 119.0
110.50582885742188 139.0
144.27059936523438 167.0
104.14080810546875 135.0
128.40426635742188 160.0
101.39546203613281 122.0
97.84321594238281 118.0
128.5645294189453 176.0
145.67086791992188 169.0
98.77792358398438 127.0
112.83927917480469 134.0
86.93467712402344 121.0
78.0938720703125 122.0
104.45809936523438 128.0
121.77593231201172 154.0
97.74244689941406 108.0
141.74705505371094 155.0
132.7706756591797 167.0
103.32662963867188 130.0
109.52777862548828 115.0
141.859130859375 167.0
109.2839584350586 148.0
131.08787536621094 171.0
83.61628723144531 111.0
86.88832092285156 122.0
80.86637878417969 106.0
89.82716369628906 114.0
120.94123840332031 143.0
127.68270874023438 144.0
77.3819580078125 114.0
93.09187316894531 125.0
98.56965637207031 111.0
131.75718688964844 146.0
116.11187744140625 130.0
94.69536590576172 120.0
122.74742889404297 134.0
85.85518646240234 126.0
111.96390533447266 136.0
129.6992645263672 153.0
141.21401977539062 167.0
110.58807373046875 133.0
92.26481628417969 116.0
104.40609741210938 106.0
101.86976623535156 120.0
130.58358764648438 161.0
89.118408203125 129.0
120.69889068603516 150.0
111.24974060058594 130.0
86.35783386230469 110.0
92.82978820800781 127.0
102.08226013183594 126.0
114.29759216308594 134.0
110.66460418701172 144.0
85.61528015136719 114.0
77.12055206298828 111.0
100.31483459472656 134.0
108.82730102539062 128.0
135.6282196044922 158.0
95.27622985839844 110.0
129.98495483398438 153.0
122.65699768066406 149.0
120.02775573730469 162.0
116.3792953491211 132.0
87.14005279541016 117.0
55.000518798828125 122.0
191.9421844482422 159.0
140.14251708984375 126.0
160.98257446289062 154.0
139.072265625 132.0
127.94621276855469 124.0
123.5271987915039 112.0
143.8782196044922 119.0
161.54672241210938 139.0
193.98023986816406 167.0
147.76959228515625 135.0
179.98008728027344 160.0
139.0384979248047 122.0
136.20278930664062 118.0
207.29017639160156 176.0
194.56378173828125 169.0
137.71339416503906 127.0
144.42076110839844 134.0
125.43031311035156 121.0
136.41632080078125 122.0
141.77774047851562 128.0
181.29339599609375 154.0
134.16786193847656 108.0
189.05535888671875 155.0
175.86972045898438 167.0
141.1614227294922 130.0
141.6739959716797 115.0
192.9532928466797 167.0
169.1572723388672 148.0
181.9939422607422 171.0
123.8031005859375 111.0
127.12005615234375 122.0
127.42528533935547 106.0
132.7428436279297 114.0
167.76580810546875 143.0
175.3590850830078 144.0
120.7340087890625 114.0
141.06192016601562 125.0
134.17007446289062 111.0
172.70370483398438 146.0
157.74630737304688 130.0
134.6338348388672 120.0
157.8048858642578 134.0
136.5848846435547 126.0
147.83316040039062 136.0
175.69737243652344 153.0
192.85865783691406 167.0
154.4580841064453 133.0
133.6719970703125 116.0
134.07852172851562 106.0
135.20654296875 120.0
178.9263916015625 161.0
128.26942443847656 129.0
169.50799560546875 150.0
150.3795166015625 130.0
126.80765533447266 110.0
132.92811584472656 127.0
139.39915466308594 126.0
161.13751220703125 134.0
166.9132537841797 144.0
134.42694091796875 114.0
116.87223815917969 111.0
138.67469787597656 134.0
150.90638732910156 128.0
180.33743286132812 158.0
130.74160766601562 110.0
178.57998657226562 153.0
161.88662719726562 149.0
185.68756103515625 162.0
150.00839233398438 132.0
126.24873352050781 117.0
119.698974609375 122.0
156.1040802001953 159.0
111.5169906616211 126.0
129.1013641357422 154.0
108.86817169189453 132.0
104.55625915527344 124.0
102.4012451171875 112.0
111.61970520019531 119.0
122.28849792480469 139.0
146.37948608398438 167.0
116.1491470336914 135.0
140.34024047851562 160.0
102.2922592163086 122.0
107.64636993408203 118.0
156.4901885986328 176.0
149.87863159179688 169.0
111.3956069946289 127.0
126.60795593261719 134.0
105.79647827148438 121.0
112.57312774658203 122.0
119.69940948486328 128.0
143.8612518310547 154.0
101.68435668945312 108.0
143.77955627441406 155.0
151.98971557617188 167.0
116.80550384521484 130.0
108.3259506225586 115.0
152.2759552001953 167.0
131.28482055664062 148.0
144.6540069580078 171.0
97.66033935546875 111.0
104.91764831542969 122.0
99.60952758789062 106.0
102.60697937011719 114.0
126.88802337646484 143.0
136.97909545898438 144.0
98.68209838867188 114.0
117.53787994384766 125.0
108.31807708740234 111.0
135.91224670410156 146.0
121.5447998046875 130.0
101.78577423095703 120.0
123.18988037109375 134.0
116.16984558105469 126.0
124.01110076904297 136.0
137.32791137695312 153.0
151.34732055664062 167.0
129.29710388183594 133.0
107.93060302734375 116.0
103.23423767089844 106.0
105.66190338134766 120.0
135.58766174316406 161.0
106.19374084472656 129.0
131.24517822265625 150.0
122.59544372558594 130.0
94.34707641601562 110.0
112.27446746826172 127.0
115.52272033691406 126.0
136.26805114746094 134.0
143.5919189453125 144.0
102.5115966796875 114.0
92.39070892333984 111.0
112.7357177734375 134.0
118.72056579589844 128.0
145.568115234375 158.0
107.82781219482422 110.0
139.2476043701172 153.0
139.43453979492188 149.0
143.64932250976562 162.0
120.30213165283203 132.0
105.82295227050781 117.0
97.9012680053711 122.0
174.55120849609375 159.0
127.20246887207031 126.0
145.3990936279297 154.0
125.93385314941406 132.0
117.71751403808594 124.0
118.67562103271484 112.0
123.04823303222656 119.0
137.35752868652344 139.0
166.281982421875 167.0
132.50735473632812 135.0
153.52902221679688 160.0
119.49728393554688 122.0
121.2806167602539 118.0
160.97158813476562 176.0
167.57843017578125 169.0
127.05567932128906 127.0
142.54994201660156 134.0
115.52141571044922 121.0
127.17105102539062 122.0
135.00930786132812 128.0
157.97772216796875 154.0
119.37667083740234 108.0
162.90423583984375 155.0
172.20889282226562 167.0
129.2034912109375 130.0
126.216796875 115.0
162.33407592773438 167.0
146.636962890625 148.0
166.34451293945312 171.0
110.44710540771484 111.0
113.40967559814453 122.0
115.36869812011719 106.0
116.13861083984375 114.0
146.2039337158203 143.0
152.4530792236328 144.0
109.68594360351562 114.0
134.57569885253906 125.0
126.15167236328125 111.0
151.98768615722656 146.0
137.78346252441406 130.0
114.61050415039062 120.0
142.66847229003906 134.0
130.95640563964844 126.0
141.77513122558594 136.0
151.16905212402344 153.0
158.4991455078125 167.0
146.91571044921875 133.0
121.57730102539062 116.0
121.62382507324219 106.0
119.23230743408203 120.0
153.4522705078125 161.0
122.43325805664062 129.0
148.5865020751953 150.0
130.61978149414062 130.0
105.20655059814453 110.0
129.68096923828125 127.0
130.26271057128906 126.0
148.58453369140625 134.0
154.48562622070312 144.0
110.68707275390625 114.0
100.7288589477539 111.0
124.41209411621094 134.0
138.47579956054688 128.0
163.49591064453125 158.0
121.93828582763672 110.0
153.9745330810547 153.0
158.47967529296875 149.0
159.965087890625 162.0
133.937744140625 132.0
117.54745483398438 117.0
111.10991668701172 122.0
229.635009765625 159.0
164.57057189941406 126.0
186.75755310058594 154.0
157.97308349609375 132.0
153.2549591064453 124.0
153.1009063720703 112.0
164.51931762695312 119.0
173.60606384277344 139.0
213.8615264892578 167.0
175.92950439453125 135.0
197.06663513183594 160.0
151.11712646484375 122.0
165.70187377929688 118.0
214.4655303955078 176.0
217.38119506835938 169.0
169.96539306640625 127.0
186.6363067626953 134.0
151.48077392578125 121.0
163.57691955566406 122.0
181.71365356445312 128.0
203.90386962890625 154.0
144.47088623046875 108.0
209.86834716796875 155.0
217.6634979248047 167.0
173.8763427734375 130.0
150.2393341064453 115.0
209.55230712890625 167.0
187.42886352539062 148.0
222.28269958496094 171.0
142.28665161132812 111.0
150.97793579101562 122.0
147.2981414794922 106.0
152.42901611328125 114.0
186.49444580078125 143.0
207.2017822265625 144.0
159.9771728515625 114.0
185.49700927734375 125.0
151.9956817626953 111.0
195.35256958007812 146.0
172.3885040283203 130.0
149.5867462158203 120.0
168.9420928955078 134.0
159.72601318359375 126.0
183.41079711914062 136.0
194.86325073242188 153.0
206.51333618164062 167.0
187.43588256835938 133.0
162.01791381835938 116.0
143.2321319580078 106.0
150.9214630126953 120.0
195.5057830810547 161.0
160.1180877685547 129.0
201.41946411132812 150.0
178.6988983154297 130.0
140.5565948486328 110.0
167.08152770996094 127.0
167.5737762451172 126.0
197.29669189453125 134.0
205.761962890625 144.0
160.09951782226562 114.0
132.44505310058594 111.0
157.4942626953125 134.0
186.6179962158203 128.0
212.65419006347656 158.0
166.916015625 110.0
197.43756103515625 153.0
206.2275848388672 149.0
211.15591430664062 162.0
172.52430725097656 132.0
148.4095458984375 117.0
163.21157836914062 122.0
147.97283935546875 159.0
114.42608642578125 126.0
132.8502197265625 154.0
115.438720703125 132.0
104.2239990234375 124.0
91.85121154785156 112.0
121.42366027832031 119.0
128.5849609375 139.0
153.77410888671875 167.0
118.28711700439453 135.0
143.55838012695312 160.0
111.38372039794922 122.0
112.47733306884766 118.0
170.89376831054688 176.0
155.4387664794922 169.0
115.16127014160156 127.0
122.26497650146484 134.0
91.45884704589844 121.0
95.81307983398438 122.0
115.82809448242188 128.0
140.53182983398438 154.0
108.12213897705078 108.0
152.58798217773438 155.0
136.43939208984375 167.0
116.76509857177734 130.0
114.45845794677734 115.0
154.13272094726562 167.0
129.0034942626953 148.0
147.90359497070312 171.0
103.54786682128906 111.0
107.4394302368164 122.0
99.4500503540039 106.0
108.40194702148438 114.0
134.44898986816406 143.0
143.33985900878906 144.0
99.88738250732422 114.0
106.5622329711914 125.0
107.6087875366211 111.0
143.36477661132812 146.0
126.55619049072266 130.0
111.58822631835938 120.0
127.01776123046875 134.0
100.769775390625 126.0
117.63192749023438 136.0
142.06900024414062 153.0
154.10231018066406 167.0
120.60816955566406 133.0
109.66985321044922 116.0
110.9457015991211 106.0
111.2288818359375 120.0
144.076904296875 161.0
100.83112335205078 129.0
127.19095611572266 150.0
124.21568298339844 130.0
105.5803451538086 110.0
104.7586669921875 127.0
111.41194152832031 126.0
119.57701873779297 134.0
121.8125991821289 144.0
111.4479751586914 114.0
101.28099060058594 111.0
115.50570678710938 134.0
121.79365539550781 128.0
135.609130859375 158.0
107.43793487548828 110.0
147.80882263183594 153.0
130.92665100097656 149.0
142.64804077148438 162.0
124.29698944091797 132.0
100.56717681884766 117.0
97.80947875976562 122.0
142.96315002441406 159.0
111.94795989990234 126.0
124.83645629882812 154.0
107.57257843017578 132.0
101.54401397705078 124.0
99.87638854980469 112.0
109.6040267944336 119.0
116.45355224609375 139.0
142.89892578125 167.0
112.0273208618164 135.0
135.29673767089844 160.0
101.9095458984375 122.0
106.958984375 118.0
148.4287567138672 176.0
145.95436096191406 169.0
109.38585662841797 127.0
116.90532684326172 134.0
98.89059448242188 121.0
106.62083435058594 122.0
113.31027221679688 128.0
135.49990844726562 154.0
99.22046661376953 108.0
139.77923583984375 155.0
141.32965087890625 167.0
106.42515563964844 130.0
104.87408447265625 115.0
147.0889129638672 167.0
122.40959167480469 148.0
146.5839080810547 171.0
94.91728973388672 111.0
98.50809478759766 122.0
99.87226867675781 106.0
102.78233337402344 114.0
122.4576644897461 143.0
136.06246948242188 144.0
98.03691864013672 114.0
114.7364501953125 125.0
104.74198913574219 111.0
131.90478515625 146.0
118.63037109375 130.0
98.4068603515625 120.0
116.21981811523438 134.0
108.23582458496094 126.0
114.57734680175781 136.0
132.06492614746094 153.0
140.3754425048828 167.0
126.11607360839844 133.0
110.98390197753906 116.0
99.89015197753906 106.0
102.78050994873047 120.0
131.8719024658203 161.0
98.6062240600586 129.0
120.88814544677734 150.0
114.31300354003906 130.0
93.42696380615234 110.0
104.8699951171875 127.0
108.44392395019531 126.0
130.17559814453125 134.0
136.8768310546875 144.0
102.01277160644531 114.0
86.9564437866211 111.0
107.1486587524414 134.0
122.17591857910156 128.0
133.59109497070312 158.0
103.89311218261719 110.0
141.275146484375 153.0
132.48329162597656 149.0
140.49266052246094 162.0
117.88884735107422 132.0
97.03241729736328 117.0
98.34832763671875 122.0
133.607421875 159.0
94.76849365234375 126.0
109.77572631835938 154.0
91.86126708984375 132.0
90.19025421142578 124.0
83.41969299316406 112.0
78.32847595214844 119.0
110.33934020996094 139.0
132.01171875 167.0
102.7982177734375 135.0
129.6807861328125 160.0
89.39613342285156 122.0
93.97811889648438 118.0
120.53581237792969 176.0
135.52584838867188 169.0
95.10519409179688 127.0
96.74496459960938 134.0
82.48963928222656 121.0
93.55735778808594 122.0
91.5605697631836 128.0
129.4236602783203 154.0
86.8706283569336 108.0
128.14915466308594 155.0
136.50885009765625 167.0
94.4210433959961 130.0
94.0458984375 115.0
138.36509704589844 167.0
114.09440612792969 148.0
128.13323974609375 171.0
86.552001953125 111.0
88.65049743652344 122.0
89.05762481689453 106.0
83.97802734375 114.0
112.99188995361328 143.0
117.48370361328125 144.0
76.09150695800781 114.0
98.6485595703125 125.0
93.13629913330078 111.0
125.83187866210938 146.0
108.64959716796875 130.0
76.06207275390625 120.0
110.92726135253906 134.0
96.4151611328125 126.0
105.65995025634766 136.0
126.86402893066406 153.0
131.78866577148438 167.0
103.16107177734375 133.0
88.9521484375 116.0
86.91342163085938 106.0
86.50057220458984 120.0
122.5134048461914 161.0
86.50959777832031 129.0
112.56588745117188 150.0
96.43569946289062 130.0
71.19474792480469 110.0
90.98210144042969 127.0
96.84031677246094 126.0
110.71585083007812 134.0
124.3638687133789 144.0
76.42156982421875 114.0
77.69986724853516 111.0
96.86787414550781 134.0
99.57977294921875 128.0
127.48020935058594 158.0
79.58690643310547 110.0
125.22297668457031 153.0
109.06450653076172 149.0
131.08316040039062 162.0
96.94515228271484 132.0
92.62324523925781 117.0
74.1319808959961 122.0
177.1461181640625 159.0
134.90577697753906 126.0
156.740966796875 154.0
135.27310180664062 132.0
127.85511779785156 124.0
112.51774597167969 112.0
135.39430236816406 119.0
147.34962463378906 139.0
183.0979766845703 167.0
148.11798095703125 135.0
167.08883666992188 160.0
134.18777465820312 122.0
137.47564697265625 118.0
167.73709106445312 176.0
188.60464477539062 169.0
140.1067657470703 127.0
146.3187713623047 134.0
115.74165344238281 121.0
119.80218505859375 122.0
138.67340087890625 128.0
171.72817993164062 154.0
130.3917236328125 108.0
180.76991271972656 155.0
178.11325073242188 167.0
140.93948364257812 130.0
141.66641235351562 115.0
180.9914093017578 167.0
149.33282470703125 148.0
181.1073760986328 171.0
118.53343200683594 111.0
126.58062744140625 122.0
130.1060028076172 106.0
123.2203598022461 114.0
160.1759796142578 143.0
169.1542510986328 144.0
118.54314422607422 114.0
138.09725952148438 125.0
139.75387573242188 111.0
173.43673706054688 146.0
153.75706481933594 130.0
123.51264190673828 120.0
155.42355346679688 134.0
129.05862426757812 126.0
145.45895385742188 136.0
171.05946350097656 153.0
177.93142700195312 167.0
147.4081268310547 133.0
137.38568115234375 116.0
134.51852416992188 106.0
130.52777099609375 120.0
169.73394775390625 161.0
116.54783630371094 129.0
153.57418823242188 150.0
138.41864013671875 130.0
115.99005126953125 110.0
127.99844360351562 127.0
137.24618530273438 126.0
154.5992431640625 134.0
152.83416748046875 144.0
122.67369079589844 114.0
116.8968734741211 111.0
133.46212768554688 134.0
146.43231201171875 128.0
167.6591339111328 158.0
123.80197143554688 110.0
170.8101043701172 153.0
156.00469970703125 149.0
173.350830078125 162.0
149.76710510253906 132.0
122.82951354980469 117.0
113.22838592529297 122.0
170.8697967529297 159.0
121.72718811035156 126.0
143.0241241455078 154.0
124.33732604980469 132.0
116.32325744628906 124.0
109.33403778076172 112.0
122.03095245361328 119.0
136.09417724609375 139.0
164.80792236328125 167.0
127.82249450683594 135.0
152.20555114746094 160.0
116.24990844726562 122.0
119.08244323730469 118.0
177.81393432617188 176.0
166.78036499023438 169.0
119.62134552001953 127.0
132.65762329101562 134.0
111.6308364868164 121.0
119.3349609375 122.0
124.43836975097656 128.0
161.46514892578125 154.0
114.347900390625 108.0
160.57460021972656 155.0
163.86083984375 167.0
127.27687072753906 130.0
121.3851547241211 115.0
164.7097625732422 167.0
145.761474609375 148.0
162.7069854736328 171.0
110.89013671875 111.0
115.09613800048828 122.0
109.70161437988281 106.0
114.30345153808594 114.0
144.3867950439453 143.0
151.21156311035156 144.0
103.21357727050781 114.0
124.65646362304688 125.0
118.74815368652344 111.0
152.15570068359375 146.0
135.91244506835938 130.0
110.70082092285156 120.0
137.33993530273438 134.0
124.91256713867188 126.0
135.4510498046875 136.0
151.39486694335938 153.0
166.06536865234375 167.0
137.87161254882812 133.0
116.12068176269531 116.0
114.07266235351562 106.0
115.75836944580078 120.0
154.6290740966797 161.0
114.20828247070312 129.0
145.64756774902344 150.0
132.8240203857422 130.0
103.76043701171875 110.0
118.34162139892578 127.0
125.0125732421875 126.0
140.7051544189453 134.0
149.8947296142578 144.0
110.42144775390625 114.0
100.36531066894531 111.0
121.68889617919922 134.0
129.28758239746094 128.0
159.90769958496094 158.0
112.18627166748047 110.0
156.06103515625 153.0
146.0491943359375 149.0
163.50881958007812 162.0
131.01454162597656 132.0
116.19168090820312 117.0
108.33978271484375 122.0
168.8849639892578 159.0
120.28970336914062 126.0
141.3521270751953 154.0
123.11944580078125 132.0
115.29037475585938 124.0
107.7818603515625 112.0
119.56336975097656 119.0
135.6165008544922 139.0
164.24215698242188 167.0
126.75762176513672 135.0
150.60494995117188 160.0
115.02770233154297 122.0
117.34424591064453 118.0
175.0562286376953 176.0
165.72994995117188 169.0
117.99686431884766 127.0
129.38641357421875 134.0
110.76947021484375 121.0
117.65655517578125 122.0
122.14879608154297 128.0
160.9944305419922 154.0
113.0072021484375 108.0
159.5992431640625 155.0
163.4113311767578 167.0
124.99778747558594 130.0
120.563720703125 115.0
164.20472717285156 167.0
145.3076171875 148.0
160.96018981933594 171.0
109.26727294921875 111.0
112.87848663330078 122.0
109.03388977050781 106.0
113.23693084716797 114.0
143.89035034179688 143.0
149.2635498046875 144.0
100.51749420166016 114.0
122.78511810302734 125.0
117.86823272705078 111.0
150.92044067382812 146.0
135.77391052246094 130.0
108.20661163330078 120.0
135.72019958496094 134.0
122.50518035888672 126.0
133.74844360351562 136.0
150.54891967773438 153.0
163.54071044921875 167.0
134.89791870117188 133.0
115.22479248046875 116.0
112.51036834716797 106.0
114.45436096191406 120.0
153.50228881835938 161.0
112.81256103515625 129.0
144.4546356201172 150.0
129.7881317138672 130.0
101.89778900146484 110.0
117.08396911621094 127.0
123.24240112304688 126.0
138.9851531982422 134.0
150.1230926513672 144.0
108.46920776367188 114.0
98.08128356933594 111.0
120.62042236328125 134.0
127.58039855957031 128.0
159.06613159179688 158.0
109.37779235839844 110.0
155.42872619628906 153.0
143.55587768554688 149.0
162.65066528320312 162.0
129.59124755859375 132.0
114.99440002441406 117.0
104.8465805053711 122.0
170.02154541015625 159.0
122.14816284179688 126.0
142.8201904296875 154.0
124.99104309082031 132.0
117.016845703125 124.0
108.97642517089844 112.0
122.6937255859375 119.0
135.19049072265625 139.0
164.08090209960938 167.0
128.51641845703125 135.0
150.87303161621094 160.0
115.46158599853516 122.0
118.75129699707031 118.0
172.29273986816406 176.0
167.28176879882812 169.0
120.37836456298828 127.0
132.8082275390625 134.0
110.85580444335938 121.0
118.28688049316406 122.0
125.28970336914062 128.0
161.51832580566406 154.0
114.2215576171875 108.0
160.02557373046875 155.0
165.22720336914062 167.0
126.34507751464844 130.0
121.43138885498047 115.0
164.40673828125 167.0
146.06610107421875 148.0
164.60218811035156 171.0
109.91983795166016 111.0
114.20145416259766 122.0
110.29170989990234 106.0
114.81564331054688 114.0
143.7040252685547 143.0
151.88172912597656 144.0
102.6882095336914 114.0
125.5566635131836 125.0
119.67916870117188 111.0
152.34176635742188 146.0
135.68287658691406 130.0
109.81041717529297 120.0
136.3419647216797 134.0
124.29396057128906 126.0
135.51666259765625 136.0
151.15200805664062 153.0
161.65863037109375 167.0
137.58953857421875 133.0
118.2106704711914 116.0
114.34910583496094 106.0
116.09548950195312 120.0
153.3988494873047 161.0
114.10021209716797 129.0
145.5524444580078 150.0
131.3854217529297 130.0
102.43353271484375 110.0
119.20852661132812 127.0
125.77178955078125 126.0
140.6591339111328 134.0
150.60986328125 144.0
110.37062072753906 114.0
98.58062744140625 111.0
121.36736297607422 134.0
130.59393310546875 128.0
159.6634979248047 158.0
112.06012725830078 110.0
156.3860321044922 153.0
147.24124145507812 149.0
163.80772399902344 162.0
131.0708465576172 132.0
116.06680297851562 117.0
108.61834716796875 122.0
164.42140197753906 159.0
117.11488342285156 126.0
137.2242889404297 154.0
120.70901489257812 132.0
113.46914672851562 124.0
102.58563232421875 112.0
112.47303771972656 119.0
130.39077758789062 139.0
159.87973022460938 167.0
124.38316345214844 135.0
147.40789794921875 160.0
111.57896423339844 122.0
114.28958129882812 118.0
169.55587768554688 176.0
161.98155212402344 169.0
115.16981506347656 127.0
122.30101013183594 134.0
106.3493881225586 121.0
113.44426727294922 122.0
116.5992202758789 128.0
158.1150665283203 154.0
109.64321899414062 108.0
154.810791015625 155.0
158.23892211914062 167.0
121.84797668457031 130.0
116.27030944824219 115.0
161.73529052734375 167.0
141.8440399169922 148.0
157.414794921875 171.0
106.84100341796875 111.0
109.76502990722656 122.0
105.49488830566406 106.0
110.30210876464844 114.0
139.06288146972656 143.0
145.1461639404297 144.0
97.50404357910156 114.0
119.23009490966797 125.0
113.64325714111328 111.0
147.1708984375 146.0
132.31878662109375 130.0
103.53673553466797 120.0
131.29443359375 134.0
117.37897491455078 126.0
130.5774688720703 136.0
147.9073486328125 153.0
160.81442260742188 167.0
129.25572204589844 133.0
110.5108642578125 116.0
107.7392578125 106.0
109.90520477294922 120.0
148.28550720214844 161.0
110.10792541503906 129.0
141.5792236328125 150.0
124.13774108886719 130.0
97.67853546142578 110.0
113.17798614501953 127.0
120.47332000732422 126.0
135.66555786132812 134.0
145.58328247070312 144.0
102.99547576904297 114.0
94.38516235351562 111.0
116.8658218383789 134.0
123.61827850341797 128.0
155.57089233398438 158.0
104.07766723632812 110.0
151.52706909179688 153.0
137.21083068847656 149.0
159.01071166992188 162.0
122.95632934570312 132.0
112.22254943847656 117.0
101.55530548095703 122.0
160.9906005859375 159.0
116.6475830078125 126.0
135.17233276367188 154.0
119.03216552734375 132.0
113.46639251708984 124.0
105.75308227539062 112.0
113.46742248535156 119.0
129.4749755859375 139.0
155.122314453125 167.0
123.2276840209961 135.0
145.98922729492188 160.0
109.22835540771484 122.0
114.08484649658203 118.0
165.91136169433594 176.0
158.2078857421875 169.0
115.10691833496094 127.0
124.79191589355469 134.0
108.1279067993164 121.0
114.81867218017578 122.0
118.57926940917969 128.0
155.21218872070312 154.0
108.78727722167969 108.0
151.00991821289062 155.0
157.7867889404297 167.0
123.24657440185547 130.0
113.95091247558594 115.0
158.8803253173828 167.0
138.2110137939453 148.0
155.4669647216797 171.0
107.25857543945312 111.0
111.006591796875 122.0
106.48138427734375 106.0
110.1511001586914 114.0
135.73236083984375 143.0
144.03131103515625 144.0
100.32569122314453 114.0
121.59020233154297 125.0
113.81400299072266 111.0
144.27255249023438 146.0
129.74069213867188 130.0
104.13569641113281 120.0
128.03973388671875 134.0
119.6502685546875 126.0
129.67092895507812 136.0
145.3429718017578 153.0
157.7052459716797 167.0
131.2648468017578 133.0
112.15100860595703 116.0
106.54747772216797 106.0
109.51454162597656 120.0
144.95724487304688 161.0
110.0866470336914 129.0
138.68484497070312 150.0
126.63429260253906 130.0
97.93840789794922 110.0
114.26422882080078 127.0
120.09683990478516 126.0
136.54745483398438 134.0
147.04434204101562 144.0
104.82433319091797 114.0
96.23577880859375 111.0
117.11872863769531 134.0
123.30018615722656 128.0
152.09762573242188 158.0
106.33583068847656 110.0
149.13623046875 153.0
139.58570861816406 149.0
155.73731994628906 162.0
123.61717224121094 132.0
112.21021270751953 117.0
105.97032165527344 122.0
168.38275146484375 159.0
119.6815185546875 126.0
141.7327423095703 154.0
123.54718017578125 132.0
115.08765411376953 124.0
105.60523223876953 112.0
119.26923370361328 119.0
132.16778564453125 139.0
162.365478515625 167.0
125.79071807861328 135.0
146.0596923828125 160.0
113.65706634521484 122.0
116.06897735595703 118.0
173.15184020996094 176.0
163.7144775390625 169.0
118.2373046875 127.0
130.01882934570312 134.0
109.04623413085938 121.0
114.93030548095703 122.0
123.48049926757812 128.0
160.6294403076172 154.0
112.52763366699219 108.0
157.2406463623047 155.0
160.99649047851562 167.0
127.25764465332031 130.0
119.79386901855469 115.0
160.52996826171875 167.0
142.66477966308594 148.0
159.58663940429688 171.0
108.15814208984375 111.0
112.53424072265625 122.0
107.31141662597656 106.0
112.99900817871094 114.0
142.4541473388672 143.0
149.5238037109375 144.0
101.44348907470703 114.0
121.34937286376953 125.0
117.45132446289062 111.0
148.89077758789062 146.0
134.2385711669922 130.0
108.80219268798828 120.0
134.31304931640625 134.0
119.85356903076172 126.0
134.09097290039062 136.0
146.35409545898438 153.0
161.70895385742188 167.0
135.0261993408203 133.0
115.07209777832031 116.0
112.07073974609375 106.0
114.47284698486328 120.0
151.530029296875 161.0
113.10974884033203 129.0
144.7738494873047 150.0
132.01951599121094 130.0
101.11013793945312 110.0
115.8912353515625 127.0
123.1694564819336 126.0
136.57708740234375 134.0
145.95616149902344 144.0
107.4037857055664 114.0
97.11210632324219 111.0
120.43218994140625 134.0
127.83465576171875 128.0
159.5041961669922 158.0
110.12191009521484 110.0
151.64442443847656 153.0
143.7873077392578 149.0
159.89688110351562 162.0
129.7432403564453 132.0
114.0885009765625 117.0
104.62137603759766 122.0
170.4607391357422 159.0
121.38963317871094 126.0
142.01388549804688 154.0
124.93241119384766 132.0
116.43927001953125 124.0
110.3496322631836 112.0
119.39161682128906 119.0
135.68727111816406 139.0
163.193603515625 167.0
128.83181762695312 135.0
150.01275634765625 160.0
114.49083709716797 122.0
117.36892700195312 118.0
168.6785430908203 176.0
165.6654510498047 169.0
119.3476333618164 127.0
131.16421508789062 134.0
111.80636596679688 121.0
119.55433654785156 122.0
124.50700378417969 128.0
161.66954040527344 154.0
113.86849975585938 108.0
158.4878387451172 155.0
167.30557250976562 167.0
126.07598876953125 130.0
120.34276580810547 115.0
162.93495178222656 167.0
146.3632354736328 148.0
163.84251403808594 171.0
109.91205596923828 111.0
112.59662628173828 122.0
110.04676818847656 106.0
114.60682678222656 114.0
143.532470703125 143.0
151.33871459960938 144.0
102.38584899902344 114.0
126.18102264404297 125.0
119.11296844482422 111.0
151.13340759277344 146.0
134.8478546142578 130.0
108.22027587890625 120.0
135.53981018066406 134.0
125.15843200683594 126.0
136.347412109375 136.0
149.5615692138672 153.0
159.45095825195312 167.0
138.9474639892578 133.0
116.88717651367188 116.0
112.96056365966797 106.0
115.14744567871094 120.0
152.90179443359375 161.0
115.54708099365234 129.0
145.55728149414062 150.0
128.8829345703125 130.0
101.19319152832031 110.0
119.49340057373047 127.0
125.85752868652344 126.0
140.5628662109375 134.0
152.86599731445312 144.0
108.51231384277344 114.0
97.85225677490234 111.0
121.14028930664062 134.0
129.81475830078125 128.0
161.1793212890625 158.0
110.47206115722656 110.0
154.90652465820312 153.0
146.79544067382812 149.0
162.59365844726562 162.0
128.83892822265625 132.0
116.13587951660156 117.0
108.4593276977539 122.0
166.62413024902344 159.0
118.9456787109375 126.0
138.0550994873047 154.0
121.644287109375 132.0
116.6883773803711 124.0
108.94635772705078 112.0
116.53892517089844 119.0
132.51055908203125 139.0
158.56394958496094 167.0
127.53193664550781 135.0
147.783935546875 160.0
111.83979797363281 122.0
116.8780517578125 118.0
170.24069213867188 176.0
161.29676818847656 169.0
117.30043029785156 127.0
127.7386703491211 134.0
109.63052368164062 121.0
118.04778289794922 122.0
121.46907806396484 128.0
158.98165893554688 154.0
110.68001556396484 108.0
153.79940795898438 155.0
161.78787231445312 167.0
125.30149841308594 130.0
115.98098754882812 115.0
160.65281677246094 167.0
143.08131408691406 148.0
160.5055389404297 171.0
109.71327209472656 111.0
113.67375183105469 122.0
110.48974609375 106.0
113.43634033203125 114.0
138.55426025390625 143.0
146.99969482421875 144.0
102.81217956542969 114.0
125.28121185302734 125.0
116.44013977050781 111.0
146.8519744873047 146.0
133.02825927734375 130.0
106.17410278320312 120.0
130.77066040039062 134.0
121.73299407958984 126.0
133.57395935058594 136.0
147.8120574951172 153.0
160.15280151367188 167.0
134.2951202392578 133.0
113.74642944335938 116.0
107.4908218383789 106.0
111.29566955566406 120.0
147.44573974609375 161.0
113.52850341796875 129.0
143.46084594726562 150.0
126.66385650634766 130.0
99.15531158447266 110.0
116.36741638183594 127.0
123.79098510742188 126.0
138.46905517578125 134.0
149.83236694335938 144.0
108.06018829345703 114.0
99.18998718261719 111.0
118.51382446289062 134.0
125.90335845947266 128.0
157.32943725585938 158.0
109.0584945678711 110.0
151.5321807861328 153.0
141.6992645263672 149.0
161.580078125 162.0
125.65487670898438 132.0
113.96786499023438 117.0
110.84751892089844 122.0
166.27935791015625 159.0
120.75091552734375 126.0
139.17723083496094 154.0
122.67898559570312 132.0
115.59525299072266 124.0
107.54917907714844 112.0
116.93547058105469 119.0
135.5608367919922 139.0
161.4813690185547 167.0
127.72809600830078 135.0
151.63031005859375 160.0
113.5537338256836 122.0
117.4415512084961 118.0
173.9326171875 176.0
165.21548461914062 169.0
119.0599594116211 127.0
127.89190673828125 134.0
110.00470733642578 121.0
117.54214477539062 122.0
122.4861068725586 128.0
160.1526336669922 154.0
111.5399169921875 108.0
157.27500915527344 155.0
162.67990112304688 167.0
124.82188415527344 130.0
117.75653076171875 115.0
164.57664489746094 167.0
143.3233642578125 148.0
162.17271423339844 171.0
110.57688903808594 111.0
112.97218322753906 122.0
109.03881072998047 106.0
113.37384796142578 114.0
141.9274444580078 143.0
150.07701110839844 144.0
101.81501770019531 114.0
123.89450073242188 125.0
116.40048217773438 111.0
150.47474670410156 146.0
133.51986694335938 130.0
107.77388000488281 120.0
133.34483337402344 134.0
122.35173034667969 126.0
133.5775146484375 136.0
150.0281524658203 153.0
162.5333251953125 167.0
134.6411895751953 133.0
116.35220336914062 116.0
109.3242416381836 106.0
112.99552154541016 120.0
151.65402221679688 161.0
112.99285888671875 129.0
143.8549041748047 150.0
128.61912536621094 130.0
100.46531677246094 110.0
116.6262435913086 127.0
123.57508850097656 126.0
138.76771545410156 134.0
149.98731994628906 144.0
108.27108764648438 114.0
98.32524108886719 111.0
120.84626007080078 134.0
128.02178955078125 128.0
156.9288787841797 158.0
108.60440826416016 110.0
155.6082763671875 153.0
144.12847900390625 149.0
161.1929168701172 162.0
127.24866485595703 132.0
114.44506072998047 117.0
107.2495346069336 122.0
168.1005401611328 159.0
122.616943359375 126.0
144.03163146972656 154.0
125.55496215820312 132.0
118.07109069824219 124.0
107.61930084228516 112.0
119.92774200439453 119.0
135.17449951171875 139.0
164.8109893798828 167.0
128.88197326660156 135.0
151.4126739501953 160.0
114.62405395507812 122.0
118.78359985351562 118.0
172.03675842285156 176.0
167.15390014648438 169.0
120.27288818359375 127.0
131.37684631347656 134.0
109.37660217285156 121.0
117.11853790283203 122.0
124.41893005371094 128.0
162.4399871826172 154.0
113.51935577392578 108.0
159.0164337158203 155.0
163.59742736816406 167.0
127.57937622070312 130.0
119.56077575683594 115.0
165.15960693359375 167.0
144.201416015625 148.0
163.06060791015625 171.0
112.09103393554688 111.0
114.32257843017578 122.0
109.43292236328125 106.0
115.62820434570312 114.0
144.39483642578125 143.0
152.61143493652344 144.0
104.13543701171875 114.0
124.68980407714844 125.0
118.54054260253906 111.0
151.8245849609375 146.0
136.7898712158203 130.0
109.90153503417969 120.0
136.35670471191406 134.0
120.87053680419922 126.0
136.00497436523438 136.0
150.771240234375 153.0
161.153564453125 167.0
136.14010620117188 133.0
117.73883056640625 116.0
111.37118530273438 106.0
116.02777862548828 120.0
153.11257934570312 161.0
113.82441711425781 129.0
145.58998107910156 150.0
129.93995666503906 130.0
102.79341125488281 110.0
118.00028991699219 127.0
124.93885803222656 126.0
139.31344604492188 134.0
150.8399200439453 144.0
109.5192642211914 114.0
98.62081909179688 111.0
122.48731994628906 134.0
130.98252868652344 128.0
159.8757781982422 158.0
110.92252349853516 110.0
155.69276428222656 153.0
146.44618225097656 149.0
163.22068786621094 162.0
130.37557983398438 132.0
115.37008666992188 117.0
108.75678253173828 122.0
163.3040771484375 159.0
120.672119140625 126.0
139.10845947265625 154.0
122.87641906738281 132.0
115.59133911132812 124.0
104.6904067993164 112.0
116.16551208496094 119.0
135.11703491210938 139.0
161.0650634765625 167.0
127.16535186767578 135.0
151.0636749267578 160.0
112.64443969726562 122.0
117.544189453125 118.0
168.41458129882812 176.0
163.5367889404297 169.0
118.32478332519531 127.0
125.58853149414062 134.0
108.36293029785156 121.0
114.26119232177734 122.0
119.74296569824219 128.0
159.82778930664062 154.0
111.40782928466797 108.0
156.43057250976562 155.0
161.6531524658203 167.0
123.04454040527344 130.0
117.41474914550781 115.0
163.1533660888672 167.0
141.91224670410156 148.0
161.29571533203125 171.0
110.21273803710938 111.0
113.40078735351562 122.0
108.88703918457031 106.0
113.7455825805664 114.0
141.524169921875 143.0
149.09335327148438 144.0
102.01188659667969 114.0
123.43002319335938 125.0
116.03172302246094 111.0
149.82818603515625 146.0
134.28579711914062 130.0
107.14338684082031 120.0
132.78662109375 134.0
119.95681762695312 126.0
132.1133575439453 136.0
149.58346557617188 153.0
158.96969604492188 167.0
131.07521057128906 133.0
115.62184143066406 116.0
108.75695037841797 106.0
113.04077911376953 120.0
150.8242950439453 161.0
110.10043334960938 129.0
142.03076171875 150.0
126.0786361694336 130.0
100.92536926269531 110.0
114.83473205566406 127.0
122.45600891113281 126.0
138.28012084960938 134.0
149.67340087890625 144.0
107.92761993408203 114.0
98.81658935546875 111.0
120.64845275878906 134.0
127.2451171875 128.0
154.7589874267578 158.0
107.29531860351562 110.0
153.82728576660156 153.0
140.5284423828125 149.0
160.4704132080078 162.0
126.87511444091797 132.0
112.84541320800781 117.0
108.654296875 122.0
169.02227783203125 159.0
121.76939392089844 126.0
143.04714965820312 154.0
124.23605346679688 132.0
117.31682586669922 124.0
106.13644409179688 112.0
120.32365417480469 119.0
135.0743408203125 139.0
164.159912109375 167.0
127.76651763916016 135.0
149.42721557617188 160.0
113.7655258178711 122.0
116.77949523925781 118.0
171.8232421875 176.0
164.6519317626953 169.0
118.00495910644531 127.0
130.8944549560547 134.0
109.12457275390625 121.0
115.24044799804688 122.0
123.71902465820312 128.0
160.4372100830078 154.0
112.33092498779297 108.0
158.19049072265625 155.0
163.17291259765625 167.0
125.52629089355469 130.0
119.08049011230469 115.0
162.9380340576172 167.0
144.04173278808594 148.0
162.80633544921875 171.0
110.58155059814453 111.0
113.62043762207031 122.0
109.00696563720703 106.0
114.81132507324219 114.0
143.55450439453125 143.0
150.55172729492188 144.0
101.34194946289062 114.0
121.90462493896484 125.0
117.11396789550781 111.0
150.43386840820312 146.0
135.33224487304688 130.0
109.5679702758789 120.0
134.87606811523438 134.0
119.13823699951172 126.0
135.4407501220703 136.0
148.70045471191406 153.0
161.1365966796875 167.0
134.65155029296875 133.0
114.58496856689453 116.0
109.97570037841797 106.0
114.93583679199219 120.0
151.86151123046875 161.0
113.72000885009766 129.0
145.4151153564453 150.0
129.62026977539062 130.0
101.75572967529297 110.0
116.24424743652344 127.0
124.63638305664062 126.0
136.921875 134.0
149.89920043945312 144.0
110.11415100097656 114.0
98.8126220703125 111.0
121.7221908569336 134.0
129.3830108642578 128.0
160.17681884765625 158.0
110.37181091308594 110.0
154.5055694580078 153.0
144.9875946044922 149.0
162.56040954589844 162.0
129.17926025390625 132.0
114.71217346191406 117.0
106.66655731201172 122.0
153.31570434570312 159.0
111.2625961303711 126.0
129.95681762695312 154.0
114.66287994384766 132.0
108.46565246582031 124.0
98.36428833007812 112.0
105.77880859375 119.0
123.38385009765625 139.0
148.73941040039062 167.0
117.33937072753906 135.0
138.933837890625 160.0
103.68977355957031 122.0
107.32610321044922 118.0
156.20465087890625 176.0
149.80447387695312 169.0
108.18348693847656 127.0
115.78593444824219 134.0
100.63810729980469 121.0
107.28528594970703 122.0
110.66423034667969 128.0
148.15957641601562 154.0
103.30484771728516 108.0
143.39340209960938 155.0
150.16543579101562 167.0
114.35208129882812 130.0
107.72826385498047 115.0
150.67108154296875 167.0
132.86256408691406 148.0
147.9639129638672 171.0
102.40055084228516 111.0
103.83070373535156 122.0
99.02230834960938 106.0
105.45580291748047 114.0
129.78729248046875 143.0
136.78158569335938 144.0
93.22402954101562 114.0
113.80391693115234 125.0
105.28498840332031 111.0
137.4624481201172 146.0
122.94088745117188 130.0
98.1697998046875 120.0
122.65960693359375 134.0
111.36087036132812 126.0
124.4629135131836 136.0
137.65280151367188 153.0
148.17332458496094 167.0
123.2453842163086 133.0
103.78753662109375 116.0
99.22235107421875 106.0
103.63872528076172 120.0
138.4313507080078 161.0
105.21754455566406 129.0
133.09646606445312 150.0
117.95731353759766 130.0
92.65979766845703 110.0
107.84999084472656 127.0
114.71435546875 126.0
127.56106567382812 134.0
140.30133056640625 144.0
97.14879608154297 114.0
89.1607666015625 111.0
110.64579772949219 134.0
117.28229522705078 128.0
145.8705596923828 158.0
98.78656768798828 110.0
142.556884765625 153.0
131.4517822265625 149.0
148.44076538085938 162.0
114.44729614257812 132.0
105.858642578125 117.0
98.48930358886719 122.0
159.21983337402344 159.0
115.4537353515625 126.0
133.5298309326172 154.0
117.97513580322266 132.0
111.66139221191406 124.0
102.5618896484375 112.0
110.12667846679688 119.0
129.4396209716797 139.0
155.6702423095703 167.0
121.54489135742188 135.0
143.6077880859375 160.0
107.92314147949219 122.0
110.52684020996094 118.0
162.4159393310547 176.0
156.4287567138672 169.0
112.10025787353516 127.0
121.19515991210938 134.0
106.99966430664062 121.0
112.21942138671875 122.0
115.53092193603516 128.0
153.32688903808594 154.0
106.901611328125 108.0
149.97836303710938 155.0
155.82110595703125 167.0
118.33998107910156 130.0
112.5706787109375 115.0
156.8365478515625 167.0
137.8525390625 148.0
153.76283264160156 171.0
105.48188781738281 111.0
106.8152847290039 122.0
102.6419677734375 106.0
108.64048767089844 114.0
135.66409301757812 143.0
142.54824829101562 144.0
96.76910400390625 114.0
118.58134460449219 125.0
110.52564239501953 111.0
142.65924072265625 146.0
127.57247161865234 130.0
102.38130950927734 120.0
127.6578140258789 134.0
117.21006774902344 126.0
128.61322021484375 136.0
142.55755615234375 153.0
152.51724243164062 167.0
128.43870544433594 133.0
108.35923767089844 116.0
104.01348114013672 106.0
107.84205627441406 120.0
144.2683868408203 161.0
109.31022644042969 129.0
140.69203186035156 150.0
123.56021881103516 130.0
96.63113403320312 110.0
112.88771057128906 127.0
118.11275482177734 126.0
135.2637939453125 134.0
147.49404907226562 144.0
101.38922882080078 114.0
92.483642578125 111.0
115.12505340576172 134.0
121.79875946044922 128.0
151.4812774658203 158.0
103.22310638427734 110.0
148.28695678710938 153.0
139.4046630859375 149.0
154.05093383789062 162.0
119.66275024414062 132.0
109.57735443115234 117.0
103.30569458007812 122.0
166.26409912109375 159.0
119.71795654296875 126.0
140.04409790039062 154.0
123.89773559570312 132.0
115.80856323242188 124.0
105.09185028076172 112.0
116.83135223388672 119.0
133.58419799804688 139.0
162.07505798339844 167.0
126.12446594238281 135.0
149.64288330078125 160.0
111.8992919921875 122.0
116.603759765625 118.0
174.97930908203125 176.0
162.491943359375 169.0
117.05477905273438 127.0
127.84846496582031 134.0
108.80397033691406 121.0
114.59379577636719 122.0
121.65151977539062 128.0
160.1019287109375 154.0
111.21127319335938 108.0
156.25326538085938 155.0
161.69073486328125 167.0
125.61170959472656 130.0
117.18150329589844 115.0
163.41720581054688 167.0
143.46925354003906 148.0
159.686279296875 171.0
109.42558288574219 111.0
112.19915008544922 122.0
106.14704895019531 106.0
113.39198303222656 114.0
141.46875 143.0
148.39620971679688 144.0
101.07865905761719 114.0
122.09950256347656 125.0
114.70507049560547 111.0
149.35665893554688 146.0
133.37290954589844 130.0
106.95393371582031 120.0
132.48895263671875 134.0
119.9573974609375 126.0
135.21087646484375 136.0
149.09426879882812 153.0
162.06451416015625 167.0
131.9202880859375 133.0
113.47169494628906 116.0
108.03219604492188 106.0
113.01324462890625 120.0
151.00390625 161.0
113.7476806640625 129.0
143.85911560058594 150.0
129.77162170410156 130.0
100.96268463134766 110.0
117.31619262695312 127.0
124.32685089111328 126.0
137.50619506835938 134.0
149.64146423339844 144.0
107.10432434082031 114.0
96.6033706665039 111.0
119.79713439941406 134.0
126.14989471435547 128.0
157.1023712158203 158.0
107.82048797607422 110.0
153.9422149658203 153.0
142.77752685546875 149.0
160.82943725585938 162.0
126.2569580078125 132.0
114.9186019897461 117.0
106.9832763671875 122.0
164.54664611816406 159.0
117.92530059814453 126.0
137.57913208007812 154.0
121.72148132324219 132.0
115.10871124267578 124.0
104.97671508789062 112.0
114.80717468261719 119.0
130.96482849121094 139.0
159.7012176513672 167.0
125.64298248291016 135.0
145.7773895263672 160.0
110.509521484375 122.0
115.35383605957031 118.0
168.60411071777344 176.0
161.998046875 169.0
115.82376861572266 127.0
125.48851013183594 134.0
108.70646667480469 121.0
114.67796325683594 122.0
119.96151733398438 128.0
158.34689331054688 154.0
109.25821685791016 108.0
154.35818481445312 155.0
161.18255615234375 167.0
124.15113830566406 130.0
115.45828247070312 115.0
160.806884765625 167.0
141.88803100585938 148.0
158.7036590576172 171.0
106.60896301269531 111.0
110.45341491699219 122.0
106.23152160644531 106.0
111.63311767578125 114.0
138.72286987304688 143.0
146.62940979003906 144.0
99.42562866210938 114.0
120.76293182373047 125.0
114.077880859375 111.0
147.88731384277344 146.0
131.76356506347656 130.0
104.41885375976562 120.0
130.2179718017578 134.0
120.03868103027344 126.0
132.93873596191406 136.0
146.59725952148438 153.0
157.01536560058594 167.0
131.70449829101562 133.0
113.0081787109375 116.0
106.51692199707031 106.0
111.315673828125 120.0
148.23080444335938 161.0
112.08096313476562 129.0
142.72262573242188 150.0
127.14761352539062 130.0
98.27513885498047 110.0
116.05878448486328 127.0
122.85281372070312 126.0
137.14675903320312 134.0
150.11453247070312 144.0
105.36521911621094 114.0
93.92079162597656 111.0
117.62784576416016 134.0
124.92591857910156 128.0
155.1984405517578 158.0
106.57479858398438 110.0
152.20101928710938 153.0
140.87985229492188 149.0
158.4626922607422 162.0
124.02244567871094 132.0
113.87879180908203 117.0
105.56399536132812 122.0
166.30252075195312 159.0
116.91450500488281 126.0
136.89012145996094 154.0
120.40867614746094 132.0
116.07344055175781 124.0
108.65594482421875 112.0
115.16439819335938 119.0
130.58424377441406 139.0
159.11294555664062 167.0
126.75473022460938 135.0
145.22384643554688 160.0
109.94847869873047 122.0
115.22187042236328 118.0
170.62057495117188 176.0
161.02197265625 169.0
117.2364730834961 127.0
128.36407470703125 134.0
108.11255645751953 121.0
116.69476318359375 122.0
121.79669952392578 128.0
159.91802978515625 154.0
109.52085876464844 108.0
153.57504272460938 155.0
161.9457550048828 167.0
125.31293487548828 130.0
114.39334106445312 115.0
158.3802032470703 167.0
141.24349975585938 148.0
159.52914428710938 171.0
106.70319366455078 111.0
112.1043701171875 122.0
109.54170227050781 106.0
111.67756652832031 114.0
137.74969482421875 143.0
146.9642333984375 144.0
100.43852233886719 114.0
122.85736083984375 125.0
115.48895263671875 111.0
144.70375061035156 146.0
130.24090576171875 130.0
104.31676483154297 120.0
130.0142059326172 134.0
121.93896484375 126.0
132.75323486328125 136.0
144.42796325683594 153.0
159.3224334716797 167.0
134.3192596435547 133.0
113.61168670654297 116.0
106.41368103027344 106.0
110.35843658447266 120.0
146.62811279296875 161.0
111.97979736328125 129.0
142.7869873046875 150.0
128.2862548828125 130.0
98.26190185546875 110.0
115.52195739746094 127.0
122.51282501220703 126.0
136.72825622558594 134.0
150.54537963867188 144.0
106.03466796875 114.0
96.85202026367188 111.0
117.2680435180664 134.0
125.50840759277344 128.0
157.3987579345703 158.0
108.66020965576172 110.0
151.08518981933594 153.0
143.3029327392578 149.0
160.89418029785156 162.0
124.93553161621094 132.0
113.483642578125 117.0
107.50048828125 122.0
166.5169219970703 159.0
122.81026458740234 126.0
143.1917266845703 154.0
125.91717529296875 132.0
117.93648529052734 124.0
106.84086608886719 112.0
120.701171875 119.0
134.81781005859375 139.0
162.4817352294922 167.0
127.91632080078125 135.0
149.6885986328125 160.0
113.70207977294922 122.0
118.84004974365234 118.0
168.8096923828125 176.0
163.3939208984375 169.0
120.22370910644531 127.0
129.7272186279297 134.0
108.03567504882812 121.0
116.32923889160156 122.0
124.0205078125 128.0
160.1111297607422 154.0
113.05723571777344 108.0
156.9503631591797 155.0
162.86962890625 167.0
126.43701934814453 130.0
119.4317626953125 115.0
162.03826904296875 167.0
142.4266815185547 148.0
162.2293243408203 171.0
112.33777618408203 111.0
114.83834075927734 122.0
109.7045669555664 106.0
116.59783935546875 114.0
143.71192932128906 143.0
151.2316436767578 144.0
105.0770492553711 114.0
124.63395690917969 125.0
118.1075210571289 111.0
149.6966552734375 146.0
136.18310546875 130.0
110.9981460571289 120.0
135.57765197753906 134.0
120.92548370361328 126.0
135.3746795654297 136.0
148.73727416992188 153.0
159.94696044921875 167.0
134.71908569335938 133.0
118.82357025146484 116.0
111.55923461914062 106.0
116.5404281616211 120.0
150.80459594726562 161.0
113.54669952392578 129.0
142.6712646484375 150.0
128.6464080810547 130.0
104.06011962890625 110.0
117.3481674194336 127.0
125.22236633300781 126.0
137.76260375976562 134.0
148.59597778320312 144.0
111.3576431274414 114.0
101.32831573486328 111.0
123.02452087402344 134.0
129.7659454345703 128.0
158.90328979492188 158.0
110.70053100585938 110.0
153.6758270263672 153.0
144.6611328125 149.0
161.29666137695312 162.0
131.00927734375 132.0
114.27932739257812 117.0
110.73939514160156 122.0
159.1630859375 159.0
115.04882049560547 126.0
132.63706970214844 154.0
118.47016906738281 132.0
112.32362365722656 124.0
103.25106048583984 112.0
110.38452911376953 119.0
131.67236328125 139.0
157.3984832763672 167.0
123.01995849609375 135.0
147.20309448242188 160.0
107.41450500488281 122.0
111.78034973144531 118.0
168.56016540527344 176.0
157.3643035888672 169.0
111.3814926147461 127.0
119.35101318359375 134.0
105.29443359375 121.0
113.49900817871094 122.0
114.65322875976562 128.0
156.03958129882812 154.0
106.5927963256836 108.0
151.27699279785156 155.0
157.22988891601562 167.0
117.84771728515625 130.0
111.5938720703125 115.0
158.31045532226562 167.0
139.49000549316406 148.0
154.95057678222656 171.0
106.5031509399414 111.0
107.28636932373047 122.0
105.36434173583984 106.0
109.07758331298828 114.0
136.36087036132812 143.0
141.11367797851562 144.0
96.91172790527344 114.0
119.24003601074219 125.0
111.60763549804688 111.0
143.406005859375 146.0
129.1703643798828 130.0
101.7157211303711 120.0
127.16663360595703 134.0
117.47370147705078 126.0
127.94813537597656 136.0
145.26243591308594 153.0
156.1479034423828 167.0
126.6171875 133.0
109.16539764404297 116.0
102.15725708007812 106.0
107.24674987792969 120.0
146.09512329101562 161.0
108.01531219482422 129.0
140.0391845703125 150.0
120.534423828125 130.0
95.83711242675781 110.0
111.6236572265625 127.0
118.46572875976562 126.0
133.50103759765625 134.0
147.4604949951172 144.0
102.28529357910156 114.0
93.74835205078125 111.0
114.35096740722656 134.0
119.9398193359375 128.0
151.52748107910156 158.0
102.3350830078125 110.0
149.27137756347656 153.0
135.40101623535156 149.0
157.54139709472656 162.0
118.67634582519531 132.0
109.73844909667969 117.0
106.24821472167969 122.0
151.641357421875 159.0
110.35821533203125 126.0
128.39683532714844 154.0
114.0828857421875 132.0
105.97925567626953 124.0
94.3129653930664 112.0
103.2138671875 119.0
123.25083923339844 139.0
149.2977294921875 167.0
115.80746459960938 135.0
140.46652221679688 160.0
102.26057434082031 122.0
105.94449615478516 118.0
157.73780822753906 176.0
149.70236206054688 169.0
106.46174621582031 127.0
112.87945556640625 134.0
98.37452697753906 121.0
104.33210754394531 122.0
108.11183166503906 128.0
146.24771118164062 154.0
102.35071563720703 108.0
142.9873504638672 155.0
148.56356811523438 167.0
111.76603698730469 130.0
107.56468963623047 115.0
151.40048217773438 167.0
131.58453369140625 148.0
147.73716735839844 171.0
100.83633422851562 111.0
100.2534408569336 122.0
96.00965118408203 106.0
104.24832153320312 114.0
129.129150390625 143.0
136.1923828125 144.0
90.07938385009766 114.0
110.34945678710938 125.0
104.00263977050781 111.0
137.1773223876953 146.0
121.28356170654297 130.0
96.1860122680664 120.0
122.34004211425781 134.0
109.67282104492188 126.0
121.91763305664062 136.0
138.35943603515625 153.0
148.9774169921875 167.0
120.47439575195312 133.0
102.23502349853516 116.0
99.0137939453125 106.0
102.6555404663086 120.0
138.4269256591797 161.0
102.706787109375 129.0
132.20843505859375 150.0
116.05204772949219 130.0
90.38445281982422 110.0
105.9427490234375 127.0
113.38998413085938 126.0
125.1673583984375 134.0
135.6935577392578 144.0
93.45135498046875 114.0
86.40660095214844 111.0
109.01758575439453 134.0
115.62104034423828 128.0
145.00558471679688 158.0
96.56736755371094 110.0
144.07823181152344 153.0
131.25692749023438 149.0
147.27236938476562 162.0
112.8817367553711 132.0
103.49594116210938 117.0
95.14521789550781 122.0
165.68939208984375 159.0
119.384521484375 126.0
139.11773681640625 154.0
123.08018493652344 132.0
115.8205795288086 124.0
105.7955093383789 112.0
116.26203155517578 119.0
133.0584716796875 139.0
160.5732421875 167.0
125.96757507324219 135.0
148.68338012695312 160.0
111.32938385009766 122.0
116.24256896972656 118.0
169.37892150878906 176.0
162.36334228515625 169.0
117.11471557617188 127.0
127.78958129882812 134.0
109.05203247070312 121.0
115.71429443359375 122.0
121.01395416259766 128.0
159.65447998046875 154.0
110.66567993164062 108.0
154.58995056152344 155.0
161.5803680419922 167.0
124.7853775024414 130.0
117.01835632324219 115.0
161.4141845703125 167.0
142.1457061767578 148.0
159.58560180664062 171.0
109.41548156738281 111.0
111.89148712158203 122.0
107.31990814208984 106.0
113.29772186279297 114.0
140.35093688964844 143.0
147.9979248046875 144.0
100.72151184082031 114.0
121.2408447265625 125.0
115.7174301147461 111.0
148.05873107910156 146.0
133.05226135253906 130.0
106.0346908569336 120.0
132.48895263671875 134.0
120.92269134521484 126.0
134.01266479492188 136.0
147.567626953125 153.0
159.83384704589844 167.0
133.42994689941406 133.0
114.03886413574219 116.0
108.39207458496094 106.0
112.86095428466797 120.0
149.4066162109375 161.0
112.24534606933594 129.0
144.01275634765625 150.0
128.13681030273438 130.0
99.3192367553711 110.0
116.24867248535156 127.0
123.32821655273438 126.0
136.7193603515625 134.0
148.26522827148438 144.0
106.0634536743164 114.0
96.47803497314453 111.0
119.53939819335938 134.0
126.38599395751953 128.0
157.73512268066406 158.0
108.16922760009766 110.0
153.47193908691406 153.0
143.36814880371094 149.0
159.96629333496094 162.0
126.46539306640625 132.0
113.95095825195312 117.0
106.65174865722656 122.0
162.45343017578125 159.0
116.61524963378906 126.0
135.95217895507812 154.0
120.59996032714844 132.0
113.82381439208984 124.0
103.1679916381836 112.0
113.15843963623047 119.0
130.1361083984375 139.0
157.46923828125 167.0
122.9695816040039 135.0
145.37757873535156 160.0
108.36192321777344 122.0
113.22420501708984 118.0
167.84510803222656 176.0
158.70480346679688 169.0
114.01923370361328 127.0
125.13839721679688 134.0
107.45063781738281 121.0
113.61741638183594 122.0
118.49835205078125 128.0
156.5164794921875 154.0
107.9497299194336 108.0
151.4145050048828 155.0
158.57626342773438 167.0
122.22794342041016 130.0
113.82353973388672 115.0
158.55206298828125 167.0
140.3016357421875 148.0
155.84373474121094 171.0
106.73636627197266 111.0
109.28079223632812 122.0
104.1050796508789 106.0
110.69813537597656 114.0
137.2925567626953 143.0
144.5905303955078 144.0
97.69603729248047 114.0
118.43241119384766 125.0
112.29627990722656 111.0
144.98858642578125 146.0
129.60462951660156 130.0
102.83712768554688 120.0
129.1349639892578 134.0
118.74214172363281 126.0
131.8396453857422 136.0
144.46507263183594 153.0
156.68499755859375 167.0
130.00482177734375 133.0
110.84147644042969 116.0
105.25098419189453 106.0
110.04474639892578 120.0
146.45632934570312 161.0
110.58120727539062 129.0
142.25408935546875 150.0
125.80818176269531 130.0
96.83354949951172 110.0
114.34770965576172 127.0
121.53079223632812 126.0
134.60049438476562 134.0
146.73269653320312 144.0
102.8851089477539 114.0
93.05674743652344 111.0
116.33020782470703 134.0
123.31663513183594 128.0
154.37767028808594 158.0
105.55410766601562 110.0
150.27955627441406 153.0
140.69546508789062 149.0
156.86598205566406 162.0
122.62626647949219 132.0
112.44921875 117.0
103.76620483398438 122.0
162.23861694335938 159.0
116.53985595703125 126.0
136.33856201171875 154.0
120.7149429321289 132.0
113.96963500976562 124.0
103.2555923461914 112.0
113.53755187988281 119.0
130.3523712158203 139.0
157.3545379638672 167.0
123.18971252441406 135.0
145.63827514648438 160.0
108.81745147705078 122.0
113.5634765625 118.0
168.00743103027344 176.0
158.60708618164062 169.0
114.29154205322266 127.0
125.18958282470703 134.0
106.93222045898438 121.0
113.48190307617188 122.0
118.48566436767578 128.0
156.51025390625 154.0
108.21996307373047 108.0
151.38665771484375 155.0
157.28573608398438 167.0
122.45301055908203 130.0
114.07841491699219 115.0
158.08897399902344 167.0
139.6454620361328 148.0
155.69541931152344 171.0
106.90350341796875 111.0
109.79051208496094 122.0
105.14373016357422 106.0
111.07392883300781 114.0
137.19265747070312 143.0
144.1492156982422 144.0
98.2210922241211 114.0
118.32113647460938 125.0
112.75592803955078 111.0
144.84962463378906 146.0
129.97877502441406 130.0
103.35138702392578 120.0
129.06234741210938 134.0
118.04740905761719 126.0
131.55328369140625 136.0
144.53085327148438 153.0
157.37429809570312 167.0
130.01803588867188 133.0
110.59152221679688 116.0
105.4958724975586 106.0
110.35572052001953 120.0
146.2042236328125 161.0
110.45507049560547 129.0
141.40281677246094 150.0
125.56773376464844 130.0
97.25251770019531 110.0
113.74201202392578 127.0
121.31558990478516 126.0
134.18902587890625 134.0
145.2064666748047 144.0
103.34394073486328 114.0
94.14085388183594 111.0
116.62885284423828 134.0
122.82339477539062 128.0
154.24786376953125 158.0
105.51251220703125 110.0
149.9192657470703 153.0
139.92372131347656 149.0
157.0545654296875 162.0
123.40582275390625 132.0
111.97530364990234 117.0
104.47313690185547 122.0
163.41827392578125 159.0
117.09928131103516 126.0
137.21466064453125 154.0
121.34229278564453 132.0
114.19242095947266 124.0
103.63709259033203 112.0
114.13682556152344 119.0
131.283935546875 139.0
158.9758758544922 167.0
123.80685424804688 135.0
146.493896484375 160.0
109.61900329589844 122.0
113.82270812988281 118.0
169.81231689453125 176.0
160.13876342773438 169.0
115.05345153808594 127.0
124.95843505859375 134.0
107.14443969726562 121.0
113.9134521484375 122.0
119.00444793701172 128.0
157.08297729492188 154.0
109.00090026855469 108.0
152.94369506835938 155.0
158.1997528076172 167.0
122.69558715820312 130.0
115.34842681884766 115.0
159.33389282226562 167.0
141.24603271484375 148.0
156.84500122070312 171.0
106.94361877441406 111.0
109.26007080078125 122.0
105.20661926269531 106.0
111.46485137939453 114.0
138.68223571777344 143.0
145.30862426757812 144.0
98.36018371582031 114.0
118.7744140625 125.0
113.44404602050781 111.0
146.06655883789062 146.0
130.66163635253906 130.0
104.10379791259766 120.0
130.34603881835938 134.0
118.67192840576172 126.0
132.03871154785156 136.0
145.58189392089844 153.0
158.3328857421875 167.0
130.3400421142578 133.0
111.20233154296875 116.0
106.86308288574219 106.0
111.13006591796875 120.0
147.71896362304688 161.0
110.90802764892578 129.0
142.4124298095703 150.0
125.77671813964844 130.0
97.76634216308594 110.0
114.63675689697266 127.0
122.00218200683594 126.0
134.84593200683594 134.0
146.30905151367188 144.0
103.35185241699219 114.0
94.01848602294922 111.0
117.2405776977539 134.0
123.96339416503906 128.0
155.31451416015625 158.0
105.80726623535156 110.0
151.14529418945312 153.0
140.76268005371094 149.0
157.61712646484375 162.0
124.06642150878906 132.0
112.27303314208984 117.0
104.12506103515625 122.0
166.920166015625 159.0
120.00892639160156 126.0
140.50416564941406 154.0
124.0340805053711 132.0
117.16323852539062 124.0
106.87808227539062 112.0
117.09609985351562 119.0
134.0982208251953 139.0
162.30575561523438 167.0
127.17723846435547 135.0
149.15362548828125 160.0
112.11779022216797 122.0
117.22682189941406 118.0
171.29595947265625 176.0
163.70138549804688 169.0
118.53837585449219 127.0
129.11279296875 134.0
109.52421569824219 121.0
117.15345764160156 122.0
122.63368225097656 128.0
161.8054962158203 154.0
111.25921630859375 108.0
156.33917236328125 155.0
162.14169311523438 167.0
126.1942138671875 130.0
117.30280303955078 115.0
162.33743286132812 167.0
143.68002319335938 148.0
160.5222625732422 171.0
109.94345092773438 111.0
113.10743713378906 122.0
108.9931411743164 106.0
114.08538055419922 114.0
141.8446502685547 143.0
149.13047790527344 144.0
101.86697387695312 114.0
122.63191223144531 125.0
116.47200775146484 111.0
148.83694458007812 146.0
134.02389526367188 130.0
106.7334976196289 120.0
133.2044219970703 134.0
121.22883605957031 126.0
135.12570190429688 136.0
148.08953857421875 153.0
160.42770385742188 167.0
134.05186462402344 133.0
115.24285125732422 116.0
108.96102142333984 106.0
113.8726806640625 120.0
150.7013397216797 161.0
113.2398681640625 129.0
145.5111541748047 150.0
128.64889526367188 130.0
100.19771575927734 110.0
117.3941650390625 127.0
124.59664916992188 126.0
138.11968994140625 134.0
149.8864288330078 144.0
106.56330871582031 114.0
96.97178649902344 111.0
120.37593841552734 134.0
127.60020446777344 128.0
158.62442016601562 158.0
109.0675277709961 110.0
153.90371704101562 153.0
144.3969268798828 149.0
161.84194946289062 162.0
127.17872619628906 132.0
114.99466705322266 117.0
107.86609649658203 122.0
163.45181274414062 159.0
117.59172058105469 126.0
137.20040893554688 154.0
121.50517272949219 132.0
114.56927490234375 124.0
103.87211608886719 112.0
114.41044616699219 119.0
130.75082397460938 139.0
158.88230895996094 167.0
123.75066375732422 135.0
146.2911376953125 160.0
109.6058349609375 122.0
114.51919555664062 118.0
170.52886962890625 176.0
160.4892120361328 169.0
115.42219543457031 127.0
126.11190032958984 134.0
107.42630004882812 121.0
114.13697052001953 122.0
119.54069519042969 128.0
157.45431518554688 154.0
109.06607055664062 108.0
152.85684204101562 155.0
158.61326599121094 167.0
123.3683853149414 130.0
115.2107162475586 115.0
159.69515991210938 167.0
140.44407653808594 148.0
157.0596923828125 171.0
106.8662338256836 111.0
110.09135437011719 122.0
105.6341323852539 106.0
111.61676788330078 114.0
138.4618377685547 143.0
145.17103576660156 144.0
98.72405242919922 114.0
119.24543762207031 125.0
113.76570129394531 111.0
146.21505737304688 146.0
131.3810577392578 130.0
104.37975311279297 120.0
130.4395294189453 134.0
118.68942260742188 126.0
132.54481506347656 136.0
145.425537109375 153.0
158.57485961914062 167.0
130.57086181640625 133.0
111.95455932617188 116.0
106.60769653320312 106.0
111.19606018066406 120.0
147.51388549804688 161.0
110.98453521728516 129.0
142.41323852539062 150.0
126.61857604980469 130.0
98.04576873779297 110.0
114.60467529296875 127.0
122.27708435058594 126.0
134.77102661132812 134.0
146.09625244140625 144.0
104.17739868164062 114.0
94.12152862548828 111.0
117.19837951660156 134.0
124.21104431152344 128.0
155.3880157470703 158.0
106.34601593017578 110.0
151.3779754638672 153.0
140.7867431640625 149.0
157.94911193847656 162.0
124.51936340332031 132.0
112.64118957519531 117.0
104.59920501708984 122.0
162.8304901123047 159.0
117.19828796386719 126.0
137.5677947998047 154.0
121.20237731933594 132.0
113.9090347290039 124.0
103.52552032470703 112.0
114.49329376220703 119.0
130.12718200683594 139.0
158.54714965820312 167.0
123.78406524658203 135.0
145.79014587402344 160.0
109.19981384277344 122.0
113.68443298339844 118.0
167.29978942871094 176.0
160.17257690429688 169.0
114.68264770507812 127.0
125.56723022460938 134.0
105.8689956665039 121.0
113.2229232788086 122.0
118.84722900390625 128.0
156.2466278076172 154.0
108.90414428710938 108.0
152.2418670654297 155.0
158.70022583007812 167.0
122.48489379882812 130.0
114.98438262939453 115.0
158.76849365234375 167.0
139.45413208007812 148.0
156.95895385742188 171.0
106.26811981201172 111.0
108.7647476196289 122.0
104.84600830078125 106.0
111.28630828857422 114.0
138.09283447265625 143.0
145.2679443359375 144.0
98.24649047851562 114.0
119.17615509033203 125.0
113.34933471679688 111.0
146.0576629638672 146.0
130.8258819580078 130.0
104.18685150146484 120.0
130.30044555664062 134.0
117.85581970214844 126.0
131.8703155517578 136.0
144.87435913085938 153.0
156.49020385742188 167.0
130.53871154785156 133.0
111.18983459472656 116.0
106.464599609375 106.0
110.85140228271484 120.0
147.1239471435547 161.0
110.24712371826172 129.0
141.15533447265625 150.0
125.88179779052734 130.0
97.49473571777344 110.0
114.18779754638672 127.0
121.53861999511719 126.0
133.79905700683594 134.0
145.33477783203125 144.0
103.617431640625 114.0
92.89108276367188 111.0
116.67798614501953 134.0
124.02108001708984 128.0
154.88973999023438 158.0
105.73329162597656 110.0
150.8709259033203 153.0
140.6970672607422 149.0
157.0648956298828 162.0
123.56678009033203 132.0
111.6124038696289 117.0
104.58595275878906 122.0
164.7256622314453 159.0
118.302490234375 126.0
138.7193145751953 154.0
122.49029541015625 132.0
115.40787506103516 124.0
105.20549774169922 112.0
115.551025390625 119.0
131.632568359375 139.0
160.11045837402344 167.0
124.66748046875 135.0
146.98153686523438 160.0
110.1825942993164 122.0
114.70236206054688 118.0
168.61746215820312 176.0
161.50482177734375 169.0
115.68829345703125 127.0
126.8650894165039 134.0
108.28221893310547 121.0
115.22703552246094 122.0
120.07225036621094 128.0
158.391357421875 154.0
109.5816650390625 108.0
153.9853515625 155.0
160.3070831298828 167.0
123.71134948730469 130.0
115.68729400634766 115.0
160.3493194580078 167.0
141.08274841308594 148.0
158.18626403808594 171.0
107.55648040771484 111.0
110.35530090332031 122.0
106.23558807373047 106.0
112.23355102539062 114.0
139.6999053955078 143.0
146.74684143066406 144.0
98.99565124511719 114.0
120.12020874023438 125.0
114.14765930175781 111.0
147.13241577148438 146.0
131.79296875 130.0
104.89558410644531 120.0
131.45477294921875 134.0
119.83612060546875 126.0
133.66526794433594 136.0
146.03675842285156 153.0
157.83364868164062 167.0
131.88522338867188 133.0
112.13643646240234 116.0
106.98836517333984 106.0
112.08137512207031 120.0
148.7276153564453 161.0
112.10326385498047 129.0
143.06495666503906 150.0
127.13526916503906 130.0
98.38883972167969 110.0
115.71807098388672 127.0
122.79620361328125 126.0
136.21438598632812 134.0
147.87127685546875 144.0
104.34129333496094 114.0
93.88717651367188 111.0
118.07844543457031 134.0
124.88775634765625 128.0
156.60716247558594 158.0
106.89258575439453 110.0
152.49522399902344 153.0
142.103759765625 149.0
158.8484344482422 162.0
125.10739135742188 132.0
113.28943634033203 117.0
105.04692840576172 122.0
162.747314453125 159.0
116.98326110839844 126.0
136.8339080810547 154.0
121.05411529541016 132.0
114.13490295410156 124.0
104.26467895507812 112.0
113.6111831665039 119.0
130.00830078125 139.0
158.3940887451172 167.0
123.45993041992188 135.0
146.0963592529297 160.0
108.98085021972656 122.0
113.56871032714844 118.0
168.9158935546875 176.0
159.99636840820312 169.0
114.43778228759766 127.0
124.88410949707031 134.0
107.3997802734375 121.0
114.46096801757812 122.0
118.46162414550781 128.0
156.49502563476562 154.0
108.7774887084961 108.0
151.9965057373047 155.0
158.57205200195312 167.0
122.28228759765625 130.0
114.47286987304688 115.0
159.47462463378906 167.0
139.91856384277344 148.0
156.3134765625 171.0
106.44243621826172 111.0
108.84146118164062 122.0
105.16515350341797 106.0
110.99954986572266 114.0
137.91848754882812 143.0
144.66651916503906 144.0
97.71177673339844 114.0
118.84575653076172 125.0
112.92510223388672 111.0
145.9766845703125 146.0
130.4595947265625 130.0
103.33414459228516 120.0
130.2007293701172 134.0
119.27188873291016 126.0
131.9556884765625 136.0
145.15025329589844 153.0
157.66049194335938 167.0
130.2966766357422 133.0
110.90556335449219 116.0
106.05400085449219 106.0
110.53510284423828 120.0
146.99996948242188 161.0
110.77510833740234 129.0
141.82720947265625 150.0
125.62849426269531 130.0
97.13616943359375 110.0
114.38306427001953 127.0
121.75210571289062 126.0
134.92774963378906 134.0
146.857421875 144.0
102.87254333496094 114.0
93.03594207763672 111.0
116.61339569091797 134.0
123.38648986816406 128.0
155.10153198242188 158.0
105.31011199951172 110.0
151.00592041015625 153.0
140.5997314453125 149.0
157.07571411132812 162.0
122.92080688476562 132.0
112.32030487060547 117.0
103.8788070678711 122.0
164.06295776367188 159.0
118.54888916015625 126.0
138.54505920410156 154.0
122.59163665771484 132.0
115.83260345458984 124.0
105.31282043457031 112.0
115.6461410522461 119.0
132.21693420410156 139.0
160.2246856689453 167.0
125.53419494628906 135.0
147.78085327148438 160.0
110.82350158691406 122.0
115.65526580810547 118.0
171.4345245361328 176.0
162.22842407226562 169.0
116.52786254882812 127.0
126.27778625488281 134.0
107.730224609375 121.0
115.31343078613281 122.0
120.33171081542969 128.0
159.026123046875 154.0
110.15267944335938 108.0
154.22412109375 155.0
159.93638610839844 167.0
124.19151306152344 130.0
115.91059112548828 115.0
161.11819458007812 167.0
141.28822326660156 148.0
158.74560546875 171.0
108.36019134521484 111.0
111.19377136230469 122.0
107.33539581298828 106.0
112.87267303466797 114.0
139.94691467285156 143.0
147.0296173095703 144.0
99.70537567138672 114.0
120.14547729492188 125.0
114.68138122558594 111.0
147.4517822265625 146.0
132.44223022460938 130.0
105.57737731933594 120.0
131.5571746826172 134.0
119.78004455566406 126.0
133.28904724121094 136.0
146.64279174804688 153.0
160.175537109375 167.0
131.5662841796875 133.0
113.18177795410156 116.0
107.31938171386719 106.0
112.11174011230469 120.0
148.70272827148438 161.0
111.58685302734375 129.0
142.72193908691406 150.0
127.37370300292969 130.0
99.17481231689453 110.0
115.18672180175781 127.0
122.80094909667969 126.0
135.65635681152344 134.0
147.6396484375 144.0
105.39643859863281 114.0
95.68073272705078 111.0
118.81512451171875 134.0
125.24813842773438 128.0
156.32015991210938 158.0
106.94560241699219 110.0
152.79266357421875 153.0
141.63003540039062 149.0
159.72824096679688 162.0
125.56990051269531 132.0
113.23771667480469 117.0
105.74315643310547 122.0
