45.07311248779297 159.0
64.62699890136719 126.0
85.18895721435547 154.0
57.23668670654297 132.0
36.33781814575195 124.0
25.475143432617188 112.0
59.2501106262207 119.0
42.82865524291992 139.0
68.77143859863281 167.0
56.84471130371094 135.0
76.68771362304688 160.0
67.81639099121094 122.0
45.84135818481445 118.0
49.233707427978516 176.0
102.82318115234375 169.0
76.34516906738281 127.0
78.15670013427734 134.0
12.459296226501465 121.0
21.515527725219727 122.0
68.66397857666016 128.0
32.5645866394043 154.0
75.3092041015625 108.0
61.18190383911133 155.0
54.65593719482422 167.0
55.99764633178711 130.0
94.84996032714844 115.0
74.14266967773438 167.0
19.813220977783203 148.0
84.3499526977539 171.0
36.63520431518555 111.0
26.840763092041016 122.0
32.55029296875 106.0
43.418800354003906 114.0
64.2852554321289 143.0
90.85066986083984 144.0
44.953697204589844 114.0
36.9566535949707 125.0
76.01638793945312 111.0
101.13627624511719 146.0
77.36085510253906 130.0
64.17719268798828 120.0
99.36845397949219 134.0
22.190628051757812 126.0
38.93026351928711 136.0
67.7666015625 153.0
81.99706268310547 167.0
62.96141815185547 133.0
61.121524810791016 116.0
94.5920181274414 106.0
66.71096801757812 120.0
64.89836883544922 161.0
23.51754379272461 129.0
18.516342163085938 150.0
91.08392333984375 130.0
47.55607986450195 110.0
30.870153427124023 127.0
32.488468170166016 126.0
25.532739639282227 134.0
22.026140213012695 144.0
38.714324951171875 114.0
31.39798927307129 111.0
58.66288757324219 134.0
87.31151580810547 128.0
49.59794616699219 158.0
59.39684295654297 110.0
77.1755142211914 153.0
72.3077621459961 149.0
30.046642303466797 162.0
81.71104431152344 132.0
22.364276885986328 117.0
28.852563858032227 122.0
167.74801635742188 159.0
119.62755584716797 126.0
134.4114532470703 154.0
114.63430786132812 132.0
112.80119323730469 124.0
91.07984924316406 112.0
127.03166198730469 119.0
132.9259033203125 139.0
155.83444213867188 167.0
133.30117797851562 135.0
151.37557983398438 160.0
114.37190246582031 122.0
121.940185546875 118.0
151.69822692871094 176.0
160.75253295898438 169.0
130.63919067382812 127.0
144.12904357910156 134.0
95.7161636352539 121.0
92.50513458251953 122.0
138.00245666503906 128.0
147.55934143066406 154.0
108.1933364868164 108.0
148.00230407714844 155.0
134.4973602294922 167.0
134.13876342773438 130.0
115.64794158935547 115.0
155.34329223632812 167.0
136.77252197265625 148.0
165.75784301757812 171.0
108.76669311523438 111.0
122.30569458007812 122.0
103.16724395751953 106.0
111.41175079345703 114.0
141.16558837890625 143.0
145.57711791992188 144.0
132.92515563964844 114.0
127.03274536132812 125.0
111.59320831298828 111.0
151.60714721679688 146.0
137.3890838623047 130.0
113.61573028564453 120.0
130.24754333496094 134.0
90.4466323852539 126.0
129.13107299804688 136.0
147.9028778076172 153.0
148.5091094970703 167.0
127.98173522949219 133.0
123.89710235595703 116.0
109.44371032714844 106.0
114.74042510986328 120.0
143.62863159179688 161.0
109.80113220214844 129.0
146.92262268066406 150.0
129.62185668945312 130.0
114.81466674804688 110.0
103.75251770019531 127.0
120.05599975585938 126.0
125.654296875 134.0
128.47056579589844 144.0
127.61123657226562 114.0
117.70677947998047 111.0
121.66251373291016 134.0
131.9021759033203 128.0
153.30459594726562 158.0
130.5615997314453 110.0
142.3633575439453 153.0
133.4788360595703 149.0
154.3701934814453 162.0
137.4840545654297 132.0
110.07567596435547 117.0
122.82778930664062 122.0
164.8987579345703 159.0
116.60920715332031 126.0
134.0531005859375 154.0
115.20426940917969 132.0
107.90623474121094 124.0
93.00819396972656 112.0
115.6684341430664 119.0
139.41705322265625 139.0
167.71466064453125 167.0
129.09585571289062 135.0
161.65667724609375 160.0
113.1760482788086 122.0
117.02027893066406 118.0
162.54750061035156 176.0
168.16650390625 169.0
125.87896728515625 127.0
132.25685119628906 134.0
96.72319793701172 121.0
98.32745361328125 122.0
127.72230529785156 128.0
148.01939392089844 154.0
109.66090393066406 108.0
157.76292419433594 155.0
155.1633758544922 167.0
123.5839614868164 130.0
119.37455749511719 115.0
170.2893524169922 167.0
130.73831176757812 148.0
160.25123596191406 171.0
108.17987060546875 111.0
109.55532836914062 122.0
104.66786193847656 106.0
106.1301040649414 114.0
143.64688110351562 143.0
145.44520568847656 144.0
112.84640502929688 114.0
123.49679565429688 125.0
109.15776824951172 111.0
157.56869506835938 146.0
134.14840698242188 130.0
106.69122314453125 120.0
137.55221557617188 134.0
101.7754898071289 126.0
132.3116912841797 136.0
157.74313354492188 153.0
159.78509521484375 167.0
126.77006530761719 133.0
113.1181640625 116.0
116.0698471069336 106.0
109.8541488647461 120.0
152.5157012939453 161.0
105.79499816894531 129.0
138.43508911132812 150.0
123.68645477294922 130.0
101.61959838867188 110.0
108.1816177368164 127.0
121.40293884277344 126.0
136.0911102294922 134.0
136.9224090576172 144.0
108.03406524658203 114.0
102.85610961914062 111.0
117.69683837890625 134.0
129.4036407470703 128.0
155.1510772705078 158.0
115.31237030029297 110.0
153.3397216796875 153.0
138.60540771484375 149.0
153.63723754882812 162.0
124.82909393310547 132.0
107.08085632324219 117.0
93.16302490234375 122.0
172.13983154296875 159.0
123.51113891601562 126.0
147.08010864257812 154.0
124.47782897949219 132.0
115.10638427734375 124.0
103.04376220703125 112.0
121.51521301269531 119.0
131.9105987548828 139.0
171.50779724121094 167.0
130.91452026367188 135.0
150.47744750976562 160.0
118.89289855957031 122.0
123.79647827148438 118.0
164.19964599609375 176.0
169.45950317382812 169.0
130.21490478515625 127.0
140.20030212402344 134.0
120.8337631225586 121.0
109.950927734375 122.0
134.52044677734375 128.0
156.23345947265625 154.0
114.22738647460938 108.0
163.10665893554688 155.0
166.57986450195312 167.0
132.67152404785156 130.0
123.31029510498047 115.0
163.3868865966797 167.0
125.2998046875 148.0
167.04527282714844 171.0
108.43855285644531 111.0
119.8682861328125 122.0
111.8042221069336 106.0
113.58321380615234 114.0
146.3087921142578 143.0
155.05027770996094 144.0
116.42068481445312 114.0
134.44166564941406 125.0
113.677978515625 111.0
156.01797485351562 146.0
138.41062927246094 130.0
114.98283386230469 120.0
140.22857666015625 134.0
117.26531219482422 126.0
140.82376098632812 136.0
150.9309539794922 153.0
160.08822631835938 167.0
134.75543212890625 133.0
117.84679412841797 116.0
119.80239868164062 106.0
118.3276596069336 120.0
154.77354431152344 161.0
112.80380249023438 129.0
151.32814025878906 150.0
132.17996215820312 130.0
108.96339416503906 110.0
120.88737487792969 127.0
127.9767837524414 126.0
154.95297241210938 134.0
150.57733154296875 144.0
111.77012634277344 114.0
104.52360534667969 111.0
121.16172790527344 134.0
138.91883850097656 128.0
161.0626220703125 158.0
124.5357894897461 110.0
150.45407104492188 153.0
150.83248901367188 149.0
160.7105712890625 162.0
137.22496032714844 132.0
108.14095306396484 117.0
106.56094360351562 122.0
190.54600524902344 159.0
136.09219360351562 126.0
146.83372497558594 154.0
133.9198760986328 132.0
130.61509704589844 124.0
138.46243286132812 112.0
132.80555725097656 119.0
131.1898193359375 139.0
162.0615234375 167.0
157.62464904785156 135.0
155.00408935546875 160.0
124.97120666503906 122.0
145.55911254882812 118.0
154.5067596435547 176.0
165.30410766601562 169.0
146.62588500976562 127.0
164.14340209960938 134.0
162.67039489746094 121.0
150.5306396484375 122.0
161.87588500976562 128.0
171.01858520507812 154.0
119.15029907226562 108.0
156.48931884765625 155.0
196.0246124267578 167.0
152.37286376953125 130.0
120.08655548095703 115.0
163.4811248779297 167.0
151.90008544921875 148.0
189.783447265625 171.0
118.55567169189453 111.0
142.212646484375 122.0
137.89784240722656 106.0
131.31417846679688 114.0
141.9766845703125 143.0
156.0063018798828 144.0
154.62310791015625 114.0
185.44284057617188 125.0
135.177978515625 111.0
153.29415893554688 146.0
140.5406036376953 130.0
127.9300537109375 120.0
131.5730743408203 134.0
141.9523468017578 126.0
157.10842895507812 136.0
153.9842071533203 153.0
149.79039001464844 167.0
157.4818878173828 133.0
143.11447143554688 116.0
118.75602722167969 106.0
125.64781951904297 120.0
145.24864196777344 161.0
142.95632934570312 129.0
191.93887329101562 150.0
140.04806518554688 130.0
129.5308074951172 110.0
159.3870086669922 127.0
152.203369140625 126.0
199.26058959960938 134.0
195.9199981689453 144.0
140.54791259765625 114.0
123.27227783203125 111.0
129.88050842285156 134.0
151.10427856445312 128.0
175.7239532470703 158.0
154.8092803955078 110.0
150.18453979492188 153.0
171.62120056152344 149.0
175.19046020507812 162.0
143.02685546875 132.0
132.37298583984375 117.0
193.6104736328125 122.0
132.9080047607422 159.0
97.39125061035156 126.0
123.97161865234375 154.0
93.05037689208984 132.0
85.06022644042969 124.0
72.31787109375 112.0
91.18816375732422 119.0
77.24299621582031 139.0
132.1550750732422 167.0
102.65252685546875 135.0
101.88512420654297 160.0
95.4525146484375 122.0
92.17948150634766 118.0
114.10441589355469 176.0
142.84571838378906 169.0
100.55503845214844 127.0
113.45951843261719 134.0
82.438720703125 121.0
67.15701293945312 122.0
101.85604858398438 128.0
101.90837097167969 154.0
90.56272888183594 108.0
119.12673950195312 155.0
139.68948364257812 167.0
103.7713394165039 130.0
105.1702880859375 115.0
124.19712829589844 167.0
75.72699737548828 148.0
131.00091552734375 171.0
68.75047302246094 111.0
78.738037109375 122.0
81.41630554199219 106.0
77.36027526855469 114.0
108.34368896484375 143.0
122.47407531738281 144.0
79.3321304321289 114.0
96.57293701171875 125.0
95.39149475097656 111.0
127.36331176757812 146.0
109.06103515625 130.0
82.90105438232422 120.0
118.28002166748047 134.0
76.64192199707031 126.0
111.33026885986328 136.0
113.7370834350586 153.0
128.79685974121094 167.0
105.00161743164062 133.0
88.30513000488281 116.0
98.3193130493164 106.0
91.81562042236328 120.0
113.84969329833984 161.0
82.5121841430664 129.0
104.88154602050781 150.0
101.72453308105469 130.0
70.12220764160156 110.0
87.72691345214844 127.0
93.00183868408203 126.0
112.50304412841797 134.0
109.9215316772461 144.0
77.42318725585938 114.0
60.916290283203125 111.0
87.36428833007812 134.0
106.76764678955078 128.0
129.98455810546875 158.0
91.95243835449219 110.0
118.46511840820312 153.0
116.40019989013672 149.0
104.72093200683594 162.0
109.3275146484375 132.0
74.39239501953125 117.0
58.2478141784668 122.0
130.08157348632812 159.0
98.93356323242188 126.0
116.42693328857422 154.0
95.45071411132812 132.0
87.25946807861328 124.0
81.37608337402344 112.0
98.81940460205078 119.0
114.25216674804688 139.0
136.21656799316406 167.0
101.90174102783203 135.0
129.6609344482422 160.0
95.9114990234375 122.0
92.95818328857422 118.0
132.89871215820312 176.0
134.59600830078125 169.0
100.7049560546875 127.0
108.81674194335938 134.0
76.61247253417969 121.0
80.5577392578125 122.0
104.31617736816406 128.0
117.83289337158203 154.0
90.64448547363281 108.0
130.53924560546875 155.0
126.14554595947266 167.0
102.5998306274414 130.0
99.95628356933594 115.0
134.8506317138672 167.0
102.60975646972656 148.0
124.69046783447266 171.0
88.16324615478516 111.0
89.68724822998047 122.0
89.48697662353516 106.0
86.90680694580078 114.0
120.49562072753906 143.0
117.38687133789062 144.0
87.89726257324219 114.0
93.83511352539062 125.0
94.9312515258789 111.0
122.17377471923828 146.0
107.05524444580078 130.0
89.17601013183594 120.0
111.56229400634766 134.0
85.25580596923828 126.0
108.77792358398438 136.0
125.50382232666016 153.0
138.89089965820312 167.0
104.18183898925781 133.0
93.06312561035156 116.0
93.10521697998047 106.0
90.64926147460938 120.0
124.72001647949219 161.0
89.40784454345703 129.0
106.46910858154297 150.0
101.93425750732422 130.0
82.16265106201172 110.0
91.4527587890625 127.0
98.8968505859375 126.0
106.4072265625 134.0
110.40613555908203 144.0
87.09236145019531 114.0
87.98057556152344 111.0
99.5858154296875 134.0
104.74752807617188 128.0
127.59825897216797 158.0
92.63465881347656 110.0
119.24314880371094 153.0
113.79757690429688 149.0
118.44041442871094 162.0
104.71363830566406 132.0
84.8973617553711 117.0
64.19635009765625 122.0
156.84716796875 159.0
108.16960906982422 126.0
125.99331665039062 154.0
106.842529296875 132.0
104.21147155761719 124.0
99.52501678466797 112.0
117.66180419921875 119.0
119.37413787841797 139.0
149.42945861816406 167.0
118.40715026855469 135.0
131.20297241210938 160.0
103.68385314941406 122.0
111.06973266601562 118.0
139.4098358154297 176.0
147.02536010742188 169.0
115.14515686035156 127.0
136.5191192626953 134.0
102.9406509399414 121.0
105.80392456054688 122.0
126.60225677490234 128.0
139.8973846435547 154.0
98.53016662597656 108.0
145.745361328125 155.0
143.5250701904297 167.0
119.33219909667969 130.0
104.83968353271484 115.0
145.35235595703125 167.0
126.05838775634766 148.0
150.59271240234375 171.0
95.03014373779297 111.0
107.41761779785156 122.0
102.11782836914062 106.0
104.01358032226562 114.0
131.2607879638672 143.0
131.00588989257812 144.0
110.465087890625 114.0
121.60234832763672 125.0
106.0648422241211 111.0
133.25161743164062 146.0
121.9110107421875 130.0
105.2301025390625 120.0
117.94779968261719 134.0
103.21498107910156 126.0
124.7944107055664 136.0
132.10238647460938 153.0
132.32093811035156 167.0
122.97691345214844 133.0
109.10955047607422 116.0
101.67915344238281 106.0
103.97445678710938 120.0
136.59024047851562 161.0
106.40592956542969 129.0
139.352294921875 150.0
112.32988739013672 130.0
100.51079559326172 110.0
110.36769104003906 127.0
117.42597961425781 126.0
132.48846435546875 134.0
141.39512634277344 144.0
113.92296600341797 114.0
95.44174194335938 111.0
107.86895751953125 134.0
122.93940734863281 128.0
145.9127960205078 158.0
118.24339294433594 110.0
130.8385467529297 153.0
134.22915649414062 149.0
147.21548461914062 162.0
123.31488800048828 132.0
101.690185546875 117.0
113.11506652832031 122.0
131.2910919189453 159.0
103.05671691894531 126.0
121.62752532958984 154.0
100.22994995117188 132.0
96.56013488769531 124.0
86.96270751953125 112.0
90.82086181640625 119.0
111.58816528320312 139.0
140.6182861328125 167.0
111.1988296508789 135.0
139.3999786376953 160.0
98.8518295288086 122.0
102.40435028076172 118.0
122.20616149902344 176.0
143.14724731445312 169.0
104.47370910644531 127.0
106.70053100585938 134.0
92.36619567871094 121.0
89.69921875 122.0
98.916748046875 128.0
130.98965454101562 154.0
93.8775405883789 108.0
135.99497985839844 155.0
140.79019165039062 167.0
100.13286590576172 130.0
102.05852508544922 115.0
148.76885986328125 167.0
104.03665924072266 148.0
139.4606475830078 171.0
90.94564819335938 111.0
97.67900085449219 122.0
95.8707504272461 106.0
91.1597671508789 114.0
119.69493103027344 143.0
125.18342590332031 144.0
88.94503784179688 114.0
105.01912689208984 125.0
98.53550720214844 111.0
133.3749542236328 146.0
116.40895080566406 130.0
90.98941802978516 120.0
116.89842224121094 134.0
96.60932922363281 126.0
109.77961730957031 136.0
136.7499542236328 153.0
138.2205047607422 167.0
105.0179672241211 133.0
93.26697540283203 116.0
95.01215362548828 106.0
92.38777923583984 120.0
128.8253173828125 161.0
87.07118225097656 129.0
115.9747543334961 150.0
98.351318359375 130.0
85.00503540039062 110.0
91.72095489501953 127.0
98.89251708984375 126.0
116.74388122558594 134.0
129.40286254882812 144.0
86.89456939697266 114.0
86.3888931274414 111.0
103.2593994140625 134.0
108.43511199951172 128.0
127.87771606445312 158.0
91.43930053710938 110.0
132.3590087890625 153.0
114.06178283691406 149.0
135.48983764648438 162.0
109.40850067138672 132.0
88.14498901367188 117.0
75.34260559082031 122.0
127.69546508789062 159.0
96.2802734375 126.0
112.41769409179688 154.0
93.59741973876953 132.0
87.11434936523438 124.0
83.42083740234375 112.0
96.80219268798828 119.0
106.95558166503906 139.0
130.4539337158203 167.0
96.10624694824219 135.0
121.85205078125 160.0
90.8226089477539 122.0
91.52790069580078 118.0
133.00885009765625 176.0
129.12393188476562 169.0
95.98863220214844 127.0
102.56822967529297 134.0
91.02053833007812 121.0
90.08977508544922 122.0
98.56397247314453 128.0
116.44222259521484 154.0
86.44023895263672 108.0
125.99291229248047 155.0
120.75523376464844 167.0
94.49445343017578 130.0
93.61064147949219 115.0
132.75010681152344 167.0
110.89208984375 148.0
123.40382385253906 171.0
86.21073913574219 111.0
89.01170349121094 122.0
80.57656860351562 106.0
89.41989135742188 114.0
115.20835876464844 143.0
112.81519317626953 144.0
84.60164642333984 114.0
95.19265747070312 125.0
86.60029602050781 111.0
121.94449615478516 146.0
104.44625091552734 130.0
92.04139709472656 120.0
105.47492980957031 134.0
92.82572937011719 126.0
105.52132415771484 136.0
121.02301025390625 153.0
127.90171813964844 167.0
98.74777221679688 133.0
86.34652709960938 116.0
88.777587890625 106.0
91.27982330322266 120.0
122.56987762451172 161.0
90.09056854248047 129.0
116.22988891601562 150.0
98.00686645507812 130.0
88.11153411865234 110.0
91.4393081665039 127.0
98.3909683227539 126.0
111.71966552734375 134.0
118.13096618652344 144.0
91.03571319580078 114.0
82.85492706298828 111.0
97.17029571533203 134.0
99.75000762939453 128.0
120.07987213134766 158.0
90.14999389648438 110.0
119.61897277832031 153.0
107.62027740478516 149.0
119.04473876953125 162.0
103.84751892089844 132.0
87.84597778320312 117.0
78.08956909179688 122.0
133.98837280273438 159.0
107.27798461914062 126.0
125.50909423828125 154.0
105.4566650390625 132.0
93.77098083496094 124.0
74.7533187866211 112.0
100.91321563720703 119.0
116.30397033691406 139.0
155.71974182128906 167.0
112.6161117553711 135.0
140.29055786132812 160.0
106.25459289550781 122.0
103.44866180419922 118.0
151.8850860595703 176.0
154.23348999023438 169.0
104.64457702636719 127.0
111.7044906616211 134.0
78.93064880371094 121.0
78.49728393554688 122.0
104.9466781616211 128.0
133.1016845703125 154.0
96.8713607788086 108.0
151.97042846679688 155.0
139.58517456054688 167.0
100.93412017822266 130.0
111.95458221435547 115.0
156.09315490722656 167.0
105.40171813964844 148.0
144.62423706054688 171.0
91.02915954589844 111.0
94.55488586425781 122.0
87.45931243896484 106.0
94.80498504638672 114.0
134.7076873779297 143.0
129.00328063964844 144.0
85.02348327636719 114.0
94.83128356933594 125.0
98.83412170410156 111.0
142.15538024902344 146.0
121.0549545288086 130.0
99.60789489746094 120.0
121.13184356689453 134.0
85.62821960449219 126.0
113.56120300292969 136.0
142.1409912109375 153.0
148.31521606445312 167.0
101.98750305175781 133.0
92.68589782714844 116.0
101.8743667602539 106.0
100.09258270263672 120.0
143.3885040283203 161.0
88.30804443359375 129.0
109.81105041503906 150.0
104.55500793457031 130.0
94.52684020996094 110.0
88.14564514160156 127.0
100.59525299072266 126.0
103.04142761230469 134.0
117.70559692382812 144.0
93.19184875488281 114.0
87.02680206298828 111.0
104.83189392089844 134.0
110.36380004882812 128.0
128.02964782714844 158.0
92.7447280883789 110.0
140.69322204589844 153.0
114.76728057861328 149.0
137.06585693359375 162.0
117.729248046875 132.0
86.34170532226562 117.0
64.59008026123047 122.0
132.62120056152344 159.0
98.74085235595703 126.0
109.028564453125 154.0
99.2856674194336 132.0
92.87042999267578 124.0
88.98575592041016 112.0
88.23287200927734 119.0
112.46926879882812 139.0
132.44207763671875 167.0
101.10881042480469 135.0
135.21739196777344 160.0
90.23434448242188 122.0
94.15691375732422 118.0
137.2251434326172 176.0
128.14317321777344 169.0
94.58222961425781 127.0
96.2808837890625 134.0
97.68324279785156 121.0
94.04761505126953 122.0
93.49879455566406 128.0
128.81468200683594 154.0
88.16012573242188 108.0
128.6083221435547 155.0
134.7813262939453 167.0
96.7482681274414 130.0
91.07360076904297 115.0
145.1058807373047 167.0
116.30899047851562 148.0
124.32756805419922 171.0
93.44149017333984 111.0
92.39832305908203 122.0
87.03672790527344 106.0
92.78050231933594 114.0
114.84178924560547 143.0
109.64521789550781 144.0
84.00575256347656 114.0
102.43580627441406 125.0
87.265380859375 111.0
121.24540710449219 146.0
103.06631469726562 130.0
87.66405487060547 120.0
102.979736328125 134.0
100.64010620117188 126.0
110.8108901977539 136.0
130.20274353027344 153.0
134.05345153808594 167.0
102.24653625488281 133.0
83.52904510498047 116.0
81.93644714355469 106.0
87.65331268310547 120.0
122.27859497070312 161.0
99.218017578125 129.0
122.42019653320312 150.0
98.2079086303711 130.0
86.01542663574219 110.0
98.73408508300781 127.0
104.23667907714844 126.0
120.05799865722656 134.0
131.77301025390625 144.0
82.18192291259766 114.0
84.11664581298828 111.0
98.28385925292969 134.0
97.92665100097656 128.0
126.23214721679688 158.0
85.29801940917969 110.0
126.59253692626953 153.0
108.05445098876953 149.0
131.38275146484375 162.0
95.47607421875 132.0
96.31249237060547 117.0
89.9558334350586 122.0
206.3791961669922 159.0
143.28041076660156 126.0
168.04222106933594 154.0
144.01678466796875 132.0
130.1630859375 124.0
139.6640625 112.0
151.70657348632812 119.0
163.51312255859375 139.0
199.40426635742188 167.0
153.384521484375 135.0
184.27316284179688 160.0
142.62876892089844 122.0
141.7154083251953 118.0
207.5927276611328 176.0
199.0425262451172 169.0
151.99609375 127.0
170.63243103027344 134.0
138.77413940429688 121.0
144.51803588867188 122.0
157.26287841796875 128.0
191.0113525390625 154.0
135.328369140625 108.0
196.62100219726562 155.0
188.55294799804688 167.0
157.24075317382812 130.0
147.65028381347656 115.0
197.02098083496094 167.0
167.6846466064453 148.0
192.90989685058594 171.0
130.58645629882812 111.0
135.48965454101562 122.0
139.0376434326172 106.0
135.11468505859375 114.0
173.97610473632812 143.0
177.04673767089844 144.0
132.3043212890625 114.0
153.69558715820312 125.0
145.67506408691406 111.0
180.492919921875 146.0
162.21705627441406 130.0
139.4892578125 120.0
160.878662109375 134.0
148.32302856445312 126.0
161.56845092773438 136.0
180.4110565185547 153.0
196.01248168945312 167.0
167.0624542236328 133.0
141.84820556640625 116.0
142.44195556640625 106.0
139.19430541992188 120.0
184.91448974609375 161.0
137.4222869873047 129.0
182.29635620117188 150.0
160.97967529296875 130.0
131.6263885498047 110.0
142.19154357910156 127.0
152.98936462402344 126.0
178.08206176757812 134.0
182.91099548339844 144.0
139.57321166992188 114.0
127.50006866455078 111.0
146.15042114257812 134.0
158.24072265625 128.0
188.64157104492188 158.0
144.89613342285156 110.0
179.39889526367188 153.0
176.39967346191406 149.0
194.6847381591797 162.0
161.31544494628906 132.0
134.59103393554688 117.0
138.89089965820312 122.0
129.04672241210938 159.0
87.62393951416016 126.0
103.27458190917969 154.0
86.27085876464844 132.0
79.16468048095703 124.0
83.05496215820312 112.0
90.216796875 119.0
99.08892822265625 139.0
123.13243103027344 167.0
91.74848937988281 135.0
114.44274139404297 160.0
85.96756744384766 122.0
85.4792709350586 118.0
136.41583251953125 176.0
126.11428833007812 169.0
88.87214660644531 127.0
99.78546905517578 134.0
86.56409454345703 121.0
86.1778335571289 122.0
92.23826599121094 128.0
116.73036193847656 154.0
81.48466491699219 108.0
121.67539978027344 155.0
116.85054016113281 167.0
94.03556823730469 130.0
86.98424530029297 115.0
127.15972900390625 167.0
106.61831665039062 148.0
119.21952819824219 171.0
76.47657775878906 111.0
79.93875122070312 122.0
79.7176742553711 106.0
81.45556640625 114.0
103.94477844238281 143.0
106.77581024169922 144.0
73.92291259765625 114.0
91.01117706298828 125.0
84.76551818847656 111.0
114.05885314941406 146.0
97.09990692138672 130.0
82.72293090820312 120.0
98.0795669555664 134.0
87.96281433105469 126.0
100.60861206054688 136.0
113.51887512207031 153.0
128.3147735595703 167.0
98.32866668701172 133.0
78.88318634033203 116.0
83.51312255859375 106.0
83.19139099121094 120.0
115.16814422607422 161.0
84.86017608642578 129.0
114.23309326171875 150.0
96.920166015625 130.0
75.73112487792969 110.0
85.84117889404297 127.0
95.0297622680664 126.0
107.79952239990234 134.0
114.54780578613281 144.0
82.8120346069336 114.0
72.05278778076172 111.0
87.74076080322266 134.0
94.46202087402344 128.0
118.03800964355469 158.0
84.55548095703125 110.0
114.92816162109375 153.0
104.22592163085938 149.0
118.191162109375 162.0
93.29657745361328 132.0
83.04203796386719 117.0
75.48665618896484 122.0
117.14270782470703 159.0
92.5303955078125 126.0
102.88228607177734 154.0
88.44222259521484 132.0
81.1990966796875 124.0
77.36876678466797 112.0
72.97480010986328 119.0
96.4754409790039 139.0
120.47443389892578 167.0
92.04290771484375 135.0
121.12335205078125 160.0
81.18759155273438 122.0
83.60580444335938 118.0
121.52769470214844 176.0
120.0325927734375 169.0
87.34915161132812 127.0
80.94723510742188 134.0
82.99372863769531 121.0
82.61000061035156 122.0
79.42462158203125 128.0
113.86528778076172 154.0
79.87144470214844 108.0
116.80018615722656 155.0
124.86146545410156 167.0
81.33859252929688 130.0
81.69664764404297 115.0
131.1529998779297 167.0
100.40701293945312 148.0
117.08712768554688 171.0
81.41083526611328 111.0
75.18866729736328 122.0
75.61809539794922 106.0
82.83828735351562 114.0
102.06187438964844 143.0
104.71239471435547 144.0
72.26339721679688 114.0
94.11558532714844 125.0
74.48583221435547 111.0
112.57926940917969 146.0
92.93058013916016 130.0
79.04637908935547 120.0
93.89091491699219 134.0
86.2833251953125 126.0
98.15896606445312 136.0
116.08088684082031 153.0
119.44244384765625 167.0
89.35977172851562 133.0
71.22186279296875 116.0
73.62458038330078 106.0
76.98202514648438 120.0
111.59963989257812 161.0
88.68391418457031 129.0
104.89984893798828 150.0
87.96546173095703 130.0
72.42181396484375 110.0
87.05131530761719 127.0
91.05694580078125 126.0
108.5623550415039 134.0
120.56195831298828 144.0
70.35678100585938 114.0
67.94721984863281 111.0
86.45426177978516 134.0
91.3536148071289 128.0
109.48448181152344 158.0
73.08711242675781 110.0
117.23957061767578 153.0
99.19056701660156 149.0
115.19027709960938 162.0
80.66419219970703 132.0
81.57939147949219 117.0
72.7292709350586 122.0
156.05197143554688 159.0
118.75052642822266 126.0
137.40896606445312 154.0
118.97049713134766 132.0
107.13207244873047 124.0
96.66526794433594 112.0
111.59552001953125 119.0
125.67131042480469 139.0
161.18157958984375 167.0
120.93856048583984 135.0
150.2247314453125 160.0
109.47984313964844 122.0
113.7812271118164 118.0
159.8931121826172 176.0
159.22869873046875 169.0
111.9010009765625 127.0
122.84709167480469 134.0
102.60296630859375 121.0
102.72160339355469 122.0
116.60685729980469 128.0
149.09751892089844 154.0
104.65353393554688 108.0
154.2235107421875 155.0
156.4087371826172 167.0
117.2083511352539 130.0
113.51268768310547 115.0
165.74017333984375 167.0
129.16775512695312 148.0
153.24781799316406 171.0
105.89984130859375 111.0
106.85359191894531 122.0
99.65689086914062 106.0
108.84843444824219 114.0
136.87124633789062 143.0
137.2054443359375 144.0
99.71942901611328 114.0
116.55561065673828 125.0
107.15391540527344 111.0
146.80963134765625 146.0
127.05035400390625 130.0
106.02391815185547 120.0
127.71078491210938 134.0
107.11422729492188 126.0
129.7152862548828 136.0
150.1260986328125 153.0
159.623291015625 167.0
121.9654769897461 133.0
103.7127456665039 116.0
104.86370086669922 106.0
107.76823425292969 120.0
147.33563232421875 161.0
109.29450225830078 129.0
134.23248291015625 150.0
118.50048828125 130.0
101.17180633544922 110.0
107.174072265625 127.0
120.92231750488281 126.0
128.78099060058594 134.0
140.72628784179688 144.0
100.6907730102539 114.0
95.42973327636719 111.0
115.2518539428711 134.0
122.61786651611328 128.0
148.8327178955078 158.0
105.41685485839844 110.0
146.66259765625 153.0
131.1149139404297 149.0
153.01193237304688 162.0
123.16975402832031 132.0
104.01133728027344 117.0
94.88719940185547 122.0
160.16297912597656 159.0
116.94960021972656 126.0
141.36988830566406 154.0
119.40830993652344 132.0
105.6954116821289 124.0
100.53948974609375 112.0
122.5269775390625 119.0
122.70935821533203 139.0
160.37852478027344 167.0
119.592529296875 135.0
144.11534118652344 160.0
112.41596984863281 122.0
113.34613037109375 118.0
162.74026489257812 176.0
162.1730499267578 169.0
114.9442367553711 127.0
132.37698364257812 134.0
108.28609466552734 121.0
105.07992553710938 122.0
121.9817123413086 128.0
143.1782989501953 154.0
109.08882141113281 108.0
154.96202087402344 155.0
149.35311889648438 167.0
122.78887939453125 130.0
119.53099822998047 115.0
163.10227966308594 167.0
131.31503295898438 148.0
153.8245849609375 171.0
101.14743041992188 111.0
103.79340362548828 122.0
98.56024932861328 106.0
109.35069274902344 114.0
138.5437774658203 143.0
141.462646484375 144.0
97.54517364501953 114.0
113.197021484375 125.0
111.67432403564453 111.0
150.97764587402344 146.0
129.622314453125 130.0
111.95597076416016 120.0
132.05064392089844 134.0
112.15880584716797 126.0
130.4571990966797 136.0
147.0220184326172 153.0
155.62762451171875 167.0
125.9126968383789 133.0
107.66624450683594 116.0
115.93617248535156 106.0
114.56582641601562 120.0
148.6307830810547 161.0
109.23553466796875 129.0
140.93748474121094 150.0
127.48487091064453 130.0
103.70033264160156 110.0
110.59257507324219 127.0
122.75613403320312 126.0
129.65403747558594 134.0
139.07919311523438 144.0
106.01385498046875 114.0
90.38126373291016 111.0
117.78996276855469 134.0
126.80044555664062 128.0
150.59886169433594 158.0
111.75646209716797 110.0
149.13739013671875 153.0
137.52272033691406 149.0
148.26824951171875 162.0
130.51084899902344 132.0
105.95150756835938 117.0
92.1473617553711 122.0
173.0645294189453 159.0
128.98240661621094 126.0
146.7513427734375 154.0
124.65025329589844 132.0
114.58740234375 124.0
115.41634368896484 112.0
127.4932861328125 119.0
131.52218627929688 139.0
163.78805541992188 167.0
126.07986450195312 135.0
152.54327392578125 160.0
116.38034057617188 122.0
119.63800048828125 118.0
172.82493591308594 176.0
160.00668334960938 169.0
124.42427825927734 127.0
138.3518829345703 134.0
116.03005981445312 121.0
122.52442932128906 122.0
132.47628784179688 128.0
152.78799438476562 154.0
112.31981658935547 108.0
156.8642578125 155.0
160.78189086914062 167.0
129.240234375 130.0
119.83262634277344 115.0
163.93844604492188 167.0
143.546875 148.0
161.87521362304688 171.0
113.06175231933594 111.0
111.7595443725586 122.0
107.92469024658203 106.0
119.06118774414062 114.0
140.2184600830078 143.0
146.6940460205078 144.0
108.50166320800781 114.0
128.5435333251953 125.0
113.79088592529297 111.0
147.48001098632812 146.0
132.9251251220703 130.0
119.4130630493164 120.0
131.68887329101562 134.0
124.24848175048828 126.0
140.6082305908203 136.0
149.5712432861328 153.0
168.14212036132812 167.0
134.35890197753906 133.0
113.6542739868164 116.0
110.82383728027344 106.0
117.69603729248047 120.0
149.35716247558594 161.0
124.8587646484375 129.0
150.82196044921875 150.0
133.2804412841797 130.0
108.55560302734375 110.0
122.59236907958984 127.0
133.19894409179688 126.0
139.56216430664062 134.0
151.01393127441406 144.0
119.61021423339844 114.0
104.442626953125 111.0
122.78104400634766 134.0
135.2113800048828 128.0
166.57313537597656 158.0
120.04017639160156 110.0
148.03530883789062 153.0
147.49337768554688 149.0
161.4508056640625 162.0
131.5536651611328 132.0
116.08951568603516 117.0
114.0880355834961 122.0
126.31915283203125 159.0
90.59503173828125 126.0
104.81989288330078 154.0
89.53782653808594 132.0
82.53173828125 124.0
79.00358581542969 112.0
83.50117492675781 119.0
93.66587829589844 139.0
125.13137817382812 167.0
89.42617797851562 135.0
111.81256103515625 160.0
82.54527282714844 122.0
84.52998352050781 118.0
124.1171875 176.0
121.61830139160156 169.0
83.56082153320312 127.0
87.04864501953125 134.0
86.10238647460938 121.0
86.42082214355469 122.0
81.83186340332031 128.0
114.39836120605469 154.0
81.32062530517578 108.0
119.6433334350586 155.0
119.94667053222656 167.0
85.27363586425781 130.0
85.0666275024414 115.0
129.0371856689453 167.0
108.65486907958984 148.0
115.25403594970703 171.0
77.30213165283203 111.0
77.84432983398438 122.0
70.53821563720703 106.0
84.7972183227539 114.0
104.79226684570312 143.0
102.39776611328125 144.0
70.5488510131836 114.0
88.38780975341797 125.0
78.6370620727539 111.0
113.60136413574219 146.0
98.03945922851562 130.0
80.13960266113281 120.0
97.08475494384766 134.0
89.28579711914062 126.0
98.6856689453125 136.0
114.29884338378906 153.0
118.69818115234375 167.0
91.95783233642578 133.0
74.97969055175781 116.0
79.19965362548828 106.0
80.09959411621094 120.0
114.2010726928711 161.0
86.09046936035156 129.0
116.42855834960938 150.0
88.77841186523438 130.0
74.72277069091797 110.0
85.60578918457031 127.0
94.58712005615234 126.0
102.33518981933594 134.0
116.83839416503906 144.0
75.79647064208984 114.0
64.70020294189453 111.0
86.23058319091797 134.0
90.24028015136719 128.0
116.09781646728516 158.0
74.89246368408203 110.0
114.09274291992188 153.0
98.0120849609375 149.0
116.71144104003906 162.0
88.93207550048828 132.0
82.96875762939453 117.0
73.26229095458984 122.0
141.66262817382812 159.0
111.13618469238281 126.0
128.4437255859375 154.0
109.43328857421875 132.0
100.70821380615234 124.0
88.30091857910156 112.0
99.19824981689453 119.0
115.96865844726562 139.0
155.8515625 167.0
113.26455688476562 135.0
145.42630004882812 160.0
105.37486267089844 122.0
104.90618133544922 118.0
154.6369171142578 176.0
157.60926818847656 169.0
101.78636169433594 127.0
105.37889099121094 134.0
97.34088897705078 121.0
97.71670532226562 122.0
101.11920928955078 128.0
135.75119018554688 154.0
100.68247985839844 108.0
150.10906982421875 155.0
145.35958862304688 167.0
100.95555114746094 130.0
105.99838256835938 115.0
167.90467834472656 167.0
121.4722900390625 148.0
145.7705535888672 171.0
93.59623718261719 111.0
93.06507873535156 122.0
87.15184783935547 106.0
100.38807678222656 114.0
129.52496337890625 143.0
130.668701171875 144.0
82.94969940185547 114.0
101.21726989746094 125.0
94.99444580078125 111.0
147.0345916748047 146.0
121.53602600097656 130.0
97.31629943847656 120.0
121.18901824951172 134.0
103.85111999511719 126.0
117.00732421875 136.0
146.18374633789062 153.0
146.53024291992188 167.0
110.27609252929688 133.0
90.66278076171875 116.0
99.3246841430664 106.0
99.98103332519531 120.0
143.21800231933594 161.0
95.65790557861328 129.0
127.44404602050781 150.0
108.47262573242188 130.0
92.65689086914062 110.0
99.58592224121094 127.0
109.2249755859375 126.0
121.14141082763672 134.0
137.62689208984375 144.0
90.87104034423828 114.0
76.41837310791016 111.0
108.00310516357422 134.0
112.84561920166016 128.0
131.64715576171875 158.0
90.36566925048828 110.0
149.4580078125 153.0
119.6874771118164 149.0
139.8059539794922 162.0
109.98662567138672 132.0
96.95247650146484 117.0
71.55286407470703 122.0
165.11453247070312 159.0
120.48760223388672 126.0
141.67340087890625 154.0
120.18058013916016 132.0
108.6170654296875 124.0
106.89788818359375 112.0
120.09981536865234 119.0
125.096923828125 139.0
161.89602661132812 167.0
121.93684387207031 135.0
147.08485412597656 160.0
113.20148468017578 122.0
115.14790344238281 118.0
166.10696411132812 176.0
161.97740173339844 169.0
119.0792236328125 127.0
135.04832458496094 134.0
110.25283813476562 121.0
113.27173614501953 122.0
124.03730773925781 128.0
152.87472534179688 154.0
109.33609008789062 108.0
157.2288055419922 155.0
158.5496826171875 167.0
125.3597412109375 130.0
116.9590835571289 115.0
163.7421417236328 167.0
135.44009399414062 148.0
157.54510498046875 171.0
104.54582214355469 111.0
108.81501770019531 122.0
103.69782257080078 106.0
112.43095397949219 114.0
137.01699829101562 143.0
143.70855712890625 144.0
101.19343566894531 114.0
118.82075500488281 125.0
112.54229736328125 111.0
146.6470947265625 146.0
129.5985565185547 130.0
111.05413055419922 120.0
130.71865844726562 134.0
118.14470672607422 126.0
132.97821044921875 136.0
146.33168029785156 153.0
158.66159057617188 167.0
130.7079620361328 133.0
110.01494598388672 116.0
111.54682159423828 106.0
112.63508605957031 120.0
148.59307861328125 161.0
112.76249694824219 129.0
142.30935668945312 150.0
129.64639282226562 130.0
102.96184539794922 110.0
114.65436553955078 127.0
125.93152618408203 126.0
134.92288208007812 134.0
145.9072265625 144.0
108.62073516845703 114.0
96.51044464111328 111.0
118.57002258300781 134.0
129.17605590820312 128.0
153.90672302246094 158.0
112.97618103027344 110.0
149.1275634765625 153.0
143.69264221191406 149.0
157.4625701904297 162.0
128.7257537841797 132.0
109.31768798828125 117.0
100.98513793945312 122.0
168.13595581054688 159.0
123.04090881347656 126.0
144.1640167236328 154.0
122.62908935546875 132.0
111.33219146728516 124.0
110.72347259521484 112.0
121.67384338378906 119.0
132.1330108642578 139.0
165.387939453125 167.0
125.3572006225586 135.0
153.7248992919922 160.0
115.13204956054688 122.0
118.09733581542969 118.0
169.8941650390625 176.0
165.10610961914062 169.0
122.341064453125 127.0
135.78884887695312 134.0
111.3734130859375 121.0
117.0566177368164 122.0
126.11257934570312 128.0
157.25717163085938 154.0
111.84492492675781 108.0
160.99290466308594 155.0
162.3023223876953 167.0
127.11997985839844 130.0
119.09527587890625 115.0
167.48904418945312 167.0
139.56692504882812 148.0
161.37368774414062 171.0
109.34905242919922 111.0
111.09393310546875 122.0
107.37403869628906 106.0
115.35472106933594 114.0
141.07028198242188 143.0
146.8292694091797 144.0
104.12747192382812 114.0
123.82464599609375 125.0
115.83260345458984 111.0
149.35885620117188 146.0
132.40835571289062 130.0
113.07289123535156 120.0
133.36264038085938 134.0
120.72195434570312 126.0
134.416259765625 136.0
151.09341430664062 153.0
164.4863739013672 167.0
132.92398071289062 133.0
113.77334594726562 116.0
113.01791381835938 106.0
113.9937515258789 120.0
151.78497314453125 161.0
114.32032012939453 129.0
144.44178771972656 150.0
130.4161376953125 130.0
105.17912292480469 110.0
116.437744140625 127.0
127.38201904296875 126.0
138.48561096191406 134.0
150.3222198486328 144.0
111.32467651367188 114.0
101.22586822509766 111.0
121.86751556396484 134.0
132.26193237304688 128.0
157.76376342773438 158.0
114.96592712402344 110.0
151.68881225585938 153.0
145.4956817626953 149.0
162.39645385742188 162.0
130.0379638671875 132.0
111.25504302978516 117.0
106.74209594726562 122.0
168.4468231201172 159.0
124.57768249511719 126.0
144.00851440429688 154.0
123.33893585205078 132.0
112.04341888427734 124.0
112.98480987548828 112.0
122.7571029663086 119.0
132.88499450683594 139.0
164.71786499023438 167.0
125.34149932861328 135.0
154.485595703125 160.0
114.67839050292969 122.0
118.64564514160156 118.0
172.4354705810547 176.0
165.25039672851562 169.0
122.71147155761719 127.0
136.94888305664062 134.0
113.54264831542969 121.0
119.6202621459961 122.0
126.88937377929688 128.0
156.63523864746094 154.0
112.24018859863281 108.0
160.99249267578125 155.0
163.40028381347656 167.0
127.68495178222656 130.0
118.10215759277344 115.0
167.8135223388672 167.0
140.8714599609375 148.0
162.5030517578125 171.0
109.89617919921875 111.0
112.16232299804688 122.0
107.03630065917969 106.0
116.8109130859375 114.0
140.66273498535156 143.0
146.48252868652344 144.0
106.60990142822266 114.0
127.54853057861328 125.0
116.23133850097656 111.0
149.27366638183594 146.0
132.3120574951172 130.0
114.28992462158203 120.0
132.7146759033203 134.0
123.64320373535156 126.0
135.03211975097656 136.0
151.61407470703125 153.0
164.4246826171875 167.0
134.5424346923828 133.0
114.61776733398438 116.0
112.46199798583984 106.0
114.85846710205078 120.0
151.244140625 161.0
116.80213165283203 129.0
144.92623901367188 150.0
130.64315795898438 130.0
106.24757385253906 110.0
118.45147705078125 127.0
129.4508514404297 126.0
142.44154357910156 134.0
151.67002868652344 144.0
114.15198516845703 114.0
102.50372314453125 111.0
121.95882415771484 134.0
133.29327392578125 128.0
156.75851440429688 158.0
116.5826416015625 110.0
152.66311645507812 153.0
146.8019256591797 149.0
162.6244354248047 162.0
130.62149047851562 132.0
112.66761779785156 117.0
112.17716217041016 122.0
156.37049865722656 159.0
115.49917602539062 126.0
133.0393524169922 154.0
114.8987045288086 132.0
104.44707489013672 124.0
101.28316497802734 112.0
110.44940185546875 119.0
124.16545867919922 139.0
155.392578125 167.0
116.0419692993164 135.0
146.43763732910156 160.0
106.0329818725586 122.0
109.66382598876953 118.0
160.55230712890625 176.0
154.55853271484375 169.0
111.07691955566406 127.0
122.44682312011719 134.0
104.16128540039062 121.0
107.70811462402344 122.0
113.66455078125 128.0
146.88809204101562 154.0
103.32710266113281 108.0
150.90850830078125 155.0
150.38998413085938 167.0
116.28546142578125 130.0
108.94081115722656 115.0
160.8822479248047 167.0
132.1520233154297 148.0
150.7708740234375 171.0
101.80369567871094 111.0
102.53213500976562 122.0
97.33797454833984 106.0
108.02410888671875 114.0
131.5791015625 143.0
135.19757080078125 144.0
94.26437377929688 114.0
113.51016235351562 125.0
105.16949462890625 111.0
140.75213623046875 146.0
123.00411987304688 130.0
103.68621826171875 120.0
123.17466735839844 134.0
112.09000396728516 126.0
125.03201293945312 136.0
143.9707489013672 153.0
153.87188720703125 167.0
121.09811401367188 133.0
101.95976257324219 116.0
102.67338562011719 106.0
104.72942352294922 120.0
142.4697265625 161.0
106.45396423339844 129.0
135.3249969482422 150.0
119.98473358154297 130.0
97.12367248535156 110.0
107.28160095214844 127.0
118.85303497314453 126.0
128.48785400390625 134.0
140.75808715820312 144.0
101.21284484863281 114.0
91.82260131835938 111.0
112.86136627197266 134.0
120.67996215820312 128.0
145.99826049804688 158.0
104.11785125732422 110.0
144.99684143066406 153.0
133.08946228027344 149.0
152.28721618652344 162.0
118.62919616699219 132.0
104.00226593017578 117.0
97.58854675292969 122.0
153.3224639892578 159.0
114.38388061523438 126.0
130.80108642578125 154.0
112.68849182128906 132.0
103.64990234375 124.0
102.95841979980469 112.0
109.99026489257812 119.0
120.23373413085938 139.0
149.1616973876953 167.0
114.39179229736328 135.0
140.20021057128906 160.0
103.9577407836914 122.0
108.7422103881836 118.0
154.4176788330078 176.0
149.48399353027344 169.0
111.49156951904297 127.0
123.02566528320312 134.0
105.6927490234375 121.0
109.34329986572266 122.0
115.30635833740234 128.0
143.2135467529297 154.0
101.2000732421875 108.0
145.3851318359375 155.0
149.59144592285156 167.0
116.47349548339844 130.0
106.44551849365234 115.0
155.04641723632812 167.0
129.0484619140625 148.0
147.94326782226562 171.0
101.034423828125 111.0
102.29927825927734 122.0
96.8692398071289 106.0
106.7304916381836 114.0
128.12892150878906 143.0
133.101318359375 144.0
95.6376724243164 114.0
114.93321228027344 125.0
103.88020324707031 111.0
136.691650390625 146.0
120.2083511352539 130.0
102.56751251220703 120.0
119.75338745117188 134.0
113.77436828613281 126.0
124.87165832519531 136.0
138.98150634765625 153.0
148.59738159179688 167.0
120.77354431152344 133.0
102.48431396484375 116.0
100.2074203491211 106.0
103.6642837524414 120.0
137.88034057617188 161.0
107.81863403320312 129.0
134.10531616210938 150.0
119.04537200927734 130.0
95.69532012939453 110.0
109.12632751464844 127.0
118.22827911376953 126.0
130.68130493164062 134.0
141.6614990234375 144.0
101.54644012451172 114.0
90.83151245117188 111.0
111.25945281982422 134.0
120.18954467773438 128.0
143.01747131347656 158.0
104.5560073852539 110.0
139.9452667236328 153.0
133.0275115966797 149.0
147.43905639648438 162.0
116.80005645751953 132.0
104.35720825195312 117.0
99.6663589477539 122.0
177.96890258789062 159.0
127.48882293701172 126.0
150.48968505859375 154.0
127.69915771484375 132.0
116.84268188476562 124.0
115.57701110839844 112.0
129.2892608642578 119.0
135.69818115234375 139.0
173.3240203857422 167.0
130.0738525390625 135.0
157.326416015625 160.0
120.2044906616211 122.0
122.36085510253906 118.0
180.083251953125 176.0
172.3142547607422 169.0
126.87040710449219 127.0
145.9661102294922 134.0
119.3382568359375 121.0
122.09426879882812 122.0
133.59896850585938 128.0
164.1096954345703 154.0
117.11552429199219 108.0
168.5874481201172 155.0
169.442138671875 167.0
135.7301788330078 130.0
124.02635192871094 115.0
175.9626007080078 167.0
147.7204132080078 148.0
167.3405303955078 171.0
112.2123794555664 111.0
116.53020477294922 122.0
109.70706939697266 106.0
120.26644897460938 114.0
147.3570098876953 143.0
152.67918395996094 144.0
107.90467834472656 114.0
126.71492004394531 125.0
120.71111297607422 111.0
156.18826293945312 146.0
138.5370330810547 130.0
117.84424591064453 120.0
137.9286346435547 134.0
127.08685302734375 126.0
142.16537475585938 136.0
156.8607177734375 153.0
171.78167724609375 167.0
139.8499755859375 133.0
117.7371826171875 116.0
118.67689514160156 106.0
119.79638671875 120.0
158.19529724121094 161.0
121.14215087890625 129.0
154.94369506835938 150.0
141.32666015625 130.0
109.79550170898438 110.0
122.5998306274414 127.0
134.21388244628906 126.0
144.07907104492188 134.0
157.0650634765625 144.0
117.9282455444336 114.0
103.37399291992188 111.0
126.105712890625 134.0
136.90811157226562 128.0
166.26173400878906 158.0
122.9120864868164 110.0
158.80099487304688 153.0
153.1690216064453 149.0
168.55966186523438 162.0
137.1729736328125 132.0
117.66252136230469 117.0
108.76632690429688 122.0
177.181884765625 159.0
129.529296875 126.0
150.74908447265625 154.0
129.1252899169922 132.0
119.24356079101562 124.0
118.05463409423828 112.0
129.76187133789062 119.0
140.22821044921875 139.0
174.4147491455078 167.0
132.6518096923828 135.0
161.8171844482422 160.0
121.21221923828125 122.0
124.96212768554688 118.0
180.68243408203125 176.0
173.71017456054688 169.0
128.57913208007812 127.0
145.99778747558594 134.0
119.04450988769531 121.0
124.64905548095703 122.0
134.55934143066406 128.0
166.67526245117188 154.0
117.59661102294922 108.0
169.9187774658203 155.0
170.24285888671875 167.0
135.7445831298828 130.0
124.83111572265625 115.0
177.45480346679688 167.0
149.00973510742188 148.0
169.7252197265625 171.0
116.01990509033203 111.0
118.81069946289062 122.0
114.64147186279297 106.0
122.41234588623047 114.0
149.01036071777344 143.0
154.33140563964844 144.0
111.07404327392578 114.0
130.41744995117188 125.0
123.06103515625 111.0
156.86029052734375 146.0
140.04295349121094 130.0
119.3793716430664 120.0
138.58680725097656 134.0
128.9326171875 126.0
141.9853057861328 136.0
158.90399169921875 153.0
173.57577514648438 167.0
140.31251525878906 133.0
120.55766296386719 116.0
118.52759552001953 106.0
120.43731689453125 120.0
159.78530883789062 161.0
121.4049301147461 129.0
152.0995635986328 150.0
138.94757080078125 130.0
111.08989715576172 110.0
123.03103637695312 127.0
134.45968627929688 126.0
145.90435791015625 134.0
158.33541870117188 144.0
120.12788391113281 114.0
108.33499145507812 111.0
128.9188690185547 134.0
138.87313842773438 128.0
166.2688751220703 158.0
123.6257095336914 110.0
160.59942626953125 153.0
153.95297241210938 149.0
172.5531005859375 162.0
138.5194549560547 132.0
118.51984405517578 117.0
113.84867858886719 122.0
173.84344482421875 159.0
125.95117950439453 126.0
147.38623046875 154.0
125.43338012695312 132.0
116.03508758544922 124.0
114.78788757324219 112.0
126.68754577636719 119.0
135.42306518554688 139.0
169.11117553710938 167.0
128.99363708496094 135.0
157.58602905273438 160.0
118.075439453125 122.0
121.49542999267578 118.0
181.23268127441406 176.0
169.35308837890625 169.0
125.38487243652344 127.0
142.83670043945312 134.0
116.70054626464844 121.0
121.53783416748047 122.0
131.70523071289062 128.0
162.86903381347656 154.0
114.35209655761719 108.0
165.2847137451172 155.0
164.8751220703125 167.0
133.8432159423828 130.0
121.39744567871094 115.0
173.63795471191406 167.0
145.11685180664062 148.0
165.5467987060547 171.0
112.57078552246094 111.0
115.93759155273438 122.0
111.0445327758789 106.0
118.67178344726562 114.0
144.27154541015625 143.0
150.54147338867188 144.0
106.75485229492188 114.0
125.70184326171875 125.0
118.26736450195312 111.0
153.13966369628906 146.0
136.5161895751953 130.0
116.4501724243164 120.0
134.3377227783203 134.0
125.9793930053711 126.0
138.8248748779297 136.0
155.33688354492188 153.0
171.51611328125 167.0
136.99191284179688 133.0
115.80985260009766 116.0
114.86446380615234 106.0
117.2179183959961 120.0
154.93568420410156 161.0
118.40473175048828 129.0
149.61248779296875 150.0
138.90806579589844 130.0
107.80438232421875 110.0
119.7291030883789 127.0
131.19512939453125 126.0
141.46011352539062 134.0
153.595458984375 144.0
118.1080551147461 114.0
104.99403381347656 111.0
124.79393005371094 134.0
134.95196533203125 128.0
161.89407348632812 158.0
121.0177993774414 110.0
156.66241455078125 153.0
150.46034240722656 149.0
167.63099670410156 162.0
134.3365936279297 132.0
115.7875747680664 117.0
110.02871704101562 122.0
161.96475219726562 159.0
117.57420349121094 126.0
138.3126220703125 154.0
118.0571517944336 132.0
106.57807922363281 124.0
104.98316955566406 112.0
115.80528259277344 119.0
129.21975708007812 139.0
160.51724243164062 167.0
120.65348052978516 135.0
149.359375 160.0
110.60435485839844 122.0
113.45388793945312 118.0
166.9259796142578 176.0
160.49209594726562 169.0
117.41959381103516 127.0
129.15231323242188 134.0
108.2626724243164 121.0
111.66439819335938 122.0
119.90284729003906 128.0
152.96337890625 154.0
106.99384307861328 108.0
156.8740692138672 155.0
156.7312774658203 167.0
122.58836364746094 130.0
113.86493682861328 115.0
164.9150390625 167.0
137.10400390625 148.0
155.99923706054688 171.0
105.27198028564453 111.0
106.08242797851562 122.0
101.16776275634766 106.0
111.4155502319336 114.0
137.52706909179688 143.0
141.34014892578125 144.0
100.0157241821289 114.0
119.17962646484375 125.0
110.24755096435547 111.0
145.48414611816406 146.0
126.70927429199219 130.0
107.70150756835938 120.0
127.01927185058594 134.0
116.42955017089844 126.0
129.0378875732422 136.0
147.44215393066406 153.0
158.3887939453125 167.0
125.15519714355469 133.0
109.49942016601562 116.0
107.4870834350586 106.0
109.54419708251953 120.0
148.5419921875 161.0
110.98206329345703 129.0
140.7283172607422 150.0
124.82875061035156 130.0
100.41917419433594 110.0
112.21559143066406 127.0
122.61543273925781 126.0
134.1754913330078 134.0
146.22445678710938 144.0
106.54736328125 114.0
96.22572326660156 111.0
117.09442138671875 134.0
126.32337951660156 128.0
150.6290283203125 158.0
109.07012939453125 110.0
148.79489135742188 153.0
139.18975830078125 149.0
157.52980041503906 162.0
123.12012481689453 132.0
107.52458190917969 117.0
103.3194808959961 122.0
181.43359375 159.0
133.42906188964844 126.0
156.2306365966797 154.0
131.4928741455078 132.0
120.71146392822266 124.0
119.55387878417969 112.0
131.90890502929688 119.0
140.36143493652344 139.0
177.0541229248047 167.0
134.912353515625 135.0
160.5910186767578 160.0
123.78152465820312 122.0
126.93073272705078 118.0
178.7880859375 176.0
176.04566955566406 169.0
132.69085693359375 127.0
149.90914916992188 134.0
119.83861541748047 121.0
126.42552185058594 122.0
138.45797729492188 128.0
170.13023376464844 154.0
120.04773712158203 108.0
172.2423553466797 155.0
173.2146759033203 167.0
137.79725646972656 130.0
126.23544311523438 115.0
175.82763671875 167.0
149.91932678222656 148.0
173.88931274414062 171.0
117.23165893554688 111.0
120.12016296386719 122.0
114.71636962890625 106.0
124.9418716430664 114.0
151.26361083984375 143.0
159.48863220214844 144.0
113.81063842773438 114.0
133.2052764892578 125.0
124.22381591796875 111.0
157.2449951171875 146.0
142.14715576171875 130.0
122.91520690917969 120.0
141.83335876464844 134.0
129.69290161132812 126.0
143.7392120361328 136.0
158.32359313964844 153.0
171.47647094726562 167.0
143.60952758789062 133.0
124.50214385986328 116.0
120.6274185180664 106.0
124.12483978271484 120.0
161.7349090576172 161.0
122.5537109375 129.0
156.00445556640625 150.0
142.17636108398438 130.0
113.86640930175781 110.0
125.94223022460938 127.0
136.869384765625 126.0
148.46730041503906 134.0
159.84579467773438 144.0
122.84376525878906 114.0
108.82980346679688 111.0
130.97201538085938 134.0
145.04837036132812 128.0
168.63902282714844 158.0
126.5825424194336 110.0
159.69281005859375 153.0
160.34112548828125 149.0
175.195068359375 162.0
140.1568145751953 132.0
119.18461608886719 117.0
117.04247283935547 122.0
161.48069763183594 159.0
119.64531707763672 126.0
138.75384521484375 154.0
118.71546173095703 132.0
108.02313232421875 124.0
105.568115234375 112.0
115.64574432373047 119.0
129.5255584716797 139.0
159.2845458984375 167.0
120.38284301757812 135.0
151.2632598876953 160.0
109.98140716552734 122.0
113.77308654785156 118.0
170.2374725341797 176.0
159.740478515625 169.0
117.26480865478516 127.0
127.72135925292969 134.0
108.2994384765625 121.0
113.28768157958984 122.0
119.58914947509766 128.0
151.92022705078125 154.0
107.38981628417969 108.0
155.65081787109375 155.0
156.1805877685547 167.0
121.17646789550781 130.0
112.96650695800781 115.0
164.83935546875 167.0
137.03672790527344 148.0
155.50201416015625 171.0
106.80927276611328 111.0
106.2187728881836 122.0
101.28900909423828 106.0
112.02177429199219 114.0
136.18316650390625 143.0
140.96307373046875 144.0
99.35997009277344 114.0
118.42911529541016 125.0
109.57857513427734 111.0
144.4414520263672 146.0
126.19403076171875 130.0
108.41603088378906 120.0
126.78591918945312 134.0
118.03702545166016 126.0
128.50848388671875 136.0
147.87026977539062 153.0
161.09454345703125 167.0
125.96273040771484 133.0
108.79564666748047 116.0
107.31635284423828 106.0
109.3154525756836 120.0
146.65255737304688 161.0
110.79914093017578 129.0
140.7274627685547 150.0
126.02813720703125 130.0
101.23436737060547 110.0
112.8499526977539 127.0
122.72370147705078 126.0
133.5068359375 134.0
146.4756317138672 144.0
107.53047180175781 114.0
97.54476928710938 111.0
118.03802490234375 134.0
127.11466979980469 128.0
150.24288940429688 158.0
110.14622497558594 110.0
147.95127868652344 153.0
140.427978515625 149.0
157.2361297607422 162.0
122.1962890625 132.0
108.11458587646484 117.0
102.30976104736328 122.0
165.45425415039062 159.0
122.44192504882812 126.0
141.649169921875 154.0
120.73283386230469 132.0
111.00859832763672 124.0
110.07421112060547 112.0
120.08563995361328 119.0
131.66676330566406 139.0
161.864501953125 167.0
122.88273620605469 135.0
152.5164337158203 160.0
112.45970153808594 122.0
116.05982971191406 118.0
170.61329650878906 176.0
161.80650329589844 169.0
119.46257019042969 127.0
131.96517944335938 134.0
110.43218994140625 121.0
116.55280303955078 122.0
122.6515121459961 128.0
153.7724609375 154.0
110.02127838134766 108.0
157.87240600585938 155.0
159.19113159179688 167.0
124.09709930419922 130.0
116.236328125 115.0
166.0276641845703 167.0
138.07273864746094 148.0
159.8633575439453 171.0
109.45984649658203 111.0
109.11480712890625 122.0
105.10314178466797 106.0
114.33745574951172 114.0
138.4326629638672 143.0
143.83905029296875 144.0
102.73585510253906 114.0
122.87964630126953 125.0
113.3584976196289 111.0
147.03482055664062 146.0
130.1458282470703 130.0
111.95547485351562 120.0
129.41795349121094 134.0
120.25250244140625 126.0
131.6922607421875 136.0
149.26466369628906 153.0
163.05313110351562 167.0
130.07235717773438 133.0
111.36094665527344 116.0
109.04834747314453 106.0
112.26239776611328 120.0
148.76388549804688 161.0
113.79862976074219 129.0
141.085693359375 150.0
127.76094055175781 130.0
102.56980895996094 110.0
114.42737579345703 127.0
124.6026611328125 126.0
137.56851196289062 134.0
149.666015625 144.0
112.396240234375 114.0
100.51404571533203 111.0
119.69206237792969 134.0
130.05775451660156 128.0
153.949951171875 158.0
113.26187896728516 110.0
150.6901397705078 153.0
142.73513793945312 149.0
160.2731475830078 162.0
126.38143920898438 132.0
109.7417221069336 117.0
108.567626953125 122.0
175.66893005371094 159.0
126.22213745117188 126.0
147.42576599121094 154.0
125.84751892089844 132.0
116.13088989257812 124.0
113.83906555175781 112.0
126.83517456054688 119.0
138.28277587890625 139.0
172.08663940429688 167.0
131.49191284179688 135.0
157.7479705810547 160.0
119.676513671875 122.0
122.26866912841797 118.0
174.37088012695312 176.0
170.09486389160156 169.0
126.33296966552734 127.0
140.07452392578125 134.0
113.91061401367188 121.0
120.52127075195312 122.0
130.1956787109375 128.0
166.09129333496094 154.0
115.53742980957031 108.0
167.1503448486328 155.0
166.7161407470703 167.0
131.548095703125 130.0
121.89835357666016 115.0
172.42506408691406 167.0
146.80465698242188 148.0
168.72947692871094 171.0
113.15084075927734 111.0
116.12879180908203 122.0
112.35443115234375 106.0
119.94451904296875 114.0
146.7285614013672 143.0
151.70645141601562 144.0
108.63623046875 114.0
128.41717529296875 125.0
119.42170715332031 111.0
153.49862670898438 146.0
137.90338134765625 130.0
116.7088851928711 120.0
136.31832885742188 134.0
124.93858337402344 126.0
137.004638671875 136.0
155.80455017089844 153.0
167.17816162109375 167.0
136.09259033203125 133.0
118.2092056274414 116.0
115.37628936767578 106.0
117.1604232788086 120.0
157.0648956298828 161.0
117.1199951171875 129.0
150.6193084716797 150.0
134.53189086914062 130.0
107.87686157226562 110.0
117.84869384765625 127.0
130.1552276611328 126.0
141.03712463378906 134.0
154.5935516357422 144.0
117.92488098144531 114.0
105.99766540527344 111.0
125.26836395263672 134.0
135.77017211914062 128.0
163.049560546875 158.0
119.70220947265625 110.0
157.0540771484375 153.0
148.68345642089844 149.0
172.32290649414062 162.0
132.4866485595703 132.0
113.83512115478516 117.0
113.77337646484375 122.0
164.6676483154297 159.0
119.20217895507812 126.0
138.39724731445312 154.0
118.02494812011719 132.0
109.8952407836914 124.0
107.70388793945312 112.0
117.77146911621094 119.0
128.1082763671875 139.0
159.54751586914062 167.0
121.7298355102539 135.0
147.72344970703125 160.0
110.17533874511719 122.0
114.60662841796875 118.0
167.8838653564453 176.0
158.56930541992188 169.0
118.25806427001953 127.0
131.75624084472656 134.0
112.20829772949219 121.0
114.49473571777344 122.0
122.43478393554688 128.0
154.31353759765625 154.0
107.53282165527344 108.0
155.13333129882812 155.0
158.44943237304688 167.0
125.01048278808594 130.0
113.78457641601562 115.0
163.67465209960938 167.0
137.73130798339844 148.0
156.01548767089844 171.0
106.60386657714844 111.0
109.18692016601562 122.0
102.88070678710938 106.0
112.0320816040039 114.0
136.35382080078125 143.0
141.5214080810547 144.0
101.67829895019531 114.0
119.97887420654297 125.0
111.66996002197266 111.0
144.23074340820312 146.0
127.40837097167969 130.0
109.19300842285156 120.0
126.31427001953125 134.0
120.09993743896484 126.0
131.13938903808594 136.0
146.52835083007812 153.0
160.4638671875 167.0
127.22477722167969 133.0
109.45691680908203 116.0
107.5916519165039 106.0
110.01765441894531 120.0
146.1903076171875 161.0
112.66966247558594 129.0
142.4497528076172 150.0
127.92745208740234 130.0
101.32371520996094 110.0
112.68010711669922 127.0
123.996337890625 126.0
136.4136962890625 134.0
149.85421752929688 144.0
109.06985473632812 114.0
98.8171157836914 111.0
117.93643188476562 134.0
126.07682800292969 128.0
153.30047607421875 158.0
111.99525451660156 110.0
147.50962829589844 153.0
140.12286376953125 149.0
158.71194458007812 162.0
125.47042846679688 132.0
109.98314666748047 117.0
103.42831420898438 122.0
174.170166015625 159.0
127.6581039428711 126.0
148.99484252929688 154.0
126.64224243164062 132.0
117.20084381103516 124.0
113.35953521728516 112.0
127.4366455078125 119.0
135.09500122070312 139.0
170.54782104492188 167.0
128.5731658935547 135.0
156.5156707763672 160.0
118.93160247802734 122.0
123.26052856445312 118.0
179.3121337890625 176.0
170.21182250976562 169.0
126.68331146240234 127.0
142.24258422851562 134.0
118.16329956054688 121.0
120.85302734375 122.0
132.09002685546875 128.0
163.3995361328125 154.0
115.50410461425781 108.0
165.9036102294922 155.0
165.4297637939453 167.0
133.42091369628906 130.0
122.43096923828125 115.0
175.4129180908203 167.0
145.86642456054688 148.0
165.01597595214844 171.0
112.79185485839844 111.0
116.02261352539062 122.0
109.00917053222656 106.0
119.63341522216797 114.0
146.2704315185547 143.0
152.98193359375 144.0
108.73704528808594 114.0
126.90666198730469 125.0
118.05683135986328 111.0
154.71168518066406 146.0
137.46446228027344 130.0
116.69071197509766 120.0
135.9817657470703 134.0
126.83626556396484 126.0
139.86984252929688 136.0
155.6379852294922 153.0
169.69601440429688 167.0
136.52589416503906 133.0
117.84979248046875 116.0
116.07456970214844 106.0
119.01953125 120.0
156.7772216796875 161.0
119.01557922363281 129.0
152.01361083984375 150.0
138.56546020507812 130.0
109.17481994628906 110.0
120.53973388671875 127.0
132.13717651367188 126.0
142.67649841308594 134.0
156.34519958496094 144.0
117.26700592041016 114.0
103.98817443847656 111.0
126.31210327148438 134.0
135.87306213378906 128.0
161.8944549560547 158.0
120.45067596435547 110.0
157.31289672851562 153.0
150.68833923339844 149.0
167.34771728515625 162.0
134.52882385253906 132.0
116.69649505615234 117.0
109.19800567626953 122.0
165.41567993164062 159.0
120.40118408203125 126.0
140.83428955078125 154.0
119.67195892333984 132.0
109.6844253540039 124.0
103.91761779785156 112.0
117.33418273925781 119.0
128.08926391601562 139.0
163.6917724609375 167.0
121.95330047607422 135.0
149.13807678222656 160.0
111.459228515625 122.0
114.70518493652344 118.0
169.05860900878906 176.0
161.8814697265625 169.0
117.28767395019531 127.0
131.4576873779297 134.0
109.18880462646484 121.0
111.3408203125 122.0
122.51482391357422 128.0
154.24444580078125 154.0
107.74703216552734 108.0
158.56895446777344 155.0
158.99559020996094 167.0
123.85858154296875 130.0
114.3108139038086 115.0
167.23779296875 167.0
138.3357696533203 148.0
157.72317504882812 171.0
105.54866790771484 111.0
106.65215301513672 122.0
100.55537414550781 106.0
112.25952911376953 114.0
139.53469848632812 143.0
143.37075805664062 144.0
99.5123291015625 114.0
117.09562683105469 125.0
110.45967864990234 111.0
147.547607421875 146.0
127.56148529052734 130.0
109.30508422851562 120.0
127.41490173339844 134.0
116.79838562011719 126.0
132.4213104248047 136.0
148.7949981689453 153.0
160.3848419189453 167.0
126.00442504882812 133.0
108.35675811767578 116.0
108.45895385742188 106.0
110.98326110839844 120.0
149.97222900390625 161.0
112.14508819580078 129.0
142.54608154296875 150.0
127.93817138671875 130.0
101.8095474243164 110.0
113.04389953613281 127.0
124.3704833984375 126.0
133.0653839111328 134.0
147.9600830078125 144.0
107.78025817871094 114.0
95.99264526367188 111.0
118.79325103759766 134.0
127.16413116455078 128.0
153.9703369140625 158.0
111.3975601196289 110.0
149.86483764648438 153.0
141.34710693359375 149.0
159.29470825195312 162.0
125.30712890625 132.0
109.25069427490234 117.0
97.72335052490234 122.0
175.75051879882812 159.0
126.60700988769531 126.0
149.9426727294922 154.0
126.7332763671875 132.0
116.15821838378906 124.0
112.07931518554688 112.0
127.34182739257812 119.0
136.0059814453125 139.0
173.18006896972656 167.0
130.0926055908203 135.0
159.7635498046875 160.0
119.19789123535156 122.0
121.4169692993164 118.0
180.49261474609375 176.0
173.60067749023438 169.0
125.63661193847656 127.0
143.90927124023438 134.0
115.97784423828125 121.0
119.776611328125 122.0
132.5703582763672 128.0
164.33985900878906 154.0
116.16777038574219 108.0
168.31982421875 155.0
169.4229736328125 167.0
133.40052795410156 130.0
123.92182159423828 115.0
178.7269287109375 167.0
145.2118682861328 148.0
168.3067626953125 171.0
111.04834747314453 111.0
113.88616180419922 122.0
108.69547271728516 106.0
119.00057983398438 114.0
147.291259765625 143.0
153.4160614013672 144.0
105.62648010253906 114.0
124.65960693359375 125.0
119.6170654296875 111.0
157.45010375976562 146.0
137.85626220703125 130.0
117.29766082763672 120.0
137.54901123046875 134.0
125.82958221435547 126.0
139.54083251953125 136.0
158.02459716796875 153.0
171.7579345703125 167.0
138.34425354003906 133.0
115.70185852050781 116.0
118.43416595458984 106.0
118.76634216308594 120.0
158.04342651367188 161.0
118.58369445800781 129.0
149.33779907226562 150.0
139.90252685546875 130.0
108.20542907714844 110.0
120.1976318359375 127.0
131.33299255371094 126.0
140.55340576171875 134.0
155.16571044921875 144.0
116.44003295898438 114.0
102.16693115234375 111.0
125.9578628540039 134.0
135.8731689453125 128.0
163.5028533935547 158.0
120.51788330078125 110.0
161.0738983154297 153.0
152.680908203125 149.0
168.93638610839844 162.0
135.42633056640625 132.0
115.68826293945312 117.0
105.68372344970703 122.0
160.33685302734375 159.0
120.3162841796875 126.0
138.5867919921875 154.0
118.88252258300781 132.0
109.34446716308594 124.0
105.26718139648438 112.0
117.22933959960938 119.0
127.74105072021484 139.0
158.5225830078125 167.0
120.06192016601562 135.0
148.62289428710938 160.0
110.16748046875 122.0
114.42002868652344 118.0
165.0691375732422 176.0
157.91920471191406 169.0
116.69780731201172 127.0
128.00718688964844 134.0
108.90068054199219 121.0
112.2615737915039 122.0
119.91807556152344 128.0
150.92816162109375 154.0
107.63241577148438 108.0
153.42929077148438 155.0
156.05303955078125 167.0
121.49112701416016 130.0
113.98846435546875 115.0
164.65322875976562 167.0
135.30096435546875 148.0
155.40406799316406 171.0
106.87579345703125 111.0
107.12728881835938 122.0
100.82290649414062 106.0
112.663330078125 114.0
135.7176055908203 143.0
140.8557891845703 144.0
99.8375473022461 114.0
118.44955444335938 125.0
110.07826232910156 111.0
144.68882751464844 146.0
127.95865631103516 130.0
109.1434097290039 120.0
127.26701354980469 134.0
118.18152618408203 126.0
129.746337890625 136.0
146.68994140625 153.0
158.11376953125 167.0
125.43595886230469 133.0
108.03282928466797 116.0
107.57760620117188 106.0
110.51951599121094 120.0
145.77627563476562 161.0
111.7326889038086 129.0
139.06655883789062 150.0
125.58375549316406 130.0
101.19440460205078 110.0
112.04450225830078 127.0
122.51470184326172 126.0
132.68820190429688 134.0
145.8612060546875 144.0
108.33354187011719 114.0
97.7034683227539 111.0
117.98397827148438 134.0
126.19817352294922 128.0
149.86488342285156 158.0
109.55108642578125 110.0
147.90170288085938 153.0
138.95069885253906 149.0
156.31173706054688 162.0
123.92437744140625 132.0
108.12252044677734 117.0
102.1385498046875 122.0
158.830078125 159.0
119.98178100585938 126.0
135.38002014160156 154.0
117.14707946777344 132.0
108.09262084960938 124.0
104.9269027709961 112.0
111.60978698730469 119.0
129.4187774658203 139.0
157.7863006591797 167.0
119.23582458496094 135.0
151.20838928222656 160.0
108.23382568359375 122.0
112.43898010253906 118.0
166.55670166015625 176.0
157.4602813720703 169.0
114.3035888671875 127.0
121.20134735107422 134.0
107.1722640991211 121.0
113.15837097167969 122.0
114.62007904052734 128.0
149.83963012695312 154.0
105.63716888427734 108.0
153.14529418945312 155.0
156.50765991210938 167.0
117.32106018066406 130.0
110.53131103515625 115.0
164.9991912841797 167.0
136.4017791748047 148.0
154.38174438476562 171.0
107.60757446289062 111.0
104.6203384399414 122.0
99.35395050048828 106.0
111.88846588134766 114.0
134.30575561523438 143.0
138.85556030273438 144.0
98.810302734375 114.0
119.68949890136719 125.0
107.40743255615234 111.0
143.53240966796875 146.0
125.83296203613281 130.0
105.26518249511719 120.0
124.52503967285156 134.0
117.65528869628906 126.0
127.40480041503906 136.0
148.3836669921875 153.0
157.77371215820312 167.0
122.08200073242188 133.0
106.42991638183594 116.0
103.01231384277344 106.0
106.79381561279297 120.0
145.03921508789062 161.0
110.82710266113281 129.0
138.2623748779297 150.0
119.71955871582031 130.0
98.01420593261719 110.0
111.50631713867188 127.0
121.086181640625 126.0
133.70819091796875 134.0
146.9131622314453 144.0
105.65109252929688 114.0
96.39422607421875 111.0
116.00267028808594 134.0
124.56806945800781 128.0
147.10794067382812 158.0
105.60397338867188 110.0
147.86810302734375 153.0
136.30117797851562 149.0
156.72694396972656 162.0
118.26834869384766 132.0
107.38180541992188 117.0
103.7436752319336 122.0
177.27149963378906 159.0
128.37925720214844 126.0
151.6645965576172 154.0
127.6960220336914 132.0
114.33560943603516 124.0
113.26155090332031 112.0
129.8730010986328 119.0
137.00244140625 139.0
173.33377075195312 167.0
128.28797912597656 135.0
158.01513671875 160.0
119.24842834472656 122.0
121.57685852050781 118.0
177.21438598632812 176.0
172.3173828125 169.0
127.07984161376953 127.0
144.90335083007812 134.0
115.47542572021484 121.0
120.65140533447266 122.0
133.8401641845703 128.0
162.08126831054688 154.0
115.42228698730469 108.0
168.8350067138672 155.0
167.55892944335938 167.0
132.9557342529297 130.0
123.35973358154297 115.0
174.79029846191406 167.0
145.6619873046875 148.0
168.29098510742188 171.0
112.2206039428711 111.0
112.93305969238281 122.0
107.84008026123047 106.0
119.99362182617188 114.0
147.5391082763672 143.0
155.2028045654297 144.0
106.08052062988281 114.0
126.38343811035156 125.0
117.96696472167969 111.0
156.1686248779297 146.0
136.77395629882812 130.0
117.77864074707031 120.0
137.9490966796875 134.0
126.25192260742188 126.0
140.78656005859375 136.0
155.56141662597656 153.0
167.9389190673828 167.0
139.43179321289062 133.0
117.21862030029297 116.0
117.3128433227539 106.0
120.05250549316406 120.0
159.30775451660156 161.0
119.76898193359375 129.0
150.58624267578125 150.0
139.07107543945312 130.0
108.27002716064453 110.0
121.99378204345703 127.0
132.67428588867188 126.0
141.2207794189453 134.0
152.72608947753906 144.0
118.74190521240234 114.0
103.2008285522461 111.0
126.10211944580078 134.0
139.18983459472656 128.0
164.29269409179688 158.0
121.51676940917969 110.0
158.86553955078125 153.0
156.2374267578125 149.0
167.8043212890625 162.0
134.5438690185547 132.0
115.00812530517578 117.0
108.4561767578125 122.0
168.13339233398438 159.0
123.8949203491211 126.0
144.0513153076172 154.0
122.5833740234375 132.0
112.69830322265625 124.0
110.49767303466797 112.0
122.02698516845703 119.0
131.99012756347656 139.0
165.2154998779297 167.0
124.0633544921875 135.0
152.8452911376953 160.0
114.05398559570312 122.0
118.17012023925781 118.0
171.58767700195312 176.0
164.23904418945312 169.0
121.4087142944336 127.0
135.6128387451172 134.0
112.83573913574219 121.0
117.3224105834961 122.0
126.1700668334961 128.0
156.5529327392578 154.0
110.50606536865234 108.0
160.5947265625 155.0
161.02621459960938 167.0
127.47736358642578 130.0
117.03390502929688 115.0
169.0869903564453 167.0
140.60333251953125 148.0
160.6350555419922 171.0
109.76216888427734 111.0
110.96844482421875 122.0
105.29037475585938 106.0
116.09342956542969 114.0
141.12167358398438 143.0
146.80747985839844 144.0
103.77252960205078 114.0
123.03925323486328 125.0
113.29611206054688 111.0
149.08526611328125 146.0
131.718017578125 130.0
112.16120910644531 120.0
130.72171020507812 134.0
122.19844055175781 126.0
134.77902221679688 136.0
150.9658203125 153.0
163.42303466796875 167.0
131.81338500976562 133.0
112.41159057617188 116.0
110.2743148803711 106.0
114.12566375732422 120.0
151.73802185058594 161.0
115.63359069824219 129.0
144.80157470703125 150.0
131.8398895263672 130.0
103.93276977539062 110.0
116.6844482421875 127.0
127.20805358886719 126.0
137.47824096679688 134.0
150.2124786376953 144.0
113.28724670410156 114.0
100.81645965576172 111.0
121.70215606689453 134.0
131.482666015625 128.0
156.43121337890625 158.0
115.4593734741211 110.0
152.41293334960938 153.0
146.59805297851562 149.0
162.16537475585938 162.0
128.35556030273438 132.0
112.27629852294922 117.0
106.4353256225586 122.0
164.79122924804688 159.0
121.35476684570312 126.0
140.63595581054688 154.0
120.34651184082031 132.0
110.8612289428711 124.0
108.47976684570312 112.0
118.37870788574219 119.0
129.167236328125 139.0
161.37448120117188 167.0
122.17406463623047 135.0
150.39825439453125 160.0
111.50645446777344 122.0
116.03569030761719 118.0
168.15428161621094 176.0
161.21856689453125 169.0
118.88543701171875 127.0
131.5346221923828 134.0
111.06732177734375 121.0
115.36302185058594 122.0
122.92640686035156 128.0
153.9500732421875 154.0
108.27080535888672 108.0
157.04241943359375 155.0
158.80397033691406 167.0
124.85123443603516 130.0
114.33797454833984 115.0
166.97787475585938 167.0
138.5758056640625 148.0
157.63671875 171.0
107.75676727294922 111.0
108.62004089355469 122.0
103.039794921875 106.0
114.12703704833984 114.0
137.9727020263672 143.0
143.68145751953125 144.0
101.63030242919922 114.0
120.95020294189453 125.0
111.14193725585938 111.0
146.45623779296875 146.0
129.0651397705078 130.0
108.96177673339844 120.0
127.88676452636719 134.0
120.47222900390625 126.0
132.31100463867188 136.0
148.80029296875 153.0
160.54190063476562 167.0
128.8380126953125 133.0
110.0831298828125 116.0
107.54786682128906 106.0
111.03268432617188 120.0
148.38072204589844 161.0
113.74144744873047 129.0
142.37074279785156 150.0
128.1442108154297 130.0
101.5572738647461 110.0
114.9776611328125 127.0
125.09761810302734 126.0
135.51483154296875 134.0
148.80699157714844 144.0
110.04847717285156 114.0
98.12655639648438 111.0
119.29478454589844 134.0
128.19725036621094 128.0
153.18081665039062 158.0
112.20853424072266 110.0
149.99969482421875 153.0
143.11326599121094 149.0
159.4706268310547 162.0
125.09365844726562 132.0
110.615478515625 117.0
104.22212219238281 122.0
161.2571258544922 159.0
119.15672302246094 126.0
138.75946044921875 154.0
118.39440155029297 132.0
108.97381591796875 124.0
105.78868103027344 112.0
116.2232437133789 119.0
127.63691711425781 139.0
159.41940307617188 167.0
120.23539733886719 135.0
148.56509399414062 160.0
109.60064697265625 122.0
113.79619598388672 118.0
165.46133422851562 176.0
158.98117065429688 169.0
116.2884292602539 127.0
129.0398712158203 134.0
108.2804946899414 121.0
112.09367370605469 122.0
120.10597229003906 128.0
151.33285522460938 154.0
106.44922637939453 108.0
154.95352172851562 155.0
155.79421997070312 167.0
122.20648193359375 130.0
112.75037384033203 115.0
164.7256622314453 167.0
135.67703247070312 148.0
155.2705535888672 171.0
105.95673370361328 111.0
106.75497436523438 122.0
101.17778778076172 106.0
112.00225830078125 114.0
136.30084228515625 143.0
141.0985565185547 144.0
99.36253356933594 114.0
118.08747863769531 125.0
109.16848754882812 111.0
144.7412109375 146.0
126.96387481689453 130.0
107.0753173828125 120.0
126.18277740478516 134.0
117.23662567138672 126.0
129.62147521972656 136.0
147.00755310058594 153.0
158.24948120117188 167.0
125.65919494628906 133.0
107.52362060546875 116.0
105.90133666992188 106.0
109.45083618164062 120.0
146.66305541992188 161.0
111.05862426757812 129.0
138.5130615234375 150.0
125.5408935546875 130.0
99.55587005615234 110.0
111.76651000976562 127.0
122.13218688964844 126.0
132.12100219726562 134.0
145.55667114257812 144.0
107.27928161621094 114.0
96.02311706542969 111.0
117.24711608886719 134.0
125.44617462158203 128.0
150.2103271484375 158.0
109.7885513305664 110.0
148.16490173339844 153.0
139.7560272216797 149.0
156.81201171875 162.0
123.05226135253906 132.0
108.2581787109375 117.0
101.54316711425781 122.0
166.54457092285156 159.0
122.77886962890625 126.0
142.77029418945312 154.0
121.98115539550781 132.0
112.04561614990234 124.0
109.59269714355469 112.0
120.39224243164062 119.0
131.7248992919922 139.0
163.5107421875 167.0
123.42021942138672 135.0
152.28204345703125 160.0
113.14668273925781 122.0
116.92707824707031 118.0
170.2487335205078 176.0
162.45602416992188 169.0
120.16381072998047 127.0
133.4005126953125 134.0
111.91165161132812 121.0
116.32698059082031 122.0
124.29171752929688 128.0
155.83653259277344 154.0
109.86290740966797 108.0
159.09512329101562 155.0
160.0193634033203 167.0
126.12896728515625 130.0
116.19810485839844 115.0
168.0136260986328 167.0
140.06423950195312 148.0
159.2073516845703 171.0
109.78779602050781 111.0
110.11749267578125 122.0
104.56556701660156 106.0
115.55778503417969 114.0
139.94253540039062 143.0
145.21583557128906 144.0
102.60582733154297 114.0
121.66170501708984 125.0
112.84300231933594 111.0
147.72781372070312 146.0
130.57754516601562 130.0
110.91456604003906 120.0
129.82797241210938 134.0
121.3756103515625 126.0
133.39390563964844 136.0
150.03150939941406 153.0
162.77549743652344 167.0
130.10546875 133.0
111.44698333740234 116.0
109.58234405517578 106.0
113.12500762939453 120.0
150.4307098388672 161.0
114.81118774414062 129.0
143.342041015625 150.0
130.198974609375 130.0
102.92467498779297 110.0
115.69392395019531 127.0
125.75605773925781 126.0
136.65626525878906 134.0
149.77015686035156 144.0
111.57379150390625 114.0
100.0456314086914 111.0
121.17317962646484 134.0
129.82229614257812 128.0
155.1329803466797 158.0
113.90892791748047 110.0
151.20718383789062 153.0
145.00497436523438 149.0
161.34011840820312 162.0
126.86627960205078 132.0
111.59542846679688 117.0
105.30225372314453 122.0
166.73223876953125 159.0
123.16575622558594 126.0
143.0648193359375 154.0
122.14852905273438 132.0
112.84048461914062 124.0
109.53533935546875 112.0
120.7732162475586 119.0
131.86898803710938 139.0
163.7827911376953 167.0
124.26334381103516 135.0
152.27731323242188 160.0
113.5426254272461 122.0
117.75640869140625 118.0
169.67630004882812 176.0
163.242431640625 169.0
120.84854125976562 127.0
134.40667724609375 134.0
111.82294464111328 121.0
116.29498291015625 122.0
125.11969757080078 128.0
156.5886993408203 154.0
110.32965087890625 108.0
159.36862182617188 155.0
160.27960205078125 167.0
126.77569580078125 130.0
116.73710632324219 115.0
168.33255004882812 167.0
140.1103515625 148.0
159.86825561523438 171.0
109.8836898803711 111.0
110.92337799072266 122.0
105.16915893554688 106.0
115.79042053222656 114.0
140.40667724609375 143.0
145.87998962402344 144.0
103.75917053222656 114.0
122.6017074584961 125.0
113.44356536865234 111.0
148.49234008789062 146.0
131.4965362548828 130.0
111.28014373779297 120.0
130.2182159423828 134.0
121.13829040527344 126.0
133.6643829345703 136.0
150.5330352783203 153.0
162.27340698242188 167.0
130.39878845214844 133.0
112.19244384765625 116.0
110.05622863769531 106.0
113.31598663330078 120.0
150.56568908691406 161.0
114.59406280517578 129.0
143.88772583007812 150.0
130.5658721923828 130.0
103.54502868652344 110.0
115.66033172607422 127.0
126.1800537109375 126.0
137.09512329101562 134.0
149.91226196289062 144.0
111.98413848876953 114.0
100.4385986328125 111.0
121.3428955078125 134.0
130.2057647705078 128.0
155.1780242919922 158.0
114.54438781738281 110.0
151.553466796875 153.0
144.9801483154297 149.0
161.948974609375 162.0
127.78660583496094 132.0
111.76172637939453 117.0
106.57495880126953 122.0
165.0121307373047 159.0
121.30410766601562 126.0
141.17181396484375 154.0
120.41917419433594 132.0
110.43211364746094 124.0
107.83868408203125 112.0
118.96800994873047 119.0
129.7640380859375 139.0
161.32273864746094 167.0
122.3310546875 135.0
150.51168823242188 160.0
111.45893859863281 122.0
115.8310546875 118.0
168.81216430664062 176.0
160.9347381591797 169.0
119.38014221191406 127.0
132.4743194580078 134.0
109.96833801269531 121.0
114.57141876220703 122.0
123.38388061523438 128.0
154.2559814453125 154.0
108.49130249023438 108.0
157.00633239746094 155.0
158.7342987060547 167.0
125.25981140136719 130.0
114.87454986572266 115.0
166.28570556640625 167.0
138.26211547851562 148.0
157.89907836914062 171.0
108.2586669921875 111.0
108.82362365722656 122.0
103.27001190185547 106.0
114.13356018066406 114.0
138.11383056640625 143.0
144.11886596679688 144.0
101.96648406982422 114.0
120.74483489990234 125.0
111.64129638671875 111.0
146.31382751464844 146.0
128.83602905273438 130.0
109.5837631225586 120.0
128.23617553710938 134.0
119.54190063476562 126.0
132.2530975341797 136.0
148.28472900390625 153.0
161.31077575683594 167.0
128.609130859375 133.0
110.85902404785156 116.0
108.39019775390625 106.0
111.47981262207031 120.0
148.5079803466797 161.0
113.4871597290039 129.0
141.7304229736328 150.0
128.81326293945312 130.0
101.85704803466797 110.0
114.27660369873047 127.0
124.6561279296875 126.0
134.71212768554688 134.0
147.62469482421875 144.0
110.28303527832031 114.0
99.2540054321289 111.0
119.83554077148438 134.0
128.75234985351562 128.0
153.53286743164062 158.0
112.82611846923828 110.0
149.4992218017578 153.0
143.380615234375 149.0
159.85890197753906 162.0
125.69022369384766 132.0
110.13480377197266 117.0
104.35346221923828 122.0
162.32861328125 159.0
120.12857055664062 126.0
139.64114379882812 154.0
118.78099822998047 132.0
108.57648468017578 124.0
105.42523193359375 112.0
117.20345306396484 119.0
128.20941162109375 139.0
159.7351837158203 167.0
120.06098937988281 135.0
148.84866333007812 160.0
109.85205078125 122.0
113.90750122070312 118.0
166.4725799560547 176.0
159.24481201171875 169.0
116.81684112548828 127.0
129.6954345703125 134.0
108.28607177734375 121.0
112.06266784667969 122.0
120.66311645507812 128.0
151.71327209472656 154.0
107.2410659790039 108.0
155.10397338867188 155.0
155.9341278076172 167.0
122.57804870605469 130.0
113.62932586669922 115.0
164.65284729003906 167.0
136.10780334472656 148.0
155.255615234375 171.0
106.68940734863281 111.0
106.57139587402344 122.0
100.66336059570312 106.0
112.52752685546875 114.0
136.93649291992188 143.0
142.09860229492188 144.0
99.65205383300781 114.0
117.822509765625 125.0
109.41236877441406 111.0
145.12142944335938 146.0
127.62905883789062 130.0
108.36064910888672 120.0
127.2035903930664 134.0
117.28976440429688 126.0
130.1434326171875 136.0
146.81785583496094 153.0
158.73199462890625 167.0
126.0545883178711 133.0
108.52986145019531 116.0
107.24440002441406 106.0
110.48920440673828 120.0
147.0546112060547 161.0
111.07611846923828 129.0
139.61495971679688 150.0
126.40936279296875 130.0
100.59085845947266 110.0
111.88500213623047 127.0
122.51042175292969 126.0
132.44822692871094 134.0
144.9675750732422 144.0
108.06370544433594 114.0
96.79454803466797 111.0
118.25069427490234 134.0
126.49805450439453 128.0
150.81980895996094 158.0
110.43961334228516 110.0
147.95924377441406 153.0
140.68572998046875 149.0
156.95887756347656 162.0
124.25991821289062 132.0
108.27434539794922 117.0
101.66998291015625 122.0
165.0517578125 159.0
121.48887634277344 126.0
141.17539978027344 154.0
120.2422866821289 132.0
110.84207153320312 124.0
108.18647003173828 112.0
119.29695892333984 119.0
128.60873413085938 139.0
161.45132446289062 167.0
121.89883422851562 135.0
149.46360778808594 160.0
111.33209991455078 122.0
115.428466796875 118.0
168.3346710205078 176.0
161.035888671875 169.0
118.21318817138672 127.0
132.56906127929688 134.0
110.57585144042969 121.0
114.46260833740234 122.0
122.82975006103516 128.0
153.8944549560547 154.0
108.39215087890625 108.0
156.77694702148438 155.0
158.17550659179688 167.0
124.742431640625 130.0
114.7382583618164 115.0
165.83706665039062 167.0
137.83766174316406 148.0
157.51914978027344 171.0
107.60283660888672 111.0
108.61680603027344 122.0
102.95047760009766 106.0
113.92390441894531 114.0
137.88479614257812 143.0
143.58865356445312 144.0
101.07759094238281 114.0
120.23786163330078 125.0
111.4974136352539 111.0
146.4180145263672 146.0
129.37449645996094 130.0
109.53486633300781 120.0
128.19398498535156 134.0
119.38738250732422 126.0
132.23721313476562 136.0
147.86741638183594 153.0
160.6512451171875 167.0
128.41017150878906 133.0
110.00775146484375 116.0
107.931884765625 106.0
111.56033325195312 120.0
148.26499938964844 161.0
113.12071990966797 129.0
141.81866455078125 150.0
128.81375122070312 130.0
101.27911376953125 110.0
113.64287567138672 127.0
124.23921203613281 126.0
135.0780792236328 134.0
147.49317932128906 144.0
109.9167251586914 114.0
97.97724914550781 111.0
119.11917114257812 134.0
127.76313781738281 128.0
153.42831420898438 158.0
112.59486389160156 110.0
149.52894592285156 153.0
142.71963500976562 149.0
159.43118286132812 162.0
125.67164611816406 132.0
110.03450012207031 117.0
104.04039764404297 122.0
163.75477600097656 159.0
120.72856140136719 126.0
139.7376251220703 154.0
119.23277282714844 132.0
110.20276641845703 124.0
107.4604721069336 112.0
117.25373077392578 119.0
128.17495727539062 139.0
159.7912139892578 167.0
121.55076599121094 135.0
149.59068298339844 160.0
110.70082092285156 122.0
115.027587890625 118.0
167.76953125 176.0
159.9510955810547 169.0
118.44204711914062 127.0
130.7274627685547 134.0
109.36906433105469 121.0
114.05824279785156 122.0
121.87776184082031 128.0
153.21011352539062 154.0
108.03213500976562 108.0
155.23110961914062 155.0
157.6771240234375 167.0
123.98432922363281 130.0
113.9001235961914 115.0
165.4071044921875 167.0
136.82174682617188 148.0
156.5472412109375 171.0
107.31680297851562 111.0
107.9178237915039 122.0
102.88996124267578 106.0
113.26638793945312 114.0
136.40814208984375 143.0
142.90997314453125 144.0
100.82868957519531 114.0
119.811279296875 125.0
110.9288330078125 111.0
145.21336364746094 146.0
128.3370361328125 130.0
108.59847259521484 120.0
127.37791442871094 134.0
118.9928207397461 126.0
130.77349853515625 136.0
147.35006713867188 153.0
160.78187561035156 167.0
127.7656478881836 133.0
109.6431655883789 116.0
107.46766662597656 106.0
110.39932250976562 120.0
146.6637725830078 161.0
112.31224060058594 129.0
140.60008239746094 150.0
128.338623046875 130.0
100.82550048828125 110.0
113.01318359375 127.0
123.31619262695312 126.0
134.05911254882812 134.0
146.7620849609375 144.0
109.04088592529297 114.0
98.2042007446289 111.0
118.69801330566406 134.0
127.2583236694336 128.0
152.2285614013672 158.0
111.69639587402344 110.0
148.73890686035156 153.0
142.02330017089844 149.0
158.56988525390625 162.0
124.43222045898438 132.0
109.39259338378906 117.0
103.11770629882812 122.0
162.25201416015625 159.0
119.85617065429688 126.0
138.5352020263672 154.0
118.77632904052734 132.0
109.57215881347656 124.0
106.18058776855469 112.0
116.2633285522461 119.0
128.2421112060547 139.0
159.3753662109375 167.0
120.6566162109375 135.0
149.41273498535156 160.0
109.78141021728516 122.0
113.9983139038086 118.0
167.08409118652344 176.0
159.02996826171875 169.0
116.68866729736328 127.0
128.90675354003906 134.0
108.84799194335938 121.0
112.61312866210938 122.0
120.20330047607422 128.0
152.0807342529297 154.0
107.03680419921875 108.0
154.78970336914062 155.0
156.70840454101562 167.0
122.51142883300781 130.0
112.8892822265625 115.0
165.28372192382812 167.0
136.69403076171875 148.0
155.68234252929688 171.0
107.01187896728516 111.0
106.89295959472656 122.0
101.24368286132812 106.0
112.67790985107422 114.0
135.992431640625 143.0
141.3666534423828 144.0
99.64119720458984 114.0
118.72081756591797 125.0
109.70649719238281 111.0
145.01588439941406 146.0
127.2632827758789 130.0
107.74760437011719 120.0
126.2581787109375 134.0
117.63653564453125 126.0
130.07223510742188 136.0
147.3427276611328 153.0
159.88124084472656 167.0
125.95684814453125 133.0
107.94081115722656 116.0
106.0328369140625 106.0
109.40035247802734 120.0
146.44580078125 161.0
111.68887329101562 129.0
139.56558227539062 150.0
126.36424255371094 130.0
100.01853942871094 110.0
111.99141693115234 127.0
122.53263854980469 126.0
133.4477081298828 134.0
146.57984924316406 144.0
107.76486206054688 114.0
97.06891632080078 111.0
117.86156463623047 134.0
125.56932830810547 128.0
150.94595336914062 158.0
110.13043975830078 110.0
148.61776733398438 153.0
140.09909057617188 149.0
157.7166748046875 162.0
122.86572265625 132.0
108.73895263671875 117.0
102.58985900878906 122.0
