242.74325561523438 159.0
208.75982666015625 126.0
235.6772003173828 154.0
200.5004119873047 132.0
211.77127075195312 124.0
177.58612060546875 112.0
257.1212463378906 119.0
227.22190856933594 139.0
257.2703857421875 167.0
253.695556640625 135.0
240.92709350585938 160.0
222.14418029785156 122.0
234.49072265625 118.0
228.961181640625 176.0
275.6180419921875 169.0
218.38330078125 127.0
260.0389404296875 134.0
175.046630859375 121.0
184.40740966796875 122.0
246.77499389648438 128.0
246.37403869628906 154.0
199.2406463623047 108.0
241.47799682617188 155.0
203.50112915039062 167.0
254.55874633789062 130.0
206.2344512939453 115.0
237.3807373046875 167.0
192.493408203125 148.0
303.8876037597656 171.0
192.93850708007812 111.0
257.9888000488281 122.0
218.50311279296875 106.0
206.01239013671875 114.0
231.46185302734375 143.0
244.1134033203125 144.0
288.4958801269531 114.0
245.652587890625 125.0
222.88465881347656 111.0
267.7940673828125 146.0
256.15350341796875 130.0
228.72659301757812 120.0
212.25534057617188 134.0
169.2457275390625 126.0
206.80023193359375 136.0
252.90850830078125 153.0
215.6276397705078 167.0
234.1487579345703 133.0
247.67239379882812 116.0
190.75762939453125 106.0
219.71792602539062 120.0
230.64695739746094 161.0
176.62091064453125 129.0
221.78468322753906 150.0
195.02293395996094 130.0
220.28897094726562 110.0
172.70286560058594 127.0
201.02842712402344 126.0
243.79852294921875 134.0
214.69216918945312 144.0
257.00811767578125 114.0
234.52403259277344 111.0
211.56939697265625 134.0
221.3071746826172 128.0
216.18658447265625 158.0
261.728759765625 110.0
233.32455444335938 153.0
217.38088989257812 149.0
256.06610107421875 162.0
256.2992858886719 132.0
169.00167846679688 117.0
347.4254455566406 122.0
127.6335678100586 159.0
91.4157943725586 126.0
112.90165710449219 154.0
90.524169921875 132.0
84.47270965576172 124.0
75.0055160522461 112.0
97.4668197631836 119.0
85.6654052734375 139.0
120.42718505859375 167.0
91.23725128173828 135.0
108.66251373291016 160.0
92.69268035888672 122.0
88.58990478515625 118.0
106.14958190917969 176.0
125.536376953125 169.0
93.0564193725586 127.0
112.63931274414062 134.0
69.53897857666016 121.0
77.52867889404297 122.0
105.64503479003906 128.0
101.51214599609375 154.0
91.17404174804688 108.0
112.71534729003906 155.0
102.8310317993164 167.0
99.8644027709961 130.0
91.96333312988281 115.0
124.48963928222656 167.0
100.4234848022461 148.0
116.90579986572266 171.0
72.47908020019531 111.0
76.86819458007812 122.0
62.98651123046875 106.0
82.80146789550781 114.0
104.66936492919922 143.0
110.72675323486328 144.0
76.11590576171875 114.0
76.7271957397461 125.0
75.84398651123047 111.0
116.88908386230469 146.0
102.16752624511719 130.0
90.17494201660156 120.0
101.71720123291016 134.0
85.05402374267578 126.0
98.42644500732422 136.0
108.98736572265625 153.0
102.37291717529297 167.0
106.41924285888672 133.0
79.90048217773438 116.0
91.18465423583984 106.0
93.30404663085938 120.0
109.54930877685547 161.0
86.5509033203125 129.0
106.01355743408203 150.0
104.66675567626953 130.0
87.23975372314453 110.0
83.59829711914062 127.0
93.52935791015625 126.0
74.09244537353516 134.0
85.4046630859375 144.0
94.35820007324219 114.0
66.03181457519531 111.0
90.01305389404297 134.0
103.98479461669922 128.0
122.5646743774414 158.0
101.68830871582031 110.0
114.4884033203125 153.0
113.50849914550781 149.0
96.4069595336914 162.0
102.0803451538086 132.0
80.71260833740234 117.0
54.84823226928711 122.0
159.13385009765625 159.0
122.70536041259766 126.0
137.0789337158203 154.0
120.13661193847656 132.0
115.14056396484375 124.0
123.41964721679688 112.0
123.90679931640625 119.0
129.25758361816406 139.0
152.24148559570312 167.0
137.8338623046875 135.0
157.78659057617188 160.0
115.36144256591797 122.0
128.39210510253906 118.0
159.46084594726562 176.0
156.4073486328125 169.0
135.13714599609375 127.0
144.35382080078125 134.0
112.85466003417969 121.0
129.44879150390625 122.0
140.784423828125 128.0
149.81393432617188 154.0
112.06859588623047 108.0
148.20193481445312 155.0
160.81951904296875 167.0
132.33929443359375 130.0
113.9828872680664 115.0
158.5006103515625 167.0
134.97811889648438 148.0
172.56298828125 171.0
107.33995819091797 111.0
122.08804321289062 122.0
120.58047485351562 106.0
114.92517852783203 114.0
133.75411987304688 143.0
143.92532348632812 144.0
133.7169647216797 114.0
143.91656494140625 125.0
116.59132385253906 111.0
142.1698455810547 146.0
131.6965789794922 130.0
115.25312042236328 120.0
125.16068267822266 134.0
128.08038330078125 126.0
129.99676513671875 136.0
149.79116821289062 153.0
150.7750244140625 167.0
149.31825256347656 133.0
128.43032836914062 116.0
112.47837829589844 106.0
115.8155517578125 120.0
138.50645446777344 161.0
117.37704467773438 129.0
134.30892944335938 150.0
127.49224853515625 130.0
112.00558471679688 110.0
131.03775024414062 127.0
128.18475341796875 126.0
145.35960388183594 134.0
152.56565856933594 144.0
125.45304870605469 114.0
111.90469360351562 111.0
119.02223205566406 134.0
139.23292541503906 128.0
146.5517120361328 158.0
134.16970825195312 110.0
147.1451873779297 153.0
157.13702392578125 149.0
157.03384399414062 162.0
128.8212432861328 132.0
112.26026916503906 117.0
144.98162841796875 122.0
192.6822967529297 159.0
126.80828094482422 126.0
152.9644317626953 154.0
127.06135559082031 132.0
119.70541381835938 124.0
101.76578521728516 112.0
130.8157958984375 119.0
132.5580596923828 139.0
177.45974731445312 167.0
136.13900756835938 135.0
139.564453125 160.0
116.54647827148438 122.0
123.72074127197266 118.0
148.7113037109375 176.0
168.9644012451172 169.0
135.74742126464844 127.0
156.1505889892578 134.0
141.1034698486328 121.0
109.39485931396484 122.0
142.41134643554688 128.0
169.47042846679688 154.0
111.50968933105469 108.0
170.63865661621094 155.0
176.5830535888672 167.0
140.34812927246094 130.0
122.63493347167969 115.0
159.78717041015625 167.0
137.91748046875 148.0
164.89613342285156 171.0
107.42113494873047 111.0
122.31495666503906 122.0
106.77324676513672 106.0
113.60786437988281 114.0
152.21456909179688 143.0
159.12693786621094 144.0
113.66151428222656 114.0
134.57272338867188 125.0
119.7252426147461 111.0
153.95860290527344 146.0
139.5787811279297 130.0
114.69171142578125 120.0
142.63677978515625 134.0
120.8890609741211 126.0
155.557861328125 136.0
147.58029174804688 153.0
155.70269775390625 167.0
138.20489501953125 133.0
126.52610778808594 116.0
119.57676696777344 106.0
122.36380004882812 120.0
160.48097229003906 161.0
125.02388763427734 129.0
180.29623413085938 150.0
140.71249389648438 130.0
110.4029312133789 110.0
130.73487854003906 127.0
139.70932006835938 126.0
172.92649841308594 134.0
166.94033813476562 144.0
116.59215545654297 114.0
99.03118133544922 111.0
127.43582153320312 134.0
138.770263671875 128.0
182.79678344726562 158.0
131.24240112304688 110.0
144.90602111816406 153.0
157.79104614257812 149.0
165.95944213867188 162.0
141.5336151123047 132.0
119.4318618774414 117.0
110.05548095703125 122.0
224.11192321777344 159.0
159.41746520996094 126.0
175.7926025390625 154.0
157.02308654785156 132.0
158.80270385742188 124.0
185.18850708007812 112.0
169.4844970703125 119.0
161.6435089111328 139.0
192.26040649414062 167.0
201.84475708007812 135.0
189.14501953125 160.0
155.00015258789062 122.0
172.10858154296875 118.0
180.70594787597656 176.0
202.6734619140625 169.0
178.18130493164062 127.0
210.2250518798828 134.0
206.2226104736328 121.0
192.74351501464844 122.0
198.5540008544922 128.0
204.4946746826172 154.0
149.1784210205078 108.0
184.48329162597656 155.0
241.98916625976562 167.0
193.10427856445312 130.0
151.4217987060547 115.0
191.6548309326172 167.0
173.23597717285156 148.0
235.64598083496094 171.0
139.46929931640625 111.0
173.13742065429688 122.0
187.54193115234375 106.0
151.19778442382812 114.0
171.34078979492188 143.0
187.9795379638672 144.0
194.97572326660156 114.0
238.51809692382812 125.0
189.16908264160156 111.0
185.98252868652344 146.0
178.28489685058594 130.0
152.07662963867188 120.0
164.39566040039062 134.0
181.99879455566406 126.0
191.3415069580078 136.0
186.58401489257812 153.0
177.77560424804688 167.0
209.61427307128906 133.0
180.1484832763672 116.0
148.0948028564453 106.0
152.19200134277344 120.0
174.49310302734375 161.0
173.67984008789062 129.0
215.84619140625 150.0
161.25714111328125 130.0
150.18312072753906 110.0
205.7005157470703 127.0
178.28900146484375 126.0
249.53594970703125 134.0
240.01068115234375 144.0
173.25906372070312 114.0
151.05642700195312 111.0
154.44117736816406 134.0
178.14617919921875 128.0
206.48777770996094 158.0
192.68350219726562 110.0
178.45053100585938 153.0
210.6659698486328 149.0
206.79989624023438 162.0
174.03558349609375 132.0
156.19627380371094 117.0
282.6950988769531 122.0
156.77877807617188 159.0
127.25224304199219 126.0
155.6999969482422 154.0
124.0167236328125 132.0
114.00587463378906 124.0
98.42255401611328 112.0
131.951416015625 119.0
111.13824462890625 139.0
173.80055236816406 167.0
128.14596557617188 135.0
146.9530029296875 160.0
126.03338623046875 122.0
121.77824401855469 118.0
179.83865356445312 176.0
185.27349853515625 169.0
129.14752197265625 127.0
135.86956787109375 134.0
76.98692321777344 121.0
90.38264465332031 122.0
127.37421417236328 128.0
128.1697235107422 154.0
120.234619140625 108.0
162.41575622558594 155.0
153.68014526367188 167.0
129.08364868164062 130.0
129.72384643554688 115.0
177.4898681640625 167.0
116.44288635253906 148.0
158.37106323242188 171.0
104.68085479736328 111.0
107.53833770751953 122.0
98.15721130371094 106.0
109.22796630859375 114.0
142.864013671875 143.0
156.06265258789062 144.0
100.87029266357422 114.0
101.0855712890625 125.0
117.86884307861328 111.0
169.16781616210938 146.0
148.8803253173828 130.0
115.12899017333984 120.0
149.90089416503906 134.0
99.85896301269531 126.0
129.47682189941406 136.0
156.16583251953125 153.0
178.64913940429688 167.0
133.55615234375 133.0
115.66526794433594 116.0
123.8298110961914 106.0
122.65911865234375 120.0
154.96633911132812 161.0
103.12271118164062 129.0
114.49667358398438 150.0
140.16912841796875 130.0
102.54176330566406 110.0
99.83824157714844 127.0
115.5496826171875 126.0
88.81653594970703 134.0
119.3748550415039 144.0
118.6115951538086 114.0
93.21157836914062 111.0
126.95276641845703 134.0
137.739990234375 128.0
146.76864624023438 158.0
114.85760498046875 110.0
161.76495361328125 153.0
141.13137817382812 149.0
132.62155151367188 162.0
140.28106689453125 132.0
103.08201599121094 117.0
65.75394439697266 122.0
178.06698608398438 159.0
121.3950424194336 126.0
142.6164093017578 154.0
119.03868103027344 132.0
111.53221130371094 124.0
117.94329833984375 112.0
137.87307739257812 119.0
144.25946044921875 139.0
172.28675842285156 167.0
131.29293823242188 135.0
158.8736572265625 160.0
122.56856536865234 122.0
123.36615753173828 118.0
173.06350708007812 176.0
175.58367919921875 169.0
129.74148559570312 127.0
142.9113311767578 134.0
118.90441131591797 121.0
120.50613403320312 122.0
132.77760314941406 128.0
157.95285034179688 154.0
117.7767333984375 108.0
167.70370483398438 155.0
162.43017578125 167.0
131.45068359375 130.0
128.02793884277344 115.0
165.184814453125 167.0
139.6608428955078 148.0
170.56968688964844 171.0
109.0589370727539 111.0
116.26887512207031 122.0
116.71552276611328 106.0
111.91614532470703 114.0
150.0611572265625 143.0
152.8024139404297 144.0
114.19635009765625 114.0
131.6738739013672 125.0
125.15983581542969 111.0
155.41624450683594 146.0
144.04129028320312 130.0
114.46170806884766 120.0
144.03890991210938 134.0
126.4151840209961 126.0
139.0422821044922 136.0
156.67562866210938 153.0
169.98646545410156 167.0
145.59811401367188 133.0
124.8154296875 116.0
123.39754486083984 106.0
118.7466812133789 120.0
157.65927124023438 161.0
113.46528625488281 129.0
152.64984130859375 150.0
128.6519317626953 130.0
109.76133728027344 110.0
120.81006622314453 127.0
127.81206512451172 126.0
157.2039794921875 134.0
151.95208740234375 144.0
125.9986572265625 114.0
108.05748748779297 111.0
123.8826904296875 134.0
134.8482666015625 128.0
164.60687255859375 158.0
118.6756591796875 110.0
151.67764282226562 153.0
146.2386474609375 149.0
161.20849609375 162.0
137.0750274658203 132.0
109.59507751464844 117.0
117.73052978515625 122.0
152.51751708984375 159.0
109.44803619384766 126.0
131.55459594726562 154.0
108.04313659667969 132.0
99.26846313476562 124.0
95.46087646484375 112.0
119.40547180175781 119.0
130.3615264892578 139.0
156.99130249023438 167.0
118.42959594726562 135.0
149.8791961669922 160.0
109.138427734375 122.0
109.22434997558594 118.0
168.779541015625 176.0
161.7221221923828 169.0
113.04552459716797 127.0
122.05807495117188 134.0
96.42445373535156 121.0
100.2161865234375 122.0
115.70654296875 128.0
143.1876983642578 154.0
105.31620788574219 108.0
155.5662384033203 155.0
146.5128936767578 167.0
114.18610382080078 130.0
114.7099609375 115.0
159.72879028320312 167.0
124.65837860107422 148.0
149.62667846679688 171.0
100.16260528564453 111.0
105.21382141113281 122.0
103.96633911132812 106.0
99.58613586425781 114.0
138.0950164794922 143.0
135.4511260986328 144.0
99.13191223144531 114.0
108.13285827636719 125.0
111.18824005126953 111.0
145.8251953125 146.0
129.38113403320312 130.0
104.69139099121094 120.0
130.11669921875 134.0
106.58341217041016 126.0
120.82568359375 136.0
148.7255859375 153.0
160.51905822753906 167.0
122.83714294433594 133.0
109.32835388183594 116.0
108.82054138183594 106.0
106.8198471069336 120.0
145.9610137939453 161.0
97.08030700683594 129.0
128.76315307617188 150.0
113.99293518066406 130.0
97.74650573730469 110.0
101.48003387451172 127.0
110.76337432861328 126.0
128.97357177734375 134.0
136.25279235839844 144.0
109.22900390625 114.0
98.90038299560547 111.0
114.7404556274414 134.0
116.1313247680664 128.0
144.602783203125 158.0
103.54452514648438 110.0
145.82472229003906 153.0
127.64791870117188 149.0
145.69491577148438 162.0
124.85455322265625 132.0
95.60887908935547 117.0
100.8650894165039 122.0
142.67454528808594 159.0
117.50227355957031 126.0
131.2510986328125 154.0
113.96366119384766 132.0
108.22322082519531 124.0
105.24852752685547 112.0
114.97258758544922 119.0
131.01028442382812 139.0
156.0790557861328 167.0
121.52314758300781 135.0
161.38836669921875 160.0
110.92340850830078 122.0
116.70045471191406 118.0
170.40286254882812 176.0
160.7688446044922 169.0
114.219482421875 127.0
112.8872299194336 134.0
105.36865997314453 121.0
113.28379821777344 122.0
104.22412109375 128.0
143.4805145263672 154.0
105.76437377929688 108.0
152.1874237060547 155.0
151.4083251953125 167.0
110.431396484375 130.0
107.35346984863281 115.0
164.34559631347656 167.0
126.721435546875 148.0
155.27618408203125 171.0
107.51815032958984 111.0
110.7610092163086 122.0
110.06057739257812 106.0
109.89397430419922 114.0
133.15628051757812 143.0
135.43341064453125 144.0
106.75110626220703 114.0
124.91643524169922 125.0
111.0644302368164 111.0
144.4044647216797 146.0
132.07449340820312 130.0
108.318603515625 120.0
125.6572036743164 134.0
113.68714141845703 126.0
116.35340118408203 136.0
151.98289489746094 153.0
159.40350341796875 167.0
121.82897186279297 133.0
108.01995086669922 116.0
101.33976745605469 106.0
107.51274108886719 120.0
143.6261444091797 161.0
102.8100357055664 129.0
126.40103912353516 150.0
113.5772705078125 130.0
103.80419921875 110.0
107.21272277832031 127.0
111.69190979003906 126.0
140.63360595703125 134.0
145.9521942138672 144.0
113.51078796386719 114.0
106.85106658935547 111.0
115.88038635253906 134.0
117.22636413574219 128.0
134.3430938720703 158.0
103.67378997802734 110.0
149.04473876953125 153.0
125.17036437988281 149.0
152.53262329101562 162.0
117.90687561035156 132.0
99.72065734863281 117.0
135.2049102783203 122.0
129.91163635253906 159.0
90.23162078857422 126.0
105.5561752319336 154.0
88.98138427734375 132.0
84.42633056640625 124.0
77.85520935058594 112.0
88.6104736328125 119.0
103.99878692626953 139.0
129.7842254638672 167.0
96.64572143554688 135.0
120.75011444091797 160.0
87.4444580078125 122.0
87.60076904296875 118.0
132.87496948242188 176.0
131.36041259765625 169.0
88.21240997314453 127.0
93.34031677246094 134.0
86.7529296875 121.0
81.78240203857422 122.0
88.0751953125 128.0
119.48318481445312 154.0
83.55028533935547 108.0
125.60592651367188 155.0
124.23513793945312 167.0
89.30117797851562 130.0
88.77172088623047 115.0
133.61392211914062 167.0
106.5479965209961 148.0
120.44330596923828 171.0
79.13055419921875 111.0
81.54312133789062 122.0
79.01270294189453 106.0
80.43539428710938 114.0
112.97706604003906 143.0
107.93470764160156 144.0
72.60414123535156 114.0
86.08393096923828 125.0
84.92562103271484 111.0
120.01468658447266 146.0
104.20504760742188 130.0
80.43233489990234 120.0
105.28548431396484 134.0
88.73469543457031 126.0
101.5376205444336 136.0
122.74613952636719 153.0
129.10653686523438 167.0
96.59371185302734 133.0
82.08412170410156 116.0
82.6382064819336 106.0
84.38868713378906 120.0
120.68037414550781 161.0
84.66790008544922 129.0
115.63711547851562 150.0
91.56790161132812 130.0
76.57755279541016 110.0
85.72882080078125 127.0
93.73400115966797 126.0
104.58712768554688 134.0
116.91765594482422 144.0
80.28563690185547 114.0
72.25763702392578 111.0
92.2254867553711 134.0
91.03909301757812 128.0
122.4018325805664 158.0
80.31063842773438 110.0
120.51089477539062 153.0
101.84661865234375 149.0
119.62802124023438 162.0
96.16046142578125 132.0
84.18026733398438 117.0
64.58903503417969 122.0
117.67115783691406 159.0
90.78992462158203 126.0
100.3765869140625 154.0
87.77399444580078 132.0
81.56581115722656 124.0
71.10541534423828 112.0
77.05585479736328 119.0
96.46575927734375 139.0
126.75199890136719 167.0
96.98963928222656 135.0
124.4957504272461 160.0
87.38656616210938 122.0
86.08140563964844 118.0
102.49212646484375 176.0
130.86953735351562 169.0
85.60902404785156 127.0
85.35829162597656 134.0
72.92070007324219 121.0
72.6241455078125 122.0
83.74307250976562 128.0
110.46995544433594 154.0
84.65451049804688 108.0
122.05293273925781 155.0
132.18978881835938 167.0
82.34078979492188 130.0
90.28765869140625 115.0
137.00048828125 167.0
92.29827117919922 148.0
122.59772491455078 171.0
74.61335754394531 111.0
74.83384704589844 122.0
79.33390045166016 106.0
74.17350769042969 114.0
110.87364196777344 143.0
106.78689575195312 144.0
65.99231719970703 114.0
84.93568420410156 125.0
84.35993194580078 111.0
124.28162384033203 146.0
102.95967102050781 130.0
71.23189544677734 120.0
107.08796691894531 134.0
84.84115600585938 126.0
101.58776092529297 136.0
126.85978698730469 153.0
112.85440826416016 167.0
95.31074523925781 133.0
76.05569458007812 116.0
81.70137023925781 106.0
77.25090026855469 120.0
117.83866882324219 161.0
81.0047378540039 129.0
96.9281234741211 150.0
75.98048400878906 130.0
66.49223327636719 110.0
85.16597747802734 127.0
88.70657348632812 126.0
96.76341247558594 134.0
108.14491271972656 144.0
68.37744140625 114.0
61.43120574951172 111.0
85.91265869140625 134.0
89.53279113769531 128.0
112.30653381347656 158.0
69.68444061279297 110.0
124.90857696533203 153.0
98.98853302001953 149.0
110.65892028808594 162.0
87.7752685546875 132.0
78.84494018554688 117.0
53.601322174072266 122.0
150.79495239257812 159.0
100.65555572509766 126.0
115.29692077636719 154.0
103.06128692626953 132.0
97.11327362060547 124.0
94.27323150634766 112.0
96.06947326660156 119.0
121.75259399414062 139.0
143.8596954345703 167.0
107.135986328125 135.0
141.0481414794922 160.0
97.47489929199219 122.0
97.77191162109375 118.0
142.3787078857422 176.0
139.8092803955078 169.0
99.59100341796875 127.0
105.42097473144531 134.0
104.27800750732422 121.0
101.49160766601562 122.0
102.16362762451172 128.0
139.366455078125 154.0
93.25686645507812 108.0
140.1580352783203 155.0
145.229736328125 167.0
103.00546264648438 130.0
96.80699157714844 115.0
149.33245849609375 167.0
126.24334716796875 148.0
133.7022247314453 171.0
95.64409637451172 111.0
96.76011657714844 122.0
96.99596405029297 106.0
93.59806060791016 114.0
126.10609436035156 143.0
119.2658920288086 144.0
84.14051818847656 114.0
104.34072875976562 125.0
95.1110610961914 111.0
129.65318298339844 146.0
111.81968688964844 130.0
87.19588470458984 120.0
115.13003540039062 134.0
107.30596923828125 126.0
119.70304107666016 136.0
137.77391052246094 153.0
141.32322692871094 167.0
113.70687103271484 133.0
91.58808135986328 116.0
89.50129699707031 106.0
92.77513122558594 120.0
133.12985229492188 161.0
103.74024963378906 129.0
135.8443603515625 150.0
104.73097229003906 130.0
86.873046875 110.0
104.50715637207031 127.0
110.56084442138672 126.0
130.4268798828125 134.0
139.81283569335938 144.0
90.25408172607422 114.0
85.52027130126953 111.0
103.4175796508789 134.0
102.23370361328125 128.0
140.93080139160156 158.0
91.90633392333984 110.0
133.6675262451172 153.0
120.0833740234375 149.0
140.5541534423828 162.0
103.09770965576172 132.0
100.61918640136719 117.0
89.57903289794922 122.0
234.1916046142578 159.0
160.65655517578125 126.0
189.61956787109375 154.0
162.83901977539062 132.0
153.51356506347656 124.0
169.39529418945312 112.0
174.59278869628906 119.0
169.81402587890625 139.0
206.10533142089844 167.0
169.01670837402344 135.0
188.14430236816406 160.0
155.98338317871094 122.0
157.37997436523438 118.0
202.49771118164062 176.0
205.34765625 169.0
167.89869689941406 127.0
206.37095642089844 134.0
159.24859619140625 121.0
173.2004852294922 122.0
191.38790893554688 128.0
207.3947296142578 154.0
157.148681640625 108.0
201.41867065429688 155.0
220.0965118408203 167.0
181.25096130371094 130.0
161.49551391601562 115.0
199.20993041992188 167.0
183.45797729492188 148.0
207.36512756347656 171.0
145.1495361328125 111.0
150.52015686035156 122.0
149.70191955566406 106.0
150.93539428710938 114.0
184.37660217285156 143.0
191.66458129882812 144.0
157.51060485839844 114.0
175.27967834472656 125.0
159.3965301513672 111.0
187.23040771484375 146.0
175.70687866210938 130.0
151.11032104492188 120.0
178.9621124267578 134.0
178.17144775390625 126.0
193.5642547607422 136.0
184.82188415527344 153.0
196.31173706054688 167.0
210.4387664794922 133.0
164.88648986816406 116.0
159.1252899169922 106.0
160.23681640625 120.0
193.333251953125 161.0
174.02752685546875 129.0
198.39492797851562 150.0
186.5355224609375 130.0
146.11184692382812 110.0
176.9597930908203 127.0
176.65025329589844 126.0
191.0559539794922 134.0
208.59445190429688 144.0
158.1910400390625 114.0
133.35951232910156 111.0
160.52232360839844 134.0
180.09713745117188 128.0
216.87771606445312 158.0
172.44918823242188 110.0
188.22119140625 153.0
216.45135498046875 149.0
203.059326171875 162.0
180.9881591796875 132.0
156.6816864013672 117.0
150.93966674804688 122.0
88.49974822998047 159.0
68.34010314941406 126.0
79.14314270019531 154.0
65.34636688232422 132.0
58.17525863647461 124.0
37.636009216308594 112.0
53.60921859741211 119.0
81.14306640625 139.0
100.12433624267578 167.0
70.79759979248047 135.0
98.08732604980469 160.0
65.70156860351562 122.0
63.51497268676758 118.0
84.51911926269531 176.0
102.33798217773438 169.0
63.899444580078125 127.0
59.95704650878906 134.0
55.34052276611328 121.0
38.90761184692383 122.0
61.494407653808594 128.0
82.8497314453125 154.0
62.32747268676758 108.0
99.0167465209961 155.0
96.72127532958984 167.0
60.00874328613281 130.0
67.59068298339844 115.0
107.2601547241211 167.0
74.56195831298828 148.0
92.60054779052734 171.0
54.748260498046875 111.0
53.613197326660156 122.0
49.751163482666016 106.0
54.532169342041016 114.0
88.71078491210938 143.0
81.91323852539062 144.0
47.30046463012695 114.0
57.153785705566406 125.0
59.28028106689453 111.0
94.35570526123047 146.0
72.54117584228516 130.0
53.15467071533203 120.0
80.04493713378906 134.0
48.58056640625 126.0
73.13037872314453 136.0
102.33615112304688 153.0
94.20430755615234 167.0
62.38017272949219 133.0
55.07638931274414 116.0
61.31303024291992 106.0
58.506404876708984 120.0
93.9605712890625 161.0
58.01011657714844 129.0
81.24790954589844 150.0
60.77110290527344 130.0
50.51346206665039 110.0
60.84508514404297 127.0
66.43578338623047 126.0
74.95093536376953 134.0
87.68851470947266 144.0
46.201637268066406 114.0
43.29520034790039 111.0
65.09728240966797 134.0
67.69255828857422 128.0
84.7679443359375 158.0
50.38808822631836 110.0
96.28038024902344 153.0
73.21343231201172 149.0
82.99421691894531 162.0
66.33174133300781 132.0
58.46419143676758 117.0
27.872119903564453 122.0
139.54550170898438 159.0
108.79804229736328 126.0
116.09039306640625 154.0
104.07737731933594 132.0
102.21858215332031 124.0
90.84638977050781 112.0
93.14302825927734 119.0
117.37330627441406 139.0
139.1624755859375 167.0
108.81509399414062 135.0
137.57044982910156 160.0
94.80708312988281 122.0
100.35659790039062 118.0
140.99705505371094 176.0
135.17384338378906 169.0
97.94613647460938 127.0
99.71897888183594 134.0
97.77417755126953 121.0
97.8553466796875 122.0
97.52159881591797 128.0
135.25897216796875 154.0
91.91609954833984 108.0
136.49166870117188 155.0
142.68954467773438 167.0
98.5821304321289 130.0
93.16880798339844 115.0
147.776611328125 167.0
122.80078887939453 148.0
135.73670959472656 171.0
96.42437744140625 111.0
97.49437713623047 122.0
91.541748046875 106.0
100.23214721679688 114.0
120.87350463867188 143.0
117.79583740234375 144.0
86.62025451660156 114.0
108.1675033569336 125.0
90.81971740722656 111.0
125.05642700195312 146.0
114.50997161865234 130.0
90.87202453613281 120.0
108.17035675048828 134.0
102.16361236572266 126.0
117.51472473144531 136.0
134.9679718017578 153.0
137.302978515625 167.0
106.34847259521484 133.0
89.59929656982422 116.0
81.87413787841797 106.0
90.80274963378906 120.0
128.0771026611328 161.0
105.40161895751953 129.0
129.71434020996094 150.0
100.21173095703125 130.0
88.94506072998047 110.0
102.82637023925781 127.0
105.95735168457031 126.0
122.8597412109375 134.0
136.83595275878906 144.0
91.215576171875 114.0
85.75731658935547 111.0
102.79653930664062 134.0
103.20816040039062 128.0
135.2360382080078 158.0
88.87919616699219 110.0
132.13040161132812 153.0
115.27212524414062 149.0
143.048828125 162.0
102.63931274414062 132.0
97.71434783935547 117.0
95.64118957519531 122.0
158.96812438964844 159.0
119.5235824584961 126.0
135.20193481445312 154.0
117.03379821777344 132.0
106.23588562011719 124.0
107.77976989746094 112.0
112.83242797851562 119.0
131.044677734375 139.0
154.2055206298828 167.0
118.57293701171875 135.0
151.76356506347656 160.0
109.03009796142578 122.0
112.92158508300781 118.0
152.50604248046875 176.0
153.41705322265625 169.0
120.17851257324219 127.0
124.57357788085938 134.0
104.23600006103516 121.0
115.47743225097656 122.0
119.31977081298828 128.0
150.11102294921875 154.0
105.1702651977539 108.0
150.76016235351562 155.0
157.5244140625 167.0
119.16777038574219 130.0
109.68115234375 115.0
154.34857177734375 167.0
133.74435424804688 148.0
155.69564819335938 171.0
108.1789321899414 111.0
104.63104248046875 122.0
105.63529205322266 106.0
109.05731964111328 114.0
136.3142547607422 143.0
142.84100341796875 144.0
103.6858139038086 114.0
122.57815551757812 125.0
106.6429443359375 111.0
139.6024169921875 146.0
122.29066467285156 130.0
105.80757141113281 120.0
128.0898895263672 134.0
119.59085083007812 126.0
129.43653869628906 136.0
143.98313903808594 153.0
149.30831909179688 167.0
129.8871612548828 133.0
113.22474670410156 116.0
104.95858764648438 106.0
108.994140625 120.0
144.3575439453125 161.0
114.22338104248047 129.0
141.2025604248047 150.0
121.89910888671875 130.0
102.7092514038086 110.0
118.74220275878906 127.0
118.5804214477539 126.0
137.2890167236328 134.0
143.1190643310547 144.0
106.0321273803711 114.0
98.34529113769531 111.0
117.71556091308594 134.0
126.60877990722656 128.0
152.50198364257812 158.0
107.7502212524414 110.0
141.58706665039062 153.0
143.3335723876953 149.0
149.885986328125 162.0
117.42958068847656 132.0
105.65230560302734 117.0
118.28489685058594 122.0
149.5297393798828 159.0
105.96268463134766 126.0
126.13227844238281 154.0
106.681884765625 132.0
94.71488952636719 124.0
87.36613464355469 112.0
105.22944641113281 119.0
123.21682739257812 139.0
148.74310302734375 167.0
108.66423034667969 135.0
138.65969848632812 160.0
100.41986083984375 122.0
99.0919189453125 118.0
152.23837280273438 176.0
146.313720703125 169.0
102.98151397705078 127.0
112.29332733154297 134.0
96.33419036865234 121.0
94.21533966064453 122.0
106.99003601074219 128.0
141.4615020751953 154.0
96.68696594238281 108.0
145.77664184570312 155.0
142.36585998535156 167.0
105.5902328491211 130.0
104.05108642578125 115.0
148.76376342773438 167.0
126.1417236328125 148.0
143.12261962890625 171.0
93.18482208251953 111.0
92.49921417236328 122.0
88.41553497314453 106.0
97.36470031738281 114.0
133.3052520751953 143.0
130.1275177001953 144.0
85.72637176513672 114.0
98.6730728149414 125.0
97.21419525146484 111.0
136.18798828125 146.0
116.26200866699219 130.0
95.0580825805664 120.0
121.13267517089844 134.0
103.50817108154297 126.0
120.15552520751953 136.0
137.36708068847656 153.0
143.5092315673828 167.0
114.49192810058594 133.0
97.90553283691406 116.0
98.81387329101562 106.0
100.67411804199219 120.0
142.46295166015625 161.0
100.81208801269531 129.0
133.4009552001953 150.0
108.87564086914062 130.0
92.41118621826172 110.0
103.749755859375 127.0
110.12973022460938 126.0
119.4437484741211 134.0
132.84474182128906 144.0
91.6815185546875 114.0
82.91217803955078 111.0
106.87662506103516 134.0
111.9662857055664 128.0
141.285400390625 158.0
93.35601806640625 110.0
139.27076721191406 153.0
125.28278350830078 149.0
140.3506622314453 162.0
112.81874084472656 132.0
97.37474822998047 117.0
83.00245666503906 122.0
197.17318725585938 159.0
151.2709503173828 126.0
174.82366943359375 154.0
151.0516357421875 132.0
135.45631408691406 124.0
144.02572631835938 112.0
162.05859375 119.0
151.64793395996094 139.0
186.31973266601562 167.0
154.85414123535156 135.0
168.65196228027344 160.0
148.8095245361328 122.0
158.28756713867188 118.0
223.12191772460938 176.0
187.77783203125 169.0
159.11184692382812 127.0
183.47390747070312 134.0
131.49842834472656 121.0
146.80520629882812 122.0
173.1163787841797 128.0
177.09693908691406 154.0
134.0973663330078 108.0
180.13259887695312 155.0
184.1259307861328 167.0
183.23854064941406 130.0
137.654541015625 115.0
173.93324279785156 167.0
158.1260528564453 148.0
200.6149139404297 171.0
132.49253845214844 111.0
143.78341674804688 122.0
140.36631774902344 106.0
140.72816467285156 114.0
163.85537719726562 143.0
176.67706298828125 144.0
161.60836791992188 114.0
165.79408264160156 125.0
136.25894165039062 111.0
172.8799285888672 146.0
148.62557983398438 130.0
157.14903259277344 120.0
149.18646240234375 134.0
144.4320831298828 126.0
166.40609741210938 136.0
172.0502166748047 153.0
190.74696350097656 167.0
175.44049072265625 133.0
154.92433166503906 116.0
134.2518768310547 106.0
148.84329223632812 120.0
168.54296875 161.0
147.10806274414062 129.0
173.24337768554688 150.0
173.99195861816406 130.0
137.67120361328125 110.0
154.90509033203125 127.0
163.12022399902344 126.0
166.21250915527344 134.0
167.49559020996094 144.0
166.1122283935547 114.0
137.61944580078125 111.0
143.87860107421875 134.0
172.2291259765625 128.0
184.84906005859375 158.0
172.23187255859375 110.0
164.46861267089844 153.0
198.45736694335938 149.0
187.29368591308594 162.0
156.14141845703125 132.0
134.97341918945312 117.0
204.4668426513672 122.0
151.221435546875 159.0
111.55046081542969 126.0
128.5731201171875 154.0
111.11663818359375 132.0
102.48106384277344 124.0
98.07771301269531 112.0
118.65876770019531 119.0
118.36138153076172 139.0
150.02850341796875 167.0
110.81919860839844 135.0
129.10159301757812 160.0
106.77212524414062 122.0
106.78054809570312 118.0
141.41323852539062 176.0
149.0139923095703 169.0
105.54344177246094 127.0
124.67486572265625 134.0
101.2999267578125 121.0
102.83370971679688 122.0
114.70724487304688 128.0
135.3537139892578 154.0
102.42801666259766 108.0
146.25283813476562 155.0
139.74717712402344 167.0
111.67858123779297 130.0
110.13870239257812 115.0
142.81695556640625 167.0
126.31502532958984 148.0
146.06686401367188 171.0
95.81687927246094 111.0
99.66670989990234 122.0
93.45221710205078 106.0
102.95651245117188 114.0
131.24411010742188 143.0
129.68116760253906 144.0
97.00395202636719 114.0
109.42453002929688 125.0
104.3696517944336 111.0
137.19845581054688 146.0
121.86187744140625 130.0
103.88597869873047 120.0
124.36537170410156 134.0
107.2606201171875 126.0
120.66139221191406 136.0
134.32521057128906 153.0
133.98599243164062 167.0
125.4401626586914 133.0
104.7323226928711 116.0
105.70028686523438 106.0
107.24008178710938 120.0
138.35906982421875 161.0
105.17513275146484 129.0
136.22488403320312 150.0
117.12062072753906 130.0
97.23059844970703 110.0
106.72063446044922 127.0
113.89401245117188 126.0
125.29568481445312 134.0
134.43075561523438 144.0
104.29650115966797 114.0
87.4964370727539 111.0
108.21739959716797 134.0
115.90652465820312 128.0
141.41871643066406 158.0
106.1227035522461 110.0
134.8399658203125 153.0
131.79385375976562 149.0
137.76043701171875 162.0
119.14344787597656 132.0
98.90553283691406 117.0
98.64991760253906 122.0
149.95994567871094 159.0
107.962646484375 126.0
122.81155395507812 154.0
111.20832061767578 132.0
100.41915893554688 124.0
97.87041473388672 112.0
105.76483917236328 119.0
119.78817749023438 139.0
145.9876708984375 167.0
110.91671752929688 135.0
142.68502807617188 160.0
104.24534606933594 122.0
105.77127075195312 118.0
154.5859832763672 176.0
146.82296752929688 169.0
106.31489562988281 127.0
113.36077117919922 134.0
97.7255630493164 121.0
104.16326141357422 122.0
106.53913879394531 128.0
143.45997619628906 154.0
101.63270568847656 108.0
144.70883178710938 155.0
143.4430694580078 167.0
109.93920135498047 130.0
104.29886627197266 115.0
151.37588500976562 167.0
125.86820983886719 148.0
146.2166748046875 171.0
97.47071075439453 111.0
98.48239135742188 122.0
100.75823211669922 106.0
99.97432708740234 114.0
126.48338317871094 143.0
126.27346801757812 144.0
86.90211486816406 114.0
106.3639907836914 125.0
99.6901626586914 111.0
133.82952880859375 146.0
117.44635772705078 130.0
97.94410705566406 120.0
119.48031616210938 134.0
110.99131774902344 126.0
117.84593200683594 136.0
138.03692626953125 153.0
153.11607360839844 167.0
122.13084411621094 133.0
98.5606460571289 116.0
101.4676513671875 106.0
100.38043212890625 120.0
137.55978393554688 161.0
102.71092224121094 129.0
130.68658447265625 150.0
120.88414764404297 130.0
93.34774780273438 110.0
104.16668701171875 127.0
110.59950256347656 126.0
121.26909637451172 134.0
136.2853240966797 144.0
100.08067321777344 114.0
90.5267105102539 111.0
108.76960754394531 134.0
110.01871490478516 128.0
138.57278442382812 158.0
99.12376403808594 110.0
139.768310546875 153.0
127.67674255371094 149.0
144.94712829589844 162.0
111.59907531738281 132.0
100.72286224365234 117.0
91.21444702148438 122.0
163.9819793701172 159.0
118.90968322753906 126.0
138.94386291503906 154.0
121.01132202148438 132.0
111.14722442626953 124.0
109.12173461914062 112.0
118.97415161132812 119.0
128.4200897216797 139.0
159.28509521484375 167.0
122.08539581298828 135.0
148.1591339111328 160.0
113.2615737915039 122.0
116.16255187988281 118.0
168.44107055664062 176.0
159.83209228515625 169.0
118.2980728149414 127.0
130.1453094482422 134.0
108.40283203125 121.0
114.78362274169922 122.0
121.7332763671875 128.0
156.25885009765625 154.0
110.3218994140625 108.0
157.17974853515625 155.0
157.70285034179688 167.0
125.03218078613281 130.0
113.7657470703125 115.0
160.03656005859375 167.0
136.38038635253906 148.0
158.2384033203125 171.0
106.72100067138672 111.0
112.20561981201172 122.0
107.02246856689453 106.0
110.25552368164062 114.0
139.22039794921875 143.0
142.31639099121094 144.0
101.76631927490234 114.0
118.20474243164062 125.0
112.19438934326172 111.0
144.7185516357422 146.0
129.13458251953125 130.0
107.02418518066406 120.0
132.27674865722656 134.0
119.48385620117188 126.0
131.5612030029297 136.0
146.2105712890625 153.0
159.67330932617188 167.0
135.219482421875 133.0
114.08668518066406 116.0
109.90092468261719 106.0
111.13224792480469 120.0
149.121826171875 161.0
113.99495697021484 129.0
143.91888427734375 150.0
132.4071807861328 130.0
102.39148712158203 110.0
115.89202117919922 127.0
121.8668441772461 126.0
134.61184692382812 134.0
148.24923706054688 144.0
108.52992248535156 114.0
97.27020263671875 111.0
119.7799072265625 134.0
124.93997192382812 128.0
152.93617248535156 158.0
111.95512390136719 110.0
149.47006225585938 153.0
143.1695098876953 149.0
156.5955047607422 162.0
126.03252410888672 132.0
110.25782775878906 117.0
103.24562072753906 122.0
163.46275329589844 159.0
119.66165161132812 126.0
140.05194091796875 154.0
121.83705139160156 132.0
111.26057434082031 124.0
109.80579376220703 112.0
118.73333740234375 119.0
129.7640380859375 139.0
161.06524658203125 167.0
122.5185546875 135.0
151.23915100097656 160.0
113.4764633178711 122.0
115.77191925048828 118.0
170.25933837890625 176.0
161.67884826660156 169.0
117.29331970214844 127.0
126.68792724609375 134.0
108.10800170898438 121.0
115.6489486694336 122.0
119.16939544677734 128.0
155.5093994140625 154.0
111.30145263671875 108.0
157.72225952148438 155.0
159.25912475585938 167.0
122.1614761352539 130.0
114.40311431884766 115.0
162.0477752685547 167.0
136.53692626953125 148.0
159.17230224609375 171.0
107.23387908935547 111.0
109.8694076538086 122.0
107.60347747802734 106.0
111.09529113769531 114.0
139.8202362060547 143.0
141.99945068359375 144.0
100.53187561035156 114.0
118.28288269042969 125.0
112.64482116699219 111.0
146.18508911132812 146.0
130.53895568847656 130.0
107.49872589111328 120.0
133.3528289794922 134.0
119.79630279541016 126.0
131.04759216308594 136.0
148.80506896972656 153.0
161.61154174804688 167.0
135.34327697753906 133.0
113.81106567382812 116.0
110.23624420166016 106.0
112.12032318115234 120.0
149.9543914794922 161.0
113.93251037597656 129.0
143.09201049804688 150.0
129.07818603515625 130.0
102.11132049560547 110.0
115.5723876953125 127.0
121.72276306152344 126.0
134.51316833496094 134.0
149.27383422851562 144.0
106.73501586914062 114.0
96.59918212890625 111.0
120.0002670288086 134.0
124.96273803710938 128.0
153.35708618164062 158.0
110.05713653564453 110.0
151.74705505371094 153.0
142.03443908691406 149.0
156.8673553466797 162.0
125.78390502929688 132.0
109.62153625488281 117.0
103.76932525634766 122.0
167.0591583251953 159.0
125.4374771118164 126.0
144.25045776367188 154.0
125.41232299804688 132.0
115.22477722167969 124.0
114.98770141601562 112.0
123.58950805664062 119.0
134.15740966796875 139.0
164.56146240234375 167.0
126.02778625488281 135.0
155.76548767089844 160.0
116.325439453125 122.0
119.90467071533203 118.0
176.0773468017578 176.0
166.39732360839844 169.0
122.05817413330078 127.0
130.8889923095703 134.0
113.31558227539062 121.0
120.42462158203125 122.0
123.35256958007812 128.0
159.49273681640625 154.0
114.502685546875 108.0
161.97308349609375 155.0
163.54800415039062 167.0
126.1358871459961 130.0
117.00051879882812 115.0
168.11361694335938 167.0
140.779541015625 148.0
164.8326416015625 171.0
110.78382110595703 111.0
113.52154541015625 122.0
109.6087875366211 106.0
115.24854278564453 114.0
143.43260192871094 143.0
147.47579956054688 144.0
104.6452865600586 114.0
123.18963623046875 125.0
116.3342056274414 111.0
150.23687744140625 146.0
134.03543090820312 130.0
110.83085632324219 120.0
136.51292419433594 134.0
125.29165649414062 126.0
134.15200805664062 136.0
153.22930908203125 153.0
165.49710083007812 167.0
140.02728271484375 133.0
118.90946960449219 116.0
112.31211853027344 106.0
115.7598876953125 120.0
153.71401977539062 161.0
117.55686950683594 129.0
147.43133544921875 150.0
133.84039306640625 130.0
105.47852325439453 110.0
119.19035339355469 127.0
125.36149597167969 126.0
142.5117950439453 134.0
155.55557250976562 144.0
111.80760192871094 114.0
99.22708129882812 111.0
123.589111328125 134.0
129.87942504882812 128.0
156.89352416992188 158.0
113.91502380371094 110.0
157.39248657226562 153.0
146.546142578125 149.0
161.36241149902344 162.0
129.63079833984375 132.0
113.01742553710938 117.0
107.7827377319336 122.0
155.62625122070312 159.0
114.61654663085938 126.0
134.60304260253906 154.0
117.32942199707031 132.0
106.72296142578125 124.0
102.572509765625 112.0
113.31895446777344 119.0
125.37792205810547 139.0
154.88644409179688 167.0
116.79866790771484 135.0
147.38363647460938 160.0
108.29055786132812 122.0
110.85064697265625 118.0
167.53697204589844 176.0
156.0424346923828 169.0
111.02555847167969 127.0
120.49311065673828 134.0
102.49056243896484 121.0
108.70143127441406 122.0
112.97354125976562 128.0
149.40863037109375 154.0
106.30791473388672 108.0
152.05987548828125 155.0
151.214599609375 167.0
116.50753784179688 130.0
108.6554183959961 115.0
158.9546356201172 167.0
131.99420166015625 148.0
152.80189514160156 171.0
102.96116638183594 111.0
104.80962371826172 122.0
100.45425415039062 106.0
106.95098876953125 114.0
133.9364471435547 143.0
135.6462860107422 144.0
94.63011932373047 114.0
112.05659484863281 125.0
106.4971694946289 111.0
141.27301025390625 146.0
125.12821197509766 130.0
101.81932067871094 120.0
127.2283706665039 134.0
113.38673400878906 126.0
124.99852752685547 136.0
145.26666259765625 153.0
157.99728393554688 167.0
128.13067626953125 133.0
107.18832397460938 116.0
104.2646484375 106.0
107.00485229492188 120.0
144.75308227539062 161.0
108.72616577148438 129.0
137.18125915527344 150.0
124.45966339111328 130.0
97.05744934082031 110.0
109.33169555664062 127.0
116.58489990234375 126.0
128.2899932861328 134.0
143.21836853027344 144.0
101.30001068115234 114.0
91.19172668457031 111.0
114.88703155517578 134.0
118.20013427734375 128.0
146.17669677734375 158.0
104.41849517822266 110.0
147.68338012695312 153.0
134.43551635742188 149.0
150.91595458984375 162.0
119.51849365234375 132.0
105.30471801757812 117.0
96.72220611572266 122.0
155.40255737304688 159.0
115.7363052368164 126.0
132.6473388671875 154.0
115.4668960571289 132.0
107.65538787841797 124.0
105.82791137695312 112.0
112.68551635742188 119.0
125.40972137451172 139.0
151.9188690185547 167.0
117.65769958496094 135.0
143.45913696289062 160.0
106.94012451171875 122.0
110.93550109863281 118.0
161.297607421875 176.0
152.8512725830078 169.0
112.4764404296875 127.0
121.66319274902344 134.0
104.91842651367188 121.0
111.2095947265625 122.0
114.55661010742188 128.0
149.0479278564453 154.0
105.26193237304688 108.0
149.26568603515625 155.0
152.2898712158203 167.0
117.19439697265625 130.0
107.33273315429688 115.0
155.1028594970703 167.0
130.5503387451172 148.0
153.13243103027344 171.0
103.28523254394531 111.0
106.21829223632812 122.0
101.51685333251953 106.0
106.63982391357422 114.0
133.26612854003906 143.0
135.11875915527344 144.0
97.38961029052734 114.0
114.60196685791016 125.0
107.3337173461914 111.0
138.8266143798828 146.0
124.26905059814453 130.0
101.69853973388672 120.0
125.56074523925781 134.0
115.66337585449219 126.0
126.27583312988281 136.0
141.93936157226562 153.0
152.07899475097656 167.0
128.88134765625 133.0
108.58208465576172 116.0
102.2343978881836 106.0
105.97932434082031 120.0
141.96739196777344 161.0
110.12745666503906 129.0
137.5833740234375 150.0
122.97036743164062 130.0
96.99759674072266 110.0
110.96109008789062 127.0
116.76448822021484 126.0
132.24984741210938 134.0
145.44427490234375 144.0
102.39181518554688 114.0
92.21723175048828 111.0
114.18453979492188 134.0
119.10065460205078 128.0
145.1824493408203 158.0
104.99809265136719 110.0
144.14163208007812 153.0
135.2189178466797 149.0
150.099853515625 162.0
118.48878479003906 132.0
105.50204467773438 117.0
100.63594818115234 122.0
170.14950561523438 159.0
123.2155990600586 126.0
145.0671844482422 154.0
125.67369842529297 132.0
114.34542846679688 124.0
114.81385803222656 112.0
126.20828247070312 119.0
135.03756713867188 139.0
166.30177307128906 167.0
125.29774475097656 135.0
154.6034698486328 160.0
117.11280059814453 122.0
119.03036499023438 118.0
180.630615234375 176.0
166.10150146484375 169.0
120.80838012695312 127.0
133.4009552001953 134.0
114.45716094970703 121.0
120.13967895507812 122.0
124.65577697753906 128.0
161.81121826171875 154.0
114.83147430419922 108.0
163.3460693359375 155.0
163.99948120117188 167.0
127.78968048095703 130.0
118.48835754394531 115.0
167.28811645507812 167.0
143.490478515625 148.0
163.78036499023438 171.0
110.23829650878906 111.0
114.07098388671875 122.0
109.75997924804688 106.0
115.18579864501953 114.0
145.55438232421875 143.0
146.56712341308594 144.0
104.15494537353516 114.0
121.68807983398438 125.0
116.6715087890625 111.0
151.21986389160156 146.0
134.87594604492188 130.0
112.2831802368164 120.0
137.864990234375 134.0
125.6483383178711 126.0
135.66673278808594 136.0
152.53887939453125 153.0
167.49835205078125 167.0
141.74551391601562 133.0
118.05209350585938 116.0
114.26620483398438 106.0
117.32652282714844 120.0
155.6357421875 161.0
118.59756469726562 129.0
151.94630432128906 150.0
135.28228759765625 130.0
106.43742370605469 110.0
120.06608581542969 127.0
126.98788452148438 126.0
140.61502075195312 134.0
154.67495727539062 144.0
112.99826049804688 114.0
100.11779022216797 111.0
123.68685913085938 134.0
128.60610961914062 128.0
158.92066955566406 158.0
115.61933135986328 110.0
156.21685791015625 153.0
146.77027893066406 149.0
162.4019012451172 162.0
130.43405151367188 132.0
114.40919494628906 117.0
108.0912094116211 122.0
184.52670288085938 159.0
133.3876190185547 126.0
156.37020874023438 154.0
135.69500732421875 132.0
125.26085662841797 124.0
127.0934066772461 112.0
136.05213928222656 119.0
144.71238708496094 139.0
178.52366638183594 167.0
137.70167541503906 135.0
165.8582305908203 160.0
126.440673828125 122.0
129.5140838623047 118.0
187.7879638671875 176.0
179.4551239013672 169.0
132.0304718017578 127.0
148.41734313964844 134.0
124.61859130859375 121.0
132.70672607421875 122.0
138.83883666992188 128.0
174.79786682128906 154.0
123.5455551147461 108.0
175.39242553710938 155.0
178.54891967773438 167.0
139.9796142578125 130.0
127.28175354003906 115.0
178.63966369628906 167.0
154.20387268066406 148.0
178.2159423828125 171.0
118.17829895019531 111.0
123.66151428222656 122.0
120.89542388916016 106.0
123.67927551269531 114.0
155.3960723876953 143.0
158.66859436035156 144.0
113.43802642822266 114.0
133.75830078125 125.0
127.37863159179688 111.0
161.36825561523438 146.0
145.2185516357422 130.0
120.10022735595703 120.0
148.11761474609375 134.0
137.65443420410156 126.0
148.02716064453125 136.0
163.21249389648438 153.0
177.49913024902344 167.0
155.72540283203125 133.0
128.8118896484375 116.0
123.07915496826172 106.0
125.5550537109375 120.0
166.32266235351562 161.0
128.7718963623047 129.0
162.35145568847656 150.0
147.4686279296875 130.0
112.90962219238281 110.0
131.09107971191406 127.0
137.7642059326172 126.0
152.0048828125 134.0
167.3502655029297 144.0
122.48130798339844 114.0
107.32833862304688 111.0
132.61302185058594 134.0
140.41265869140625 128.0
173.1236114501953 158.0
127.1384048461914 110.0
167.9860382080078 153.0
161.7808074951172 149.0
176.344482421875 162.0
140.57745361328125 132.0
124.63217163085938 117.0
117.60440063476562 122.0
173.42877197265625 159.0
126.56234741210938 126.0
147.76303100585938 154.0
127.933349609375 132.0
117.98175048828125 124.0
119.76704406738281 112.0
126.63615417480469 119.0
138.232666015625 139.0
168.57928466796875 167.0
130.1894989013672 135.0
157.6418914794922 160.0
119.09801483154297 122.0
122.85572052001953 118.0
179.0919952392578 176.0
170.22055053710938 169.0
125.45929718017578 127.0
137.18594360351562 134.0
116.63082885742188 121.0
126.05088806152344 122.0
128.22344970703125 128.0
165.6448211669922 154.0
116.43124389648438 108.0
165.84947204589844 155.0
167.9632568359375 167.0
130.35301208496094 130.0
119.498779296875 115.0
169.11141967773438 167.0
145.43882751464844 148.0
168.6881561279297 171.0
113.06599426269531 111.0
117.19354248046875 122.0
115.17262268066406 106.0
117.26777648925781 114.0
146.73757934570312 143.0
150.64974975585938 144.0
107.92039489746094 114.0
127.57146453857422 125.0
119.5852279663086 111.0
152.76165771484375 146.0
137.2986297607422 130.0
112.80004119873047 120.0
139.78773498535156 134.0
129.8348388671875 126.0
138.48757934570312 136.0
155.15496826171875 153.0
167.67892456054688 167.0
146.49533081054688 133.0
121.76578521728516 116.0
114.94139099121094 106.0
118.43936920166016 120.0
157.19482421875 161.0
120.31832885742188 129.0
152.46685791015625 150.0
136.95266723632812 130.0
106.18344116210938 110.0
123.05034637451172 127.0
128.96337890625 126.0
145.67617797851562 134.0
159.8818359375 144.0
114.03767395019531 114.0
102.61783599853516 111.0
125.44917297363281 134.0
133.68894958496094 128.0
162.25588989257812 158.0
117.97129821777344 110.0
158.4368133544922 153.0
152.9348602294922 149.0
166.79762268066406 162.0
131.27427673339844 132.0
116.22579956054688 117.0
114.09306335449219 122.0
162.16249084472656 159.0
120.53669738769531 126.0
141.46795654296875 154.0
122.66909790039062 132.0
111.75161743164062 124.0
109.42060852050781 112.0
120.36764526367188 119.0
130.74746704101562 139.0
160.49281311035156 167.0
122.64778137207031 135.0
151.47166442871094 160.0
113.42853546142578 122.0
117.29277038574219 118.0
173.0784912109375 176.0
162.06387329101562 169.0
119.47201538085938 127.0
128.61781311035156 134.0
108.83674621582031 121.0
115.20266723632812 122.0
121.50148010253906 128.0
157.1004180908203 154.0
111.2558822631836 108.0
157.76812744140625 155.0
157.69056701660156 167.0
123.85574340820312 130.0
114.11135864257812 115.0
163.10317993164062 167.0
136.859619140625 148.0
159.4569549560547 171.0
108.29753875732422 111.0
111.16011810302734 122.0
106.89200592041016 106.0
111.811279296875 114.0
140.3138427734375 143.0
143.8956756591797 144.0
101.66708374023438 114.0
119.0230484008789 125.0
112.73710632324219 111.0
146.60507202148438 146.0
130.81185913085938 130.0
108.75931549072266 120.0
133.13583374023438 134.0
119.50238037109375 126.0
130.98020935058594 136.0
148.607421875 153.0
161.45877075195312 167.0
135.5413818359375 133.0
115.72933959960938 116.0
109.5927734375 106.0
113.4999008178711 120.0
150.70176696777344 161.0
113.55347442626953 129.0
144.85452270507812 150.0
131.00242614746094 130.0
102.97219848632812 110.0
115.2203140258789 127.0
121.96377563476562 126.0
135.4418182373047 134.0
147.80979919433594 144.0
108.57806396484375 114.0
97.54528045654297 111.0
121.13546752929688 134.0
126.32328796386719 128.0
153.00286865234375 158.0
111.3859634399414 110.0
151.66787719726562 153.0
142.50332641601562 149.0
157.5148162841797 162.0
126.43993377685547 132.0
110.06489562988281 117.0
105.44749450683594 122.0
174.94381713867188 159.0
128.85726928710938 126.0
152.53964233398438 154.0
131.51292419433594 132.0
121.19635009765625 124.0
119.71318817138672 112.0
129.1793670654297 119.0
139.19375610351562 139.0
172.6360321044922 167.0
132.89324951171875 135.0
160.32730102539062 160.0
121.880859375 122.0
125.02519226074219 118.0
180.41567993164062 176.0
173.74746704101562 169.0
128.41725158691406 127.0
140.46893310546875 134.0
117.2514419555664 121.0
124.87396240234375 122.0
131.48251342773438 128.0
168.74261474609375 154.0
119.17244720458984 108.0
169.01788330078125 155.0
170.58718872070312 167.0
134.0150146484375 130.0
122.60917663574219 115.0
172.70069885253906 167.0
146.16004943847656 148.0
172.50946044921875 171.0
115.07498931884766 111.0
120.18133544921875 122.0
116.82931518554688 106.0
119.4765625 114.0
149.75869750976562 143.0
154.0277099609375 144.0
109.77742767333984 114.0
128.8610076904297 125.0
122.51319122314453 111.0
156.26028442382812 146.0
140.7890625 130.0
115.83134460449219 120.0
143.375 134.0
128.48983764648438 126.0
140.38323974609375 136.0
158.1046600341797 153.0
171.6151123046875 167.0
148.1617431640625 133.0
124.1567153930664 116.0
118.26342010498047 106.0
121.38921356201172 120.0
160.11276245117188 161.0
122.10578918457031 129.0
153.7803955078125 150.0
142.32308959960938 130.0
108.77143096923828 110.0
123.8041763305664 127.0
130.42520141601562 126.0
145.75930786132812 134.0
160.57470703125 144.0
116.35078430175781 114.0
104.01360321044922 111.0
128.8498077392578 134.0
136.50262451171875 128.0
164.9542999267578 158.0
121.46694946289062 110.0
161.56680297851562 153.0
155.68836975097656 149.0
169.65597534179688 162.0
135.68316650390625 132.0
118.29400634765625 117.0
113.73885345458984 122.0
168.0529022216797 159.0
125.74996948242188 126.0
146.30426025390625 154.0
126.44850158691406 132.0
116.19939422607422 124.0
112.18936920166016 112.0
125.36489868164062 119.0
136.27757263183594 139.0
165.0438232421875 167.0
127.34611511230469 135.0
155.24256896972656 160.0
116.95216369628906 122.0
121.37272644042969 118.0
176.6407012939453 176.0
165.5905303955078 169.0
124.2252197265625 127.0
133.77810668945312 134.0
113.5684585571289 121.0
118.57684326171875 122.0
126.45426940917969 128.0
162.38885498046875 154.0
114.77304077148438 108.0
162.27859497070312 155.0
162.494873046875 167.0
128.18190002441406 130.0
118.17410278320312 115.0
166.5214385986328 167.0
140.93057250976562 148.0
165.41098022460938 171.0
112.21823120117188 111.0
116.62564849853516 122.0
110.21403503417969 106.0
116.55859375 114.0
144.17091369628906 143.0
149.1923370361328 144.0
107.34709930419922 114.0
123.6112289428711 125.0
117.6816177368164 111.0
149.8387451171875 146.0
135.08993530273438 130.0
113.28018188476562 120.0
137.3735809326172 134.0
123.6866455078125 126.0
135.05001831054688 136.0
152.28805541992188 153.0
165.8793182373047 167.0
139.52838134765625 133.0
120.89042663574219 116.0
112.71680450439453 106.0
117.62689208984375 120.0
153.9335174560547 161.0
117.27545928955078 129.0
149.03001403808594 150.0
134.77536010742188 130.0
107.40726470947266 110.0
118.91423034667969 127.0
126.10367584228516 126.0
140.02444458007812 134.0
153.02288818359375 144.0
113.66561126708984 114.0
103.20196533203125 111.0
125.52046203613281 134.0
131.6624755859375 128.0
157.92855834960938 158.0
116.51370239257812 110.0
155.59510803222656 153.0
147.7051239013672 149.0
163.59828186035156 162.0
132.14508056640625 132.0
113.54209899902344 117.0
110.89032745361328 122.0
170.91062927246094 159.0
126.45001983642578 126.0
148.25271606445312 154.0
127.0870132446289 132.0
117.45828247070312 124.0
115.82586669921875 112.0
127.15404510498047 119.0
137.34446716308594 139.0
168.44711303710938 167.0
129.22805786132812 135.0
155.70843505859375 160.0
118.32845306396484 122.0
121.91706085205078 118.0
177.41644287109375 176.0
168.54835510253906 169.0
124.88337707519531 127.0
133.74017333984375 134.0
113.0859603881836 121.0
121.3995590209961 122.0
126.4112548828125 128.0
163.48275756835938 154.0
115.96418762207031 108.0
164.79722595214844 155.0
164.59725952148438 167.0
128.60357666015625 130.0
118.58739471435547 115.0
167.43678283691406 167.0
143.64389038085938 148.0
167.8871612548828 171.0
112.27677917480469 111.0
115.3947525024414 122.0
112.85317993164062 106.0
117.23519134521484 114.0
145.7863006591797 143.0
149.99612426757812 144.0
106.50019836425781 114.0
125.99266815185547 125.0
118.2125015258789 111.0
151.6581573486328 146.0
137.20199584960938 130.0
113.02351379394531 120.0
139.0340576171875 134.0
125.11444091796875 126.0
136.45257568359375 136.0
153.1073760986328 153.0
166.7880859375 167.0
142.59564208984375 133.0
120.7320785522461 116.0
112.81597900390625 106.0
117.75093078613281 120.0
156.20046997070312 161.0
118.63212585449219 129.0
150.84835815429688 150.0
134.40692138671875 130.0
105.75440216064453 110.0
119.23773956298828 127.0
126.81354522705078 126.0
142.6488037109375 134.0
157.01547241210938 144.0
114.48519134521484 114.0
101.7873764038086 111.0
124.93763732910156 134.0
132.70053100585938 128.0
161.89512634277344 158.0
116.87568664550781 110.0
157.0408935546875 153.0
148.4022216796875 149.0
166.65052795410156 162.0
130.7335968017578 132.0
113.587646484375 117.0
111.8455810546875 122.0
171.49977111816406 159.0
125.0826416015625 126.0
147.671142578125 154.0
127.49180603027344 132.0
115.68939971923828 124.0
118.026123046875 112.0
126.20487976074219 119.0
137.81036376953125 139.0
168.17864990234375 167.0
128.8593292236328 135.0
158.13308715820312 160.0
118.47322082519531 122.0
120.65065002441406 118.0
176.34413146972656 176.0
168.8281707763672 169.0
123.77690124511719 127.0
135.24591064453125 134.0
113.46251678466797 121.0
123.63681030273438 122.0
126.45697784423828 128.0
163.8614959716797 154.0
116.41433715820312 108.0
165.1546173095703 155.0
167.252197265625 167.0
128.78802490234375 130.0
119.07437133789062 115.0
167.93466186523438 167.0
142.9340057373047 148.0
168.28282165527344 171.0
111.66693115234375 111.0
114.76968383789062 122.0
113.71592712402344 106.0
116.68759155273438 114.0
146.07151794433594 143.0
149.1341552734375 144.0
105.63565063476562 114.0
125.39533233642578 125.0
118.733154296875 111.0
151.94346618652344 146.0
136.34451293945312 130.0
113.05420684814453 120.0
139.07933044433594 134.0
127.59466552734375 126.0
136.41366577148438 136.0
154.44847106933594 153.0
167.30868530273438 167.0
145.83111572265625 133.0
119.22032165527344 116.0
114.18872833251953 106.0
117.80571746826172 120.0
156.38540649414062 161.0
118.78351593017578 129.0
149.85496520996094 150.0
136.0472869873047 130.0
105.47779846191406 110.0
120.60993957519531 127.0
126.843994140625 126.0
142.0012969970703 134.0
156.45367431640625 144.0
113.25172424316406 114.0
101.8218765258789 111.0
124.69424438476562 134.0
131.94139099121094 128.0
161.0364227294922 158.0
117.38915252685547 110.0
158.3415985107422 153.0
150.56582641601562 149.0
165.68917846679688 162.0
130.6767120361328 132.0
113.51295471191406 117.0
111.76710510253906 122.0
168.59527587890625 159.0
121.66387176513672 126.0
143.73516845703125 154.0
124.13540649414062 132.0
114.340576171875 124.0
113.0738525390625 112.0
123.22148895263672 119.0
133.2704315185547 139.0
163.90863037109375 167.0
125.32295227050781 135.0
153.0056915283203 160.0
114.7407455444336 122.0
118.10467529296875 118.0
177.00701904296875 176.0
164.72222900390625 169.0
120.75568389892578 127.0
132.82421875 134.0
114.09518432617188 121.0
119.32563781738281 122.0
124.65898895263672 128.0
160.01461791992188 154.0
113.38957214355469 108.0
160.748779296875 155.0
162.3871612548828 167.0
127.3252944946289 130.0
115.9173812866211 115.0
165.64646911621094 167.0
141.11669921875 148.0
163.14617919921875 171.0
108.53319549560547 111.0
113.20916748046875 122.0
108.09384155273438 106.0
113.68660736083984 114.0
142.04071044921875 143.0
145.14352416992188 144.0
102.85798645019531 114.0
121.29310607910156 125.0
115.32748413085938 111.0
148.92950439453125 146.0
132.9415740966797 130.0
109.60066223144531 120.0
135.6150360107422 134.0
125.12513732910156 126.0
134.8872833251953 136.0
150.86160278320312 153.0
165.8316192626953 167.0
139.68785095214844 133.0
115.12692260742188 116.0
111.07408905029297 106.0
114.75695037841797 120.0
152.4491424560547 161.0
117.52128601074219 129.0
150.08712768554688 150.0
135.06015014648438 130.0
103.61198425292969 110.0
118.5917739868164 127.0
125.50077819824219 126.0
139.23312377929688 134.0
154.2818603515625 144.0
111.08439636230469 114.0
98.72216033935547 111.0
121.66573333740234 134.0
127.7476577758789 128.0
158.16885375976562 158.0
114.85113525390625 110.0
154.86184692382812 153.0
146.61474609375 149.0
160.94703674316406 162.0
128.06375122070312 132.0
113.408447265625 117.0
106.72789764404297 122.0
167.69046020507812 159.0
122.90940856933594 126.0
145.04881286621094 154.0
124.99888610839844 132.0
114.754638671875 124.0
112.31411743164062 112.0
123.08149719238281 119.0
133.9398956298828 139.0
164.0728759765625 167.0
125.53822326660156 135.0
153.106201171875 160.0
115.0762710571289 122.0
118.70747375488281 118.0
173.28375244140625 176.0
164.27122497558594 169.0
121.38190460205078 127.0
132.73486328125 134.0
112.09412384033203 121.0
119.08135986328125 122.0
124.75426483154297 128.0
161.6568603515625 154.0
113.57508087158203 108.0
160.599609375 155.0
161.69235229492188 167.0
126.89724731445312 130.0
116.35452270507812 115.0
164.82083129882812 167.0
140.68002319335938 148.0
163.13668823242188 171.0
110.37040710449219 111.0
114.23381042480469 122.0
109.68193817138672 106.0
114.45059204101562 114.0
143.08941650390625 143.0
146.0221710205078 144.0
104.539306640625 114.0
121.75057220458984 125.0
115.68782806396484 111.0
148.7315673828125 146.0
133.8372802734375 130.0
110.41600799560547 120.0
136.4845428466797 134.0
124.00628662109375 126.0
134.4773712158203 136.0
150.8563232421875 153.0
163.2081298828125 167.0
140.37527465820312 133.0
117.11329650878906 116.0
111.63499450683594 106.0
115.68096923828125 120.0
153.08053588867188 161.0
116.8157958984375 129.0
149.7646026611328 150.0
134.23451232910156 130.0
104.14730834960938 110.0
118.18576049804688 127.0
125.1846694946289 126.0
138.8134307861328 134.0
154.06370544433594 144.0
110.03385925292969 114.0
99.6403579711914 111.0
122.77812194824219 134.0
128.99435424804688 128.0
157.60267639160156 158.0
114.22010040283203 110.0
153.76158142089844 153.0
146.53616333007812 149.0
161.86618041992188 162.0
128.33184814453125 132.0
112.5936279296875 117.0
108.08184051513672 122.0
159.40499877929688 159.0
117.28169250488281 126.0
139.0677490234375 154.0
120.29435729980469 132.0
110.63033294677734 124.0
105.06927490234375 112.0
113.34039306640625 119.0
126.157958984375 139.0
160.09442138671875 167.0
120.77596282958984 135.0
148.21852111816406 160.0
111.78302001953125 122.0
114.58169555664062 118.0
168.2959442138672 176.0
161.30682373046875 169.0
115.26686096191406 127.0
122.28890991210938 134.0
106.10697937011719 121.0
112.13652038574219 122.0
116.0869140625 128.0
154.8894805908203 154.0
109.2030029296875 108.0
157.00177001953125 155.0
156.93528747558594 167.0
119.16351318359375 130.0
111.71112823486328 115.0
162.46646118164062 167.0
135.0146484375 148.0
158.02719116210938 171.0
103.84356689453125 111.0
107.71551513671875 122.0
103.66262817382812 106.0
108.9195785522461 114.0
137.32830810546875 143.0
140.67327880859375 144.0
97.52294921875 114.0
115.8392333984375 125.0
110.75956726074219 111.0
145.75343322753906 146.0
129.82920837402344 130.0
103.35916900634766 120.0
132.25218200683594 134.0
117.91432189941406 126.0
127.99693298339844 136.0
147.686279296875 153.0
158.78675842285156 167.0
131.92576599121094 133.0
110.38965606689453 116.0
107.23126220703125 106.0
109.0018081665039 120.0
148.5108184814453 161.0
110.2794418334961 129.0
141.84658813476562 150.0
126.11720275878906 130.0
97.7070541381836 110.0
112.08152770996094 127.0
119.18525695800781 126.0
130.98463439941406 134.0
148.58604431152344 144.0
101.99663543701172 114.0
91.63165283203125 111.0
116.52680969238281 134.0
121.88274383544922 128.0
149.8433380126953 158.0
106.84529876708984 110.0
151.56179809570312 153.0
138.15682983398438 149.0
155.7799835205078 162.0
121.58305358886719 132.0
107.60973358154297 117.0
98.28265380859375 122.0
167.11241149902344 159.0
122.14933013916016 126.0
145.0823211669922 154.0
125.40116119384766 132.0
114.80215454101562 124.0
111.48912048339844 112.0
120.26753234863281 119.0
135.26095581054688 139.0
165.8077392578125 167.0
126.29644775390625 135.0
156.50982666015625 160.0
115.58341979980469 122.0
119.0304946899414 118.0
175.3314666748047 176.0
166.40509033203125 169.0
120.9170913696289 127.0
129.99911499023438 134.0
111.77104187011719 121.0
118.4380874633789 122.0
123.3001708984375 128.0
162.03421020507812 154.0
113.33451843261719 108.0
163.03610229492188 155.0
163.5335693359375 167.0
125.72050476074219 130.0
115.6254653930664 115.0
167.94638061523438 167.0
141.35324096679688 148.0
165.0733642578125 171.0
110.04888916015625 111.0
113.52561950683594 122.0
110.15321350097656 106.0
114.14292907714844 114.0
143.396728515625 143.0
146.05270385742188 144.0
102.88188171386719 114.0
121.29987335205078 125.0
115.02134704589844 111.0
150.2407684326172 146.0
133.47702026367188 130.0
109.42233276367188 120.0
136.26190185546875 134.0
124.64239501953125 126.0
134.24285888671875 136.0
153.5796356201172 153.0
166.4832763671875 167.0
138.98489379882812 133.0
114.98225402832031 116.0
111.29277038574219 106.0
114.30882263183594 120.0
154.3878936767578 161.0
116.54342651367188 129.0
147.38148498535156 150.0
131.91429138183594 130.0
102.74861145019531 110.0
117.1961898803711 127.0
125.01295471191406 126.0
138.16871643066406 134.0
154.73898315429688 144.0
109.32424926757812 114.0
99.50927734375 111.0
122.66499328613281 134.0
127.36425018310547 128.0
156.9450225830078 158.0
112.55706787109375 110.0
157.15676879882812 153.0
145.44537353515625 149.0
163.11727905273438 162.0
127.47810363769531 132.0
113.22413635253906 117.0
106.32552337646484 122.0
159.23568725585938 159.0
120.1728515625 126.0
141.15982055664062 154.0
121.81229400634766 132.0
111.55406951904297 124.0
108.49005126953125 112.0
118.7850112915039 119.0
128.8308868408203 139.0
158.1131134033203 167.0
120.42530059814453 135.0
148.24374389648438 160.0
111.75900268554688 122.0
114.91806030273438 118.0
168.09329223632812 176.0
159.73915100097656 169.0
117.59428405761719 127.0
126.19776916503906 134.0
108.03447723388672 121.0
114.61192321777344 122.0
119.01364135742188 128.0
153.9945831298828 154.0
110.55967712402344 108.0
155.13209533691406 155.0
156.2078399658203 167.0
121.43338012695312 130.0
112.32425689697266 115.0
160.97079467773438 167.0
134.55880737304688 148.0
157.29425048828125 171.0
107.32749938964844 111.0
109.87183380126953 122.0
104.53739929199219 106.0
111.78190612792969 114.0
138.1859130859375 143.0
141.79507446289062 144.0
100.31023406982422 114.0
116.71421813964844 125.0
111.04512023925781 111.0
145.05162048339844 146.0
129.8126678466797 130.0
107.7173843383789 120.0
132.93191528320312 134.0
119.56283569335938 126.0
129.48794555664062 136.0
145.452880859375 153.0
157.4391326904297 167.0
135.11770629882812 133.0
113.21207427978516 116.0
107.84877014160156 106.0
112.82154846191406 120.0
148.63052368164062 161.0
113.11892700195312 129.0
142.82510375976562 150.0
129.06272888183594 130.0
101.60148620605469 110.0
115.08274841308594 127.0
120.45935821533203 126.0
134.3200225830078 134.0
148.0160369873047 144.0
106.29348754882812 114.0
96.18708801269531 111.0
120.2468490600586 134.0
125.26454162597656 128.0
150.2019805908203 158.0
109.17013549804688 110.0
150.1215362548828 153.0
142.30348205566406 149.0
154.61160278320312 162.0
123.36136627197266 132.0
108.6915512084961 117.0
103.0377197265625 122.0
152.4200439453125 159.0
117.13200378417969 126.0
132.57615661621094 154.0
117.14352416992188 132.0
106.53907012939453 124.0
103.3175048828125 112.0
108.12387084960938 119.0
127.24027252197266 139.0
151.85018920898438 167.0
115.58877563476562 135.0
147.31277465820312 160.0
105.1837387084961 122.0
110.06244659423828 118.0
165.3472137451172 176.0
151.40066528320312 169.0
110.01506042480469 127.0
112.25276947021484 134.0
103.6613540649414 121.0
111.14349365234375 122.0
107.3541259765625 128.0
148.8234405517578 154.0
104.09882354736328 108.0
148.84178161621094 155.0
153.15599060058594 167.0
111.56463623046875 130.0
104.55110168457031 115.0
155.8486785888672 167.0
132.1066436767578 148.0
151.8381805419922 171.0
105.10220336914062 111.0
104.18041229248047 122.0
99.50628662109375 106.0
108.06617736816406 114.0
131.63816833496094 143.0
133.95689392089844 144.0
94.63831329345703 114.0
114.67110443115234 125.0
104.02940368652344 111.0
137.62548828125 146.0
122.78916931152344 130.0
100.92943572998047 120.0
124.35220336914062 134.0
116.59366607666016 126.0
123.56927490234375 136.0
142.53387451171875 153.0
152.09950256347656 167.0
125.56707000732422 133.0
106.54573059082031 116.0
98.13880920410156 106.0
104.99697875976562 120.0
142.0008087158203 161.0
109.61894989013672 129.0
137.4720458984375 150.0
116.99893951416016 130.0
97.1151351928711 110.0
111.41575622558594 127.0
116.06707000732422 126.0
131.2008819580078 134.0
145.28244018554688 144.0
98.57736206054688 114.0
92.70785522460938 111.0
114.28441619873047 134.0
117.76803588867188 128.0
142.60659790039062 158.0
100.0438232421875 110.0
144.35659790039062 153.0
132.71749877929688 149.0
150.7744598388672 162.0
113.8538589477539 132.0
104.93019104003906 117.0
102.56521606445312 122.0
170.35568237304688 159.0
126.75038146972656 126.0
148.78880310058594 154.0
128.35235595703125 132.0
116.72765350341797 124.0
115.01433563232422 112.0
126.2830581665039 119.0
134.9250030517578 139.0
167.9276885986328 167.0
128.29754638671875 135.0
157.71310424804688 160.0
117.97339630126953 122.0
122.25691223144531 118.0
179.12867736816406 176.0
170.05810546875 169.0
124.3218765258789 127.0
136.14015197753906 134.0
113.41575622558594 121.0
120.82254791259766 122.0
127.71240997314453 128.0
163.74398803710938 154.0
116.22396087646484 108.0
164.97604370117188 155.0
167.04335021972656 167.0
130.11033630371094 130.0
118.43711853027344 115.0
170.16983032226562 167.0
143.30978393554688 148.0
169.300048828125 171.0
111.49922943115234 111.0
115.54872131347656 122.0
111.49047088623047 106.0
116.8870620727539 114.0
144.49522399902344 143.0
150.3155059814453 144.0
104.71653747558594 114.0
123.58247375488281 125.0
117.16925048828125 111.0
153.58514404296875 146.0
136.6100311279297 130.0
111.40959167480469 120.0
139.74398803710938 134.0
127.6162109375 126.0
138.03111267089844 136.0
155.0443115234375 153.0
167.96844482421875 167.0
144.38046264648438 133.0
119.41304779052734 116.0
113.2257308959961 106.0
117.6462173461914 120.0
156.63787841796875 161.0
119.38336181640625 129.0
149.6481170654297 150.0
137.0011444091797 130.0
105.06492614746094 110.0
122.0832290649414 127.0
128.6103057861328 126.0
138.6341552734375 134.0
154.29840087890625 144.0
112.40156555175781 114.0
100.19483947753906 111.0
124.92308044433594 134.0
132.4527130126953 128.0
159.79293823242188 158.0
117.12394714355469 110.0
160.1192626953125 153.0
151.89488220214844 149.0
165.1119842529297 162.0
130.28829956054688 132.0
115.53460693359375 117.0
107.979248046875 122.0
166.47178649902344 159.0
123.47757720947266 126.0
145.18963623046875 154.0
124.89092254638672 132.0
114.89496612548828 124.0
113.02500915527344 112.0
122.26239013671875 119.0
133.18678283691406 139.0
164.37991333007812 167.0
125.40119934082031 135.0
153.6962127685547 160.0
115.02536010742188 122.0
118.97697448730469 118.0
173.42835998535156 176.0
164.96969604492188 169.0
121.39912414550781 127.0
131.67279052734375 134.0
112.54765319824219 121.0
119.33290100097656 122.0
124.16990661621094 128.0
161.266357421875 154.0
113.1780014038086 108.0
160.93130493164062 155.0
163.20791625976562 167.0
126.33984375 130.0
115.44073486328125 115.0
165.42799377441406 167.0
140.57318115234375 148.0
163.78794860839844 171.0
110.02491760253906 111.0
113.68804931640625 122.0
109.02586364746094 106.0
114.35049438476562 114.0
142.39439392089844 143.0
146.39817810058594 144.0
103.49916076660156 114.0
121.87347412109375 125.0
114.806884765625 111.0
149.05508422851562 146.0
133.30352783203125 130.0
109.48294067382812 120.0
136.0993194580078 134.0
125.03104400634766 126.0
134.79315185546875 136.0
151.02572631835938 153.0
163.1280517578125 167.0
140.03521728515625 133.0
116.3921890258789 116.0
110.51079559326172 106.0
115.11823272705078 120.0
153.4836883544922 161.0
117.05091094970703 129.0
148.0461883544922 150.0
133.04286193847656 130.0
103.3580551147461 110.0
119.14154052734375 127.0
125.2052993774414 126.0
138.95169067382812 134.0
154.25045776367188 144.0
109.69001007080078 114.0
98.85201263427734 111.0
122.8929672241211 134.0
128.946044921875 128.0
156.6591796875 158.0
113.63076782226562 110.0
154.9589080810547 153.0
147.49368286132812 149.0
161.50204467773438 162.0
127.64047241210938 132.0
113.29866790771484 117.0
106.98970794677734 122.0
163.457275390625 159.0
121.32913208007812 126.0
142.32041931152344 154.0
123.07717895507812 132.0
113.02409362792969 124.0
110.65483856201172 112.0
119.52412414550781 119.0
131.10662841796875 139.0
161.5693359375 167.0
123.29154968261719 135.0
151.66668701171875 160.0
112.97107696533203 122.0
116.93590545654297 118.0
172.00376892089844 176.0
162.40493774414062 169.0
118.85232543945312 127.0
128.2695770263672 134.0
110.76046752929688 121.0
117.44390869140625 122.0
121.06716918945312 128.0
158.39259338378906 154.0
111.35160827636719 108.0
158.33766174316406 155.0
160.22669982910156 167.0
123.57234954833984 130.0
113.2672348022461 115.0
163.40899658203125 167.0
138.7584686279297 148.0
161.00685119628906 171.0
108.33643341064453 111.0
111.41504669189453 122.0
106.53375244140625 106.0
112.64533996582031 114.0
139.86997985839844 143.0
143.5978546142578 144.0
101.20137786865234 114.0
119.58273315429688 125.0
112.73103332519531 111.0
146.90597534179688 146.0
131.11184692382812 130.0
107.12553405761719 120.0
133.79083251953125 134.0
123.28577423095703 126.0
132.2132568359375 136.0
149.0919189453125 153.0
160.923828125 167.0
137.08302307128906 133.0
114.26095581054688 116.0
108.5655517578125 106.0
112.99681854248047 120.0
151.0861053466797 161.0
114.90090942382812 129.0
145.867919921875 150.0
130.22769165039062 130.0
101.52928924560547 110.0
117.22401428222656 127.0
123.22210693359375 126.0
136.6132049560547 134.0
151.95553588867188 144.0
107.28074645996094 114.0
96.72013092041016 111.0
120.816162109375 134.0
126.14849853515625 128.0
153.5483856201172 158.0
111.00175476074219 110.0
153.07958984375 153.0
144.26539611816406 149.0
158.78076171875 162.0
124.78267669677734 132.0
111.47683715820312 117.0
104.88957977294922 122.0
160.87734985351562 159.0
119.93669128417969 126.0
140.63650512695312 154.0
121.78009033203125 132.0
111.80891418457031 124.0
108.7043685913086 112.0
117.74429321289062 119.0
130.41458129882812 139.0
159.70175170898438 167.0
122.020751953125 135.0
150.715087890625 160.0
111.49531555175781 122.0
115.62565612792969 118.0
169.60569763183594 176.0
160.27296447753906 169.0
117.09793090820312 127.0
126.15648651123047 134.0
107.99282836914062 121.0
115.15699768066406 122.0
119.21913146972656 128.0
157.02879333496094 154.0
109.88619995117188 108.0
156.56500244140625 155.0
157.5293426513672 167.0
121.82914733886719 130.0
111.6864013671875 115.0
161.64566040039062 167.0
136.7801055908203 148.0
159.3470001220703 171.0
107.50318908691406 111.0
110.73536682128906 122.0
105.8163070678711 106.0
111.62882232666016 114.0
138.41651916503906 143.0
141.72662353515625 144.0
100.35802459716797 114.0
118.14814758300781 125.0
111.26608276367188 111.0
145.18264770507812 146.0
129.53909301757812 130.0
105.99032592773438 120.0
131.92333984375 134.0
120.80378723144531 126.0
130.05657958984375 136.0
147.8565673828125 153.0
159.16744995117188 167.0
134.64788818359375 133.0
112.46965026855469 116.0
106.69622802734375 106.0
111.41831970214844 120.0
149.33172607421875 161.0
113.10521697998047 129.0
143.14906311035156 150.0
127.75804138183594 130.0
100.55128479003906 110.0
114.51924133300781 127.0
121.32160186767578 126.0
133.88287353515625 134.0
148.95924377441406 144.0
105.91395568847656 114.0
96.34088897705078 111.0
119.50067138671875 134.0
124.15866088867188 128.0
151.5911407470703 158.0
109.28515625 110.0
151.1687469482422 153.0
141.47915649414062 149.0
157.596923828125 162.0
123.32269287109375 132.0
109.6185302734375 117.0
104.15164947509766 122.0
161.96214294433594 159.0
120.24855041503906 126.0
141.83511352539062 154.0
122.43670654296875 132.0
111.87496185302734 124.0
108.86221313476562 112.0
118.65689086914062 119.0
131.36166381835938 139.0
160.90438842773438 167.0
121.9366683959961 135.0
151.50852966308594 160.0
111.99586486816406 122.0
115.58081817626953 118.0
171.0705108642578 176.0
161.2843780517578 169.0
117.14353942871094 127.0
126.73668670654297 134.0
108.40621948242188 121.0
115.38467407226562 122.0
119.43760681152344 128.0
156.72811889648438 154.0
110.6560287475586 108.0
157.61087036132812 155.0
158.19912719726562 167.0
121.9793701171875 130.0
112.80377960205078 115.0
162.50596618652344 167.0
137.6145782470703 148.0
159.79556274414062 171.0
107.81149291992188 111.0
110.56488037109375 122.0
105.52867126464844 106.0
112.2262191772461 114.0
139.4282989501953 143.0
142.1846923828125 144.0
100.1161880493164 114.0
117.98063659667969 125.0
111.73125457763672 111.0
145.9580078125 146.0
130.07305908203125 130.0
106.94596862792969 120.0
133.01414489746094 134.0
121.11979675292969 126.0
130.66873168945312 136.0
148.6572265625 153.0
160.7158203125 167.0
135.30491638183594 133.0
112.47251892089844 116.0
107.93621826171875 106.0
112.37114715576172 120.0
150.0908966064453 161.0
113.82020568847656 129.0
144.00091552734375 150.0
128.437255859375 130.0
101.18042755126953 110.0
114.9838638305664 127.0
121.90239715576172 126.0
134.58946228027344 134.0
149.69708251953125 144.0
106.16781616210938 114.0
96.88629150390625 111.0
120.05316162109375 134.0
124.4967041015625 128.0
152.5145263671875 158.0
109.62419891357422 110.0
152.0234375 153.0
141.9700164794922 149.0
157.68748474121094 162.0
124.33341979980469 132.0
110.03579711914062 117.0
103.70662689208984 122.0
163.39353942871094 159.0
121.9462890625 126.0
143.59637451171875 154.0
123.76062774658203 132.0
113.30938720703125 124.0
110.173095703125 112.0
120.07588195800781 119.0
132.64224243164062 139.0
162.61380004882812 167.0
123.54708862304688 135.0
152.70504760742188 160.0
113.26297760009766 122.0
117.1615219116211 118.0
171.0816650390625 176.0
163.07960510253906 169.0
118.92656707763672 127.0
128.8911895751953 134.0
109.77184295654297 121.0
116.61746215820312 122.0
121.39674377441406 128.0
158.61753845214844 154.0
111.91608428955078 108.0
159.25604248046875 155.0
159.86895751953125 167.0
123.65519714355469 130.0
114.23851013183594 115.0
163.84628295898438 167.0
138.66123962402344 148.0
161.6471710205078 171.0
108.84669494628906 111.0
112.04427337646484 122.0
107.02147674560547 106.0
113.2178955078125 114.0
141.24224853515625 143.0
144.12571716308594 144.0
101.84138488769531 114.0
119.70301818847656 125.0
113.39490509033203 111.0
147.7885284423828 146.0
131.80291748046875 130.0
108.16426086425781 120.0
134.7860565185547 134.0
122.1667251586914 126.0
132.20925903320312 136.0
149.9160919189453 153.0
160.943603515625 167.0
136.94651794433594 133.0
114.47163391113281 116.0
109.51788330078125 106.0
113.76659393310547 120.0
151.82241821289062 161.0
114.99698638916016 129.0
145.39898681640625 150.0
129.76954650878906 130.0
102.29644775390625 110.0
116.62617492675781 127.0
123.25028228759766 126.0
136.42840576171875 134.0
151.11178588867188 144.0
107.60993957519531 114.0
97.83776092529297 111.0
121.43824768066406 134.0
126.46956634521484 128.0
153.8204803466797 158.0
111.17835998535156 110.0
153.28224182128906 153.0
144.17564392089844 149.0
159.33865356445312 162.0
126.06575775146484 132.0
111.31668090820312 117.0
105.67269134521484 122.0
163.69407653808594 159.0
121.37318420410156 126.0
143.1443328857422 154.0
123.39488220214844 132.0
113.16168212890625 124.0
110.3814697265625 112.0
120.24691772460938 119.0
130.4717559814453 139.0
162.0846405029297 167.0
123.0853042602539 135.0
151.66879272460938 160.0
113.4642105102539 122.0
117.3846206665039 118.0
174.10516357421875 176.0
163.31591796875 169.0
118.84420776367188 127.0
129.21112060546875 134.0
110.51081848144531 121.0
116.645751953125 122.0
121.66629791259766 128.0
158.3785400390625 154.0
111.9100341796875 108.0
158.7877197265625 155.0
159.48944091796875 167.0
124.21760559082031 130.0
114.0788345336914 115.0
163.99794006347656 167.0
138.01185607910156 148.0
161.25851440429688 171.0
107.89933013916016 111.0
112.0435791015625 122.0
106.95943450927734 106.0
112.83325958251953 114.0
140.28973388671875 143.0
143.95892333984375 144.0
101.36457824707031 114.0
118.94172668457031 125.0
113.29075622558594 111.0
147.60897827148438 146.0
131.81654357910156 130.0
107.67525482177734 120.0
134.506103515625 134.0
122.53924560546875 126.0
132.1980743408203 136.0
149.13369750976562 153.0
162.63372802734375 167.0
136.96771240234375 133.0
114.36447143554688 116.0
109.4322738647461 106.0
113.44525909423828 120.0
151.2293701171875 161.0
114.62714385986328 129.0
146.16778564453125 150.0
131.59735107421875 130.0
101.87962341308594 110.0
116.3420639038086 127.0
123.13883972167969 126.0
135.33546447753906 134.0
150.21060180664062 144.0
108.22959899902344 114.0
97.46348571777344 111.0
120.9716796875 134.0
126.1158447265625 128.0
154.0182647705078 158.0
111.6277084350586 110.0
153.27215576171875 153.0
144.42916870117188 149.0
159.04263305664062 162.0
125.84442138671875 132.0
111.29882049560547 117.0
104.59745788574219 122.0
160.88641357421875 159.0
118.89590454101562 126.0
139.89149475097656 154.0
120.78749084472656 132.0
110.45099639892578 124.0
108.2933578491211 112.0
117.32139587402344 119.0
128.90081787109375 139.0
158.78964233398438 167.0
120.46791076660156 135.0
149.28146362304688 160.0
110.34432983398438 122.0
114.31139373779297 118.0
169.41944885253906 176.0
159.43894958496094 169.0
115.9332504272461 127.0
125.726318359375 134.0
108.14053344726562 121.0
114.62796783447266 122.0
118.3761215209961 128.0
155.15374755859375 154.0
109.29711151123047 108.0
155.2904052734375 155.0
156.62603759765625 167.0
121.02911376953125 130.0
111.20125579833984 115.0
160.81288146972656 167.0
135.8002166748047 148.0
157.62063598632812 171.0
106.0394058227539 111.0
109.18106079101562 122.0
104.08955383300781 106.0
110.43588256835938 114.0
137.56201171875 143.0
140.87692260742188 144.0
98.98161315917969 114.0
116.85009765625 125.0
110.55772399902344 111.0
144.4236297607422 146.0
128.53555297851562 130.0
105.39261627197266 120.0
131.3134307861328 134.0
120.40850067138672 126.0
129.5207061767578 136.0
146.81431579589844 153.0
158.4393310546875 167.0
134.0013427734375 133.0
111.54012298583984 116.0
106.83625793457031 106.0
110.95133209228516 120.0
148.232666015625 161.0
112.56664276123047 129.0
143.0441131591797 150.0
127.48503112792969 130.0
99.65963745117188 110.0
114.08843994140625 127.0
120.71279907226562 126.0
133.58192443847656 134.0
148.15115356445312 144.0
105.14602661132812 114.0
95.09130096435547 111.0
118.4792251586914 134.0
123.07313537597656 128.0
151.13095092773438 158.0
108.57566833496094 110.0
150.4376220703125 153.0
140.92027282714844 149.0
155.73715209960938 162.0
123.18303680419922 132.0
109.19498443603516 117.0
102.8567123413086 122.0
164.75534057617188 159.0
122.67267608642578 126.0
143.9044647216797 154.0
124.30582427978516 132.0
114.49177551269531 124.0
112.42232513427734 112.0
121.15119934082031 119.0
133.025634765625 139.0
162.8933868408203 167.0
124.1086196899414 135.0
153.2847900390625 160.0
114.02098083496094 122.0
118.04747009277344 118.0
173.96890258789062 176.0
163.51425170898438 169.0
119.77262878417969 127.0
130.26654052734375 134.0
111.43954467773438 121.0
118.43495178222656 122.0
122.81107330322266 128.0
159.65509033203125 154.0
112.53804779052734 108.0
159.51966857910156 155.0
160.69171142578125 167.0
125.264892578125 130.0
114.74150848388672 115.0
164.68048095703125 167.0
139.6312713623047 148.0
162.22181701660156 171.0
109.72474670410156 111.0
113.34980773925781 122.0
108.49956512451172 106.0
114.07258605957031 114.0
141.31544494628906 143.0
144.76358032226562 144.0
102.62567138671875 114.0
120.71107482910156 125.0
114.3501968383789 111.0
148.01026916503906 146.0
132.57565307617188 130.0
109.03433990478516 120.0
135.0338134765625 134.0
124.07276153564453 126.0
133.0795440673828 136.0
150.37205505371094 153.0
163.35243225097656 167.0
138.66427612304688 133.0
115.44308471679688 116.0
109.88871765136719 106.0
114.35145568847656 120.0
152.0200958251953 161.0
116.0114974975586 129.0
146.87974548339844 150.0
132.12484741210938 130.0
103.14331817626953 110.0
117.5293197631836 127.0
123.97654724121094 126.0
137.91412353515625 134.0
152.4769744873047 144.0
109.13880157470703 114.0
99.10394287109375 111.0
122.30094909667969 134.0
126.99147033691406 128.0
155.40838623046875 158.0
112.76595306396484 110.0
154.06752014160156 153.0
145.43746948242188 149.0
160.3155517578125 162.0
126.95083618164062 132.0
112.42803192138672 117.0
106.5323486328125 122.0
162.251953125 159.0
120.4075927734375 126.0
141.08358764648438 154.0
121.9910659790039 132.0
111.8822021484375 124.0
109.10075378417969 112.0
118.20439147949219 119.0
130.37254333496094 139.0
159.93736267089844 167.0
122.31953430175781 135.0
150.97030639648438 160.0
111.41209411621094 122.0
115.84403991699219 118.0
171.49700927734375 176.0
160.96273803710938 169.0
117.44876861572266 127.0
126.56611633300781 134.0
108.34420013427734 121.0
115.70158386230469 122.0
119.25739288330078 128.0
156.89791870117188 154.0
110.31397247314453 108.0
156.57826232910156 155.0
158.3343048095703 167.0
122.12195587158203 130.0
112.02123260498047 115.0
162.0476531982422 167.0
136.94236755371094 148.0
160.017578125 171.0
107.55209350585938 111.0
110.64566802978516 122.0
105.81523895263672 106.0
111.81670379638672 114.0
138.23574829101562 143.0
142.2642059326172 144.0
100.0917739868164 114.0
118.43037414550781 125.0
111.63307189941406 111.0
145.4390869140625 146.0
129.66226196289062 130.0
106.34385681152344 120.0
132.2467498779297 134.0
121.09065246582031 126.0
130.4158477783203 136.0
148.02969360351562 153.0
160.79519653320312 167.0
134.95399475097656 133.0
113.12177276611328 116.0
107.28272247314453 106.0
111.79473876953125 120.0
149.06959533691406 161.0
113.34075164794922 129.0
143.94667053222656 150.0
128.6826629638672 130.0
100.73893737792969 110.0
115.02230072021484 127.0
121.68111419677734 126.0
134.35011291503906 134.0
149.1492919921875 144.0
106.30252075195312 114.0
96.71304321289062 111.0
119.66282653808594 134.0
124.63302612304688 128.0
152.43760681152344 158.0
109.69317626953125 110.0
151.426025390625 153.0
142.39146423339844 149.0
158.03147888183594 162.0
123.66380310058594 132.0
109.97762298583984 117.0
104.69656372070312 122.0
163.31005859375 159.0
121.03929138183594 126.0
141.81471252441406 154.0
123.0218734741211 132.0
112.9732437133789 124.0
110.11370086669922 112.0
119.22247314453125 119.0
131.00267028808594 139.0
161.0756378173828 167.0
123.07474517822266 135.0
151.3944854736328 160.0
112.39622497558594 122.0
116.70533752441406 118.0
171.74737548828125 176.0
161.84207153320312 169.0
117.83935546875 127.0
128.1365966796875 134.0
109.75050354003906 121.0
116.52555847167969 122.0
120.85504913330078 128.0
158.29046630859375 154.0
110.87688446044922 108.0
157.73495483398438 155.0
159.4231414794922 167.0
123.53955078125 130.0
112.82870483398438 115.0
163.1100311279297 167.0
138.25640869140625 148.0
160.8433380126953 171.0
108.19037628173828 111.0
112.11074829101562 122.0
106.54945373535156 106.0
112.55982971191406 114.0
139.51400756835938 143.0
142.6700439453125 144.0
101.11321258544922 114.0
119.20757293701172 125.0
112.3945083618164 111.0
146.67648315429688 146.0
130.9878387451172 130.0
107.14790344238281 120.0
133.0558624267578 134.0
122.23114776611328 126.0
131.7763671875 136.0
149.20846557617188 153.0
161.2418212890625 167.0
136.34002685546875 133.0
113.6308822631836 116.0
108.05374145507812 106.0
112.65978240966797 120.0
150.22959899902344 161.0
114.60980987548828 129.0
145.45947265625 150.0
130.05401611328125 130.0
101.54638671875 110.0
116.02075958251953 127.0
122.81424713134766 126.0
135.22964477539062 134.0
150.39895629882812 144.0
107.3040771484375 114.0
97.27650451660156 111.0
120.51461791992188 134.0
124.92961120605469 128.0
153.60977172851562 158.0
110.96347045898438 110.0
152.63705444335938 153.0
143.14065551757812 149.0
159.12713623046875 162.0
124.89016723632812 132.0
111.35501098632812 117.0
105.12055206298828 122.0
