233.57106018066406 159.0
220.67678833007812 126.0
232.86692810058594 154.0
222.2352294921875 132.0
224.07057189941406 124.0
211.11264038085938 112.0
226.96084594726562 119.0
199.30738830566406 139.0
220.92282104492188 167.0
247.9923095703125 135.0
224.19802856445312 160.0
209.6145477294922 122.0
239.39352416992188 118.0
194.31866455078125 176.0
245.56631469726562 169.0
233.00924682617188 127.0
261.40911865234375 134.0
186.83477783203125 121.0
205.74627685546875 122.0
250.16143798828125 128.0
234.62060546875 154.0
201.26162719726562 108.0
212.4374542236328 155.0
240.76385498046875 167.0
249.08135986328125 130.0
200.16615295410156 115.0
216.58639526367188 167.0
182.71286010742188 148.0
293.7078552246094 171.0
197.5608367919922 111.0
257.3728332519531 122.0
235.86695861816406 106.0
218.76361083984375 114.0
208.16908264160156 143.0
241.29946899414062 144.0
292.0284729003906 114.0
277.5398254394531 125.0
238.8468780517578 111.0
243.15225219726562 146.0
232.58314514160156 130.0
208.59329223632812 120.0
210.6151580810547 134.0
205.19570922851562 126.0
218.92611694335938 136.0
230.86636352539062 153.0
192.63119506835938 167.0
249.55825805664062 133.0
250.02786254882812 116.0
189.77581787109375 106.0
221.57247924804688 120.0
206.92807006835938 161.0
202.25106811523438 129.0
216.3846435546875 150.0
192.8831024169922 130.0
204.96987915039062 110.0
205.93609619140625 127.0
219.83912658691406 126.0
249.57005310058594 134.0
235.6403045654297 144.0
220.40647888183594 114.0
206.53408813476562 111.0
199.51043701171875 134.0
235.08633422851562 128.0
208.4991455078125 158.0
255.69094848632812 110.0
219.71112060546875 153.0
239.7123260498047 149.0
233.99386596679688 162.0
236.91964721679688 132.0
190.20773315429688 117.0
336.7239685058594 122.0
98.14450073242188 159.0
79.75558471679688 126.0
98.80436706542969 154.0
69.36099243164062 132.0
69.42601776123047 124.0
40.698402404785156 112.0
69.09112548828125 119.0
83.47340393066406 139.0
106.6376953125 167.0
70.54579162597656 135.0
78.0935287475586 160.0
71.68791198730469 122.0
62.4150390625 118.0
94.2839584350586 176.0
100.67497253417969 169.0
88.2472915649414 127.0
98.86009216308594 134.0
67.44761657714844 121.0
42.419578552246094 122.0
89.68986511230469 128.0
86.12834930419922 154.0
71.61904907226562 108.0
102.06795501708984 155.0
92.95555114746094 167.0
86.19046020507812 130.0
82.07691955566406 115.0
80.70911407470703 167.0
60.67144012451172 148.0
87.45611572265625 171.0
64.83329772949219 111.0
64.56076049804688 122.0
45.175697326660156 106.0
61.857479095458984 114.0
100.60470581054688 143.0
102.65058135986328 144.0
68.10342407226562 114.0
65.29545593261719 125.0
75.99370574951172 111.0
99.10002136230469 146.0
79.76510620117188 130.0
74.90000915527344 120.0
96.24104309082031 134.0
49.405540466308594 126.0
84.58079528808594 136.0
77.9666519165039 153.0
99.09888458251953 167.0
80.0340347290039 133.0
72.43463897705078 116.0
84.08853149414062 106.0
75.48030090332031 120.0
99.07889556884766 161.0
62.5625 129.0
92.33860778808594 150.0
109.40857696533203 130.0
67.37356567382812 110.0
67.8865737915039 127.0
70.66918182373047 126.0
102.28559112548828 134.0
92.70988464355469 144.0
57.74064636230469 114.0
59.921852111816406 111.0
82.75148010253906 134.0
94.16273498535156 128.0
94.82147216796875 158.0
76.6729736328125 110.0
73.85736846923828 153.0
101.22743225097656 149.0
69.69233703613281 162.0
89.50708770751953 132.0
62.778621673583984 117.0
23.328420639038086 122.0
84.45024871826172 159.0
83.79298400878906 126.0
93.11471557617188 154.0
76.39239501953125 132.0
71.05762481689453 124.0
45.14171600341797 112.0
71.03973388671875 119.0
87.23703002929688 139.0
106.41971588134766 167.0
81.45524597167969 135.0
106.2270736694336 160.0
85.9702377319336 122.0
80.294189453125 118.0
89.80009460449219 176.0
114.85277557373047 169.0
87.85348510742188 127.0
78.24435424804688 134.0
48.84452819824219 121.0
45.46409606933594 122.0
76.33902740478516 128.0
82.07677459716797 154.0
80.52201080322266 108.0
105.4403076171875 155.0
95.55574035644531 167.0
77.58650207519531 130.0
86.15350341796875 115.0
114.00401306152344 167.0
60.46733474731445 148.0
98.32779693603516 171.0
71.07788848876953 111.0
64.48011779785156 122.0
57.311317443847656 106.0
69.04022216796875 114.0
94.85086059570312 143.0
100.7486572265625 144.0
66.62254333496094 114.0
71.53144836425781 125.0
74.21883392333984 111.0
112.90957641601562 146.0
96.0789794921875 130.0
77.20469665527344 120.0
99.15763092041016 134.0
53.36612319946289 126.0
74.0078125 136.0
102.74083709716797 153.0
103.7645263671875 167.0
82.68347930908203 133.0
73.907958984375 116.0
82.12198638916016 106.0
77.76458740234375 120.0
101.91436767578125 161.0
57.71692657470703 129.0
71.69989776611328 150.0
93.45529174804688 130.0
70.94142150878906 110.0
63.56151580810547 127.0
65.821044921875 126.0
80.57838439941406 134.0
76.24860382080078 144.0
62.27662658691406 114.0
62.45050048828125 111.0
83.04765319824219 134.0
84.64020538330078 128.0
84.57456970214844 158.0
68.84220886230469 110.0
103.1180191040039 153.0
91.25045776367188 149.0
76.20036315917969 162.0
85.65412902832031 132.0
62.611698150634766 117.0
29.33489418029785 122.0
149.40145874023438 159.0
108.93828582763672 126.0
121.64607238769531 154.0
104.34500122070312 132.0
96.7320327758789 124.0
98.90071868896484 112.0
102.45895385742188 119.0
125.65624237060547 139.0
145.085693359375 167.0
110.4696273803711 135.0
137.33670043945312 160.0
103.79833221435547 122.0
101.82974243164062 118.0
131.58714294433594 176.0
147.58164978027344 169.0
114.60941314697266 127.0
120.93019104003906 134.0
123.31378173828125 121.0
107.95947265625 122.0
117.17082214355469 128.0
133.82086181640625 154.0
102.65128326416016 108.0
139.03814697265625 155.0
142.20181274414062 167.0
108.73945617675781 130.0
105.91546630859375 115.0
138.45840454101562 167.0
123.93983459472656 148.0
139.65008544921875 171.0
89.70518493652344 111.0
93.47209167480469 122.0
98.34455108642578 106.0
97.4304428100586 114.0
132.03225708007812 143.0
129.2616424560547 144.0
104.05093383789062 114.0
132.35763549804688 125.0
105.2269058227539 111.0
137.02020263671875 146.0
121.82514953613281 130.0
95.28064727783203 120.0
124.39114379882812 134.0
107.21261596679688 126.0
122.4331283569336 136.0
131.44476318359375 153.0
125.76002502441406 167.0
125.18506622314453 133.0
106.88117980957031 116.0
106.66643524169922 106.0
99.29347229003906 120.0
135.38107299804688 161.0
100.58370208740234 129.0
133.7567596435547 150.0
108.04953002929688 130.0
90.68172454833984 110.0
117.05789947509766 127.0
111.89578247070312 126.0
156.66648864746094 134.0
130.01153564453125 144.0
95.91253662109375 114.0
86.61459350585938 111.0
103.15839385986328 134.0
120.12802124023438 128.0
134.45602416992188 158.0
101.90251159667969 110.0
125.83514404296875 153.0
135.4381866455078 149.0
133.16921997070312 162.0
111.79623413085938 132.0
98.18364715576172 117.0
110.46632385253906 122.0
165.4931640625 159.0
135.4078369140625 126.0
144.33921813964844 154.0
125.5435791015625 132.0
116.14469909667969 124.0
112.41305541992188 112.0
125.32235717773438 119.0
141.32350158691406 139.0
162.07960510253906 167.0
138.3973388671875 135.0
162.59588623046875 160.0
122.6681900024414 122.0
136.72315979003906 118.0
152.357666015625 176.0
164.32980346679688 169.0
142.50953674316406 127.0
149.81007385253906 134.0
128.39886474609375 121.0
123.97276306152344 122.0
141.64083862304688 128.0
158.0542449951172 154.0
116.53782653808594 108.0
155.947998046875 155.0
161.81422424316406 167.0
130.15676879882812 130.0
119.78654479980469 115.0
163.6416015625 167.0
142.8298797607422 148.0
175.1375732421875 171.0
111.6628189086914 111.0
127.88339233398438 122.0
114.45531463623047 106.0
124.59547424316406 114.0
146.01296997070312 143.0
155.306884765625 144.0
140.24314880371094 114.0
153.0523223876953 125.0
116.9979476928711 111.0
157.21026611328125 146.0
136.084716796875 130.0
125.40225219726562 120.0
136.63323974609375 134.0
121.37130737304688 126.0
134.64718627929688 136.0
154.6923828125 153.0
142.83468627929688 167.0
140.29344177246094 133.0
135.2288055419922 116.0
117.24766540527344 106.0
124.04773712158203 120.0
149.11776733398438 161.0
121.11051940917969 129.0
158.13328552246094 150.0
133.2877960205078 130.0
123.43354797363281 110.0
132.10311889648438 127.0
132.8655548095703 126.0
161.24806213378906 134.0
162.08181762695312 144.0
129.25579833984375 114.0
119.94606018066406 111.0
126.57132720947266 134.0
146.79632568359375 128.0
146.2775115966797 158.0
136.15316772460938 110.0
151.68179321289062 153.0
159.97726440429688 149.0
159.2471923828125 162.0
138.6824951171875 132.0
116.02474975585938 117.0
149.3326873779297 122.0
150.8963623046875 159.0
118.07823181152344 126.0
132.11915588378906 154.0
108.04753112792969 132.0
107.62057495117188 124.0
96.06391143798828 112.0
125.1492691040039 119.0
136.66465759277344 139.0
154.59304809570312 167.0
121.24690246582031 135.0
148.48492431640625 160.0
114.77891540527344 122.0
116.36212921142578 118.0
153.84107971191406 176.0
157.0546112060547 169.0
121.86305236816406 127.0
130.92393493652344 134.0
101.96902465820312 121.0
101.6971664428711 122.0
124.8594741821289 128.0
140.2258758544922 154.0
107.77307891845703 108.0
146.81907653808594 155.0
133.71023559570312 167.0
119.6850357055664 130.0
113.74244689941406 115.0
153.1521759033203 167.0
123.06785583496094 148.0
155.23095703125 171.0
102.12493133544922 111.0
113.02396392822266 122.0
104.01506042480469 106.0
108.56842041015625 114.0
138.58538818359375 143.0
139.12548828125 144.0
121.12763977050781 114.0
122.27882385253906 125.0
113.2496337890625 111.0
146.51971435546875 146.0
134.5431365966797 130.0
114.49437713623047 120.0
127.0423812866211 134.0
99.74144744873047 126.0
122.39576721191406 136.0
143.67572021484375 153.0
147.270751953125 167.0
125.08558654785156 133.0
120.12149047851562 116.0
112.82742309570312 106.0
112.257568359375 120.0
140.61590576171875 161.0
99.63790893554688 129.0
131.49513244628906 150.0
118.25611114501953 130.0
109.17460632324219 110.0
102.51544189453125 127.0
110.5999755859375 126.0
138.990478515625 134.0
131.87310791015625 144.0
119.83299255371094 114.0
109.5037612915039 111.0
118.33798217773438 134.0
128.59706115722656 128.0
136.80465698242188 158.0
118.12294006347656 110.0
135.7709503173828 153.0
129.37210083007812 149.0
145.7626495361328 162.0
134.59768676757812 132.0
98.31855010986328 117.0
118.0292739868164 122.0
127.16353607177734 159.0
102.70406341552734 126.0
119.13341522216797 154.0
99.06352233886719 132.0
95.90968322753906 124.0
87.64006805419922 112.0
101.39738464355469 119.0
114.81121826171875 139.0
134.74691772460938 167.0
103.11990356445312 135.0
137.92086791992188 160.0
99.70687103271484 122.0
102.87020874023438 118.0
146.4231414794922 176.0
135.83787536621094 169.0
106.42667388916016 127.0
109.18571472167969 134.0
97.47712707519531 121.0
95.14749908447266 122.0
106.55905151367188 128.0
122.20354461669922 154.0
96.61534118652344 108.0
128.59674072265625 155.0
117.73149108886719 167.0
106.56314849853516 130.0
96.37825012207031 115.0
143.80340576171875 167.0
111.21923065185547 148.0
132.0092010498047 171.0
92.4062728881836 111.0
99.80622863769531 122.0
89.84954833984375 106.0
95.9710693359375 114.0
116.76175689697266 143.0
123.91324615478516 144.0
99.9306640625 114.0
104.20648193359375 125.0
90.48123931884766 111.0
126.60818481445312 146.0
113.77037811279297 130.0
96.21014404296875 120.0
109.72544860839844 134.0
97.12599182128906 126.0
99.33027648925781 136.0
130.67025756835938 153.0
134.4267578125 167.0
111.24838256835938 133.0
100.42855072021484 116.0
94.58663940429688 106.0
96.19369506835938 120.0
122.15027618408203 161.0
84.37918090820312 129.0
117.57664489746094 150.0
120.41793823242188 130.0
96.71210479736328 110.0
91.11839294433594 127.0
99.08073425292969 126.0
121.7362289428711 134.0
122.28407287597656 144.0
102.84994506835938 114.0
94.65869903564453 111.0
104.17151641845703 134.0
110.81309509277344 128.0
114.11273193359375 158.0
103.38385009765625 110.0
127.57305908203125 153.0
119.89501953125 149.0
125.46519470214844 162.0
113.198974609375 132.0
86.8067855834961 117.0
87.27458190917969 122.0
184.96263122558594 159.0
123.37986755371094 126.0
142.87899780273438 154.0
125.14888000488281 132.0
117.19955444335938 124.0
111.89552307128906 112.0
128.6016845703125 119.0
145.59947204589844 139.0
174.96376037597656 167.0
138.48272705078125 135.0
158.05140686035156 160.0
123.24678039550781 122.0
125.470458984375 118.0
169.08900451660156 176.0
166.78372192382812 169.0
124.2847900390625 127.0
143.82522583007812 134.0
110.64625549316406 121.0
118.75144958496094 122.0
134.0995635986328 128.0
161.487548828125 154.0
118.03424835205078 108.0
167.6193389892578 155.0
163.90853881835938 167.0
131.987060546875 130.0
124.52112579345703 115.0
163.9615936279297 167.0
147.66445922851562 148.0
167.34207153320312 171.0
109.13304138183594 111.0
118.38134765625 122.0
112.64175415039062 106.0
117.84030151367188 114.0
151.16995239257812 143.0
147.89585876464844 144.0
114.72447204589844 114.0
129.7776641845703 125.0
115.31692504882812 111.0
154.93392944335938 146.0
139.98741149902344 130.0
121.70215606689453 120.0
139.35348510742188 134.0
121.10440063476562 126.0
142.54461669921875 136.0
155.15313720703125 153.0
157.54986572265625 167.0
142.60205078125 133.0
116.17373657226562 116.0
117.01863861083984 106.0
118.60162353515625 120.0
160.14105224609375 161.0
119.70954132080078 129.0
156.59439086914062 150.0
131.00686645507812 130.0
115.9632568359375 110.0
121.8388442993164 127.0
134.0911102294922 126.0
141.27911376953125 134.0
147.81460571289062 144.0
120.30814361572266 114.0
106.9383544921875 111.0
122.00774383544922 134.0
130.23843383789062 128.0
167.3785400390625 158.0
127.72888946533203 110.0
149.6361541748047 153.0
147.64772033691406 149.0
169.77513122558594 162.0
133.96810913085938 132.0
116.64212036132812 117.0
110.42486572265625 122.0
126.67436218261719 159.0
90.50199127197266 126.0
102.12203216552734 154.0
89.14546203613281 132.0
84.67234802246094 124.0
75.929443359375 112.0
82.64433288574219 119.0
106.07744598388672 139.0
122.27839660644531 167.0
96.51615905761719 135.0
119.84646606445312 160.0
91.11837768554688 122.0
92.84489440917969 118.0
95.36003112792969 176.0
120.25138854980469 169.0
96.86797332763672 127.0
98.08609771728516 134.0
71.59393310546875 121.0
78.48291015625 122.0
95.72089385986328 128.0
113.88200378417969 154.0
85.34027862548828 108.0
117.92794799804688 155.0
121.47430419921875 167.0
93.31177520751953 130.0
89.11268615722656 115.0
122.44552612304688 167.0
102.10621643066406 148.0
122.65608978271484 171.0
76.55534362792969 111.0
80.1789321899414 122.0
81.97372436523438 106.0
79.84486389160156 114.0
107.73466491699219 143.0
112.99778747558594 144.0
80.07785034179688 114.0
94.64373779296875 125.0
85.99699401855469 111.0
111.80670166015625 146.0
103.11366271972656 130.0
77.57234954833984 120.0
104.14550018310547 134.0
84.24685668945312 126.0
99.99032592773438 136.0
114.7186050415039 153.0
113.61917114257812 167.0
101.87556457519531 133.0
87.71609497070312 116.0
84.38029479980469 106.0
81.84803009033203 120.0
110.30322265625 161.0
80.33193969726562 129.0
110.17449188232422 150.0
91.3750991821289 130.0
76.38246154785156 110.0
91.49816131591797 127.0
94.26719665527344 126.0
102.66815948486328 134.0
96.92083740234375 144.0
74.87007141113281 114.0
71.67163848876953 111.0
88.48088073730469 134.0
98.55860900878906 128.0
119.843017578125 158.0
85.80953979492188 110.0
106.87193298339844 153.0
109.56934356689453 149.0
111.92240905761719 162.0
92.97808837890625 132.0
80.55534362792969 117.0
53.412723541259766 122.0
171.04550170898438 159.0
124.28142547607422 126.0
145.564208984375 154.0
124.57164764404297 132.0
115.7822036743164 124.0
108.09375 112.0
118.520751953125 119.0
146.0552978515625 139.0
172.49874877929688 167.0
132.11822509765625 135.0
166.36883544921875 160.0
125.67726135253906 122.0
122.581787109375 118.0
157.58905029296875 176.0
175.20828247070312 169.0
122.6980972290039 127.0
119.59746551513672 134.0
104.03243255615234 121.0
111.44486236572266 122.0
118.44933319091797 128.0
145.81468200683594 154.0
120.90653991699219 108.0
165.06483459472656 155.0
163.2332305908203 167.0
121.5074234008789 130.0
126.01676177978516 115.0
175.20986938476562 167.0
137.24954223632812 148.0
166.08714294433594 171.0
111.18841552734375 111.0
110.8758316040039 122.0
110.92440032958984 106.0
114.71764373779297 114.0
149.76785278320312 143.0
152.70091247558594 144.0
103.71273803710938 114.0
124.97872161865234 125.0
115.27708435058594 111.0
165.6663055419922 146.0
146.58798217773438 130.0
113.98924255371094 120.0
147.2336883544922 134.0
115.98194885253906 126.0
135.9715576171875 136.0
160.98081970214844 153.0
174.2434844970703 167.0
137.3603515625 133.0
113.81806945800781 116.0
117.8756332397461 106.0
117.35680389404297 120.0
156.90786743164062 161.0
108.15327453613281 129.0
145.37158203125 150.0
126.14022827148438 130.0
106.03150177001953 110.0
115.04096221923828 127.0
124.86825561523438 126.0
138.82212829589844 134.0
140.3282928466797 144.0
107.38888549804688 114.0
102.58078002929688 111.0
123.68072509765625 134.0
130.16140747070312 128.0
162.70205688476562 158.0
110.29451751708984 110.0
156.13369750976562 153.0
138.48094177246094 149.0
155.1331329345703 162.0
128.8626251220703 132.0
107.96755981445312 117.0
88.1315689086914 122.0
185.8578338623047 159.0
147.617431640625 126.0
167.00296020507812 154.0
143.81761169433594 132.0
142.399658203125 124.0
139.62033081054688 112.0
143.59490966796875 119.0
163.49734497070312 139.0
192.07054138183594 167.0
151.63861083984375 135.0
193.92132568359375 160.0
141.4340362548828 122.0
146.3651580810547 118.0
196.6626434326172 176.0
191.30746459960938 169.0
144.89601135253906 127.0
147.59671020507812 134.0
129.11495971679688 121.0
146.58070373535156 122.0
143.4019775390625 128.0
178.6075439453125 154.0
140.80364990234375 108.0
183.10073852539062 155.0
182.6961669921875 167.0
143.63743591308594 130.0
140.36965942382812 115.0
200.79473876953125 167.0
167.20863342285156 148.0
187.32901000976562 171.0
136.3668212890625 111.0
137.6482696533203 122.0
135.026123046875 106.0
139.4525604248047 114.0
163.67007446289062 143.0
175.92001342773438 144.0
134.15667724609375 114.0
153.7694854736328 125.0
133.57034301757812 111.0
177.96031188964844 146.0
161.23043823242188 130.0
139.62147521972656 120.0
158.56234741210938 134.0
146.7995147705078 126.0
151.304931640625 136.0
183.01715087890625 153.0
187.73959350585938 167.0
160.78427124023438 133.0
136.14837646484375 116.0
133.34854125976562 106.0
136.55889892578125 120.0
175.06948852539062 161.0
134.30410766601562 129.0
160.12820434570312 150.0
153.48411560058594 130.0
135.8575439453125 110.0
139.43829345703125 127.0
147.98512268066406 126.0
164.25579833984375 134.0
174.81253051757812 144.0
138.07427978515625 114.0
131.9088134765625 111.0
146.56195068359375 134.0
156.51026916503906 128.0
172.8707275390625 158.0
138.65689086914062 110.0
182.90965270996094 153.0
165.46591186523438 149.0
187.97024536132812 162.0
149.67660522460938 132.0
135.74119567871094 117.0
138.44972229003906 122.0
142.83184814453125 159.0
106.56717681884766 126.0
122.33318328857422 154.0
107.07365417480469 132.0
102.15068817138672 124.0
92.54572296142578 112.0
106.38336944580078 119.0
116.09170532226562 139.0
139.67958068847656 167.0
107.11927032470703 135.0
130.28916931152344 160.0
103.18125915527344 122.0
102.22808837890625 118.0
147.98843383789062 176.0
140.23251342773438 169.0
101.897216796875 127.0
113.71638488769531 134.0
95.91231536865234 121.0
89.00452423095703 122.0
108.19087982177734 128.0
124.53146362304688 154.0
100.22860717773438 108.0
132.58396911621094 155.0
130.74771118164062 167.0
109.76592254638672 130.0
106.07748413085938 115.0
142.73899841308594 167.0
120.91499328613281 148.0
133.0717010498047 171.0
93.3685302734375 111.0
96.03180694580078 122.0
89.18607330322266 106.0
98.20018768310547 114.0
119.7041015625 143.0
123.08802795410156 144.0
87.05082702636719 114.0
103.56536865234375 125.0
100.38365173339844 111.0
130.54226684570312 146.0
113.65633392333984 130.0
95.04808807373047 120.0
117.68605041503906 134.0
95.29739379882812 126.0
116.74232482910156 136.0
128.91412353515625 153.0
143.08621215820312 167.0
121.73995208740234 133.0
94.87486267089844 116.0
102.42432403564453 106.0
100.96897888183594 120.0
128.40821838378906 161.0
99.52777099609375 129.0
120.53729248046875 150.0
118.08824157714844 130.0
91.503662109375 110.0
99.54830169677734 127.0
109.9376449584961 126.0
117.23148345947266 134.0
122.56346130371094 144.0
94.49266815185547 114.0
85.8904800415039 111.0
102.73978424072266 134.0
111.19036102294922 128.0
134.28759765625 158.0
100.65155029296875 110.0
132.11972045898438 153.0
123.17339324951172 149.0
127.18840026855469 162.0
111.06304168701172 132.0
98.45045471191406 117.0
81.94618225097656 122.0
164.84548950195312 159.0
120.57710266113281 126.0
135.36767578125 154.0
115.09851837158203 132.0
112.77165985107422 124.0
112.41092681884766 112.0
116.66841888427734 119.0
136.6017608642578 139.0
165.5743865966797 167.0
123.93531799316406 135.0
166.59605407714844 160.0
114.7721176147461 122.0
115.53797149658203 118.0
178.71826171875 176.0
164.90618896484375 169.0
115.23436737060547 127.0
120.58198547363281 134.0
113.63404846191406 121.0
120.45603942871094 122.0
116.47068786621094 128.0
149.92649841308594 154.0
114.89443969726562 108.0
154.9347686767578 155.0
164.75775146484375 167.0
115.55066680908203 130.0
117.64401245117188 115.0
181.1712646484375 167.0
142.1634063720703 148.0
159.22386169433594 171.0
106.64423370361328 111.0
102.88233947753906 122.0
99.77217102050781 106.0
112.2181625366211 114.0
134.78701782226562 143.0
143.6661376953125 144.0
101.3693618774414 114.0
122.65777587890625 125.0
111.26971435546875 111.0
153.52395629882812 146.0
133.66033935546875 130.0
112.22613525390625 120.0
130.73150634765625 134.0
121.25426483154297 126.0
131.78445434570312 136.0
158.54397583007812 153.0
167.89608764648438 167.0
133.7320098876953 133.0
107.32171630859375 116.0
110.90003967285156 106.0
111.59960174560547 120.0
149.47064208984375 161.0
115.22879791259766 129.0
146.29270935058594 150.0
127.97132873535156 130.0
106.91148376464844 110.0
117.51038360595703 127.0
123.02603912353516 126.0
145.1993865966797 134.0
165.10903930664062 144.0
109.91661071777344 114.0
98.47673034667969 111.0
118.41169738769531 134.0
126.47389221191406 128.0
155.5321044921875 158.0
107.93716430664062 110.0
166.14700317382812 153.0
135.46055603027344 149.0
155.51612854003906 162.0
122.73965454101562 132.0
115.29861450195312 117.0
95.376953125 122.0
152.16749572753906 159.0
107.52581787109375 126.0
124.38984680175781 154.0
107.46890258789062 132.0
101.9378662109375 124.0
105.39852142333984 112.0
109.4832763671875 119.0
121.10901641845703 139.0
144.85806274414062 167.0
114.57243347167969 135.0
138.8628692626953 160.0
103.35833740234375 122.0
106.34298706054688 118.0
155.36297607421875 176.0
146.85455322265625 169.0
110.07303619384766 127.0
119.94084167480469 134.0
102.56958770751953 121.0
112.35763549804688 122.0
112.9006576538086 128.0
137.5916290283203 154.0
100.731689453125 108.0
140.32369995117188 155.0
149.50408935546875 167.0
112.91510009765625 130.0
105.182373046875 115.0
147.8684539794922 167.0
129.7713623046875 148.0
149.05551147460938 171.0
93.11329650878906 111.0
98.10452270507812 122.0
99.26240539550781 106.0
100.53866577148438 114.0
122.65734100341797 143.0
131.3000030517578 144.0
94.75444793701172 114.0
118.9021224975586 125.0
105.3111572265625 111.0
134.02175903320312 146.0
119.10436248779297 130.0
96.20359802246094 120.0
120.35250854492188 134.0
114.82237243652344 126.0
120.87171173095703 136.0
133.00247192382812 153.0
145.83143615722656 167.0
128.81082153320312 133.0
106.0744400024414 116.0
102.56407928466797 106.0
100.29276275634766 120.0
133.61737060546875 161.0
102.48469543457031 129.0
133.44374084472656 150.0
115.8504867553711 130.0
93.1821060180664 110.0
114.68412017822266 127.0
114.33483123779297 126.0
134.35313415527344 134.0
140.7230224609375 144.0
97.806884765625 114.0
88.33688354492188 111.0
104.90711975097656 134.0
118.54720306396484 128.0
142.34141540527344 158.0
103.84325408935547 110.0
136.6019287109375 153.0
135.6660614013672 149.0
143.90122985839844 162.0
111.60814666748047 132.0
100.888671875 117.0
103.50818634033203 122.0
167.85855102539062 159.0
125.20772552490234 126.0
146.84756469726562 154.0
123.7794189453125 132.0
116.00813293457031 124.0
113.84121704101562 112.0
125.13589477539062 119.0
138.5937042236328 139.0
166.14797973632812 167.0
128.78480529785156 135.0
158.97689819335938 160.0
119.83654022216797 122.0
122.8123550415039 118.0
168.55577087402344 176.0
171.05763244628906 169.0
127.13640594482422 127.0
134.7141571044922 134.0
101.00093078613281 121.0
118.28973388671875 122.0
128.78302001953125 128.0
154.63092041015625 154.0
119.28679656982422 108.0
160.35812377929688 155.0
164.5378875732422 167.0
125.88951110839844 130.0
125.11524200439453 115.0
168.4909210205078 167.0
138.70481872558594 148.0
167.72952270507812 171.0
108.25952911376953 111.0
111.63983917236328 122.0
115.40321350097656 106.0
113.83641052246094 114.0
143.49502563476562 143.0
152.73724365234375 144.0
109.43589782714844 114.0
127.28463745117188 125.0
122.64525604248047 111.0
156.02035522460938 146.0
140.97055053710938 130.0
112.21774291992188 120.0
141.0194091796875 134.0
120.145751953125 126.0
132.77406311035156 136.0
154.05870056152344 153.0
168.3078155517578 167.0
145.3205108642578 133.0
124.38075256347656 116.0
121.34527587890625 106.0
117.95069122314453 120.0
154.1463623046875 161.0
107.36004638671875 129.0
134.93304443359375 150.0
128.83187866210938 130.0
104.45899963378906 110.0
119.02269744873047 127.0
124.8299789428711 126.0
135.9473419189453 134.0
145.1845703125 144.0
110.7889404296875 114.0
102.69743347167969 111.0
124.46931457519531 134.0
136.94122314453125 128.0
158.02734375 158.0
115.09608459472656 110.0
157.15838623046875 153.0
149.75534057617188 149.0
160.89076232910156 162.0
134.08819580078125 132.0
110.98997497558594 117.0
101.64378356933594 122.0
175.87977600097656 159.0
126.93722534179688 126.0
150.51480102539062 154.0
126.05499267578125 132.0
117.93167877197266 124.0
116.16937255859375 112.0
125.30604553222656 119.0
142.106201171875 139.0
173.484619140625 167.0
126.34673309326172 135.0
163.75094604492188 160.0
117.95156860351562 122.0
121.50331115722656 118.0
176.3683319091797 176.0
168.58892822265625 169.0
122.84215545654297 127.0
134.6090545654297 134.0
115.99667358398438 121.0
121.76502227783203 122.0
130.6529541015625 128.0
158.39239501953125 154.0
115.13848114013672 108.0
163.7075958251953 155.0
167.70718383789062 167.0
129.56956481933594 130.0
120.16212463378906 115.0
172.82376098632812 167.0
149.98524475097656 148.0
164.70533752441406 171.0
112.70891571044922 111.0
115.76026916503906 122.0
109.51115417480469 106.0
117.76483154296875 114.0
145.45458984375 143.0
155.3831329345703 144.0
106.97288513183594 114.0
125.95025634765625 125.0
112.00945281982422 111.0
153.51768493652344 146.0
134.74411010742188 130.0
113.82231140136719 120.0
137.89291381835938 134.0
127.3724136352539 126.0
139.389404296875 136.0
155.39517211914062 153.0
171.3351593017578 167.0
142.0765380859375 133.0
115.51788330078125 116.0
112.13650512695312 106.0
119.44995880126953 120.0
157.74264526367188 161.0
119.33094787597656 129.0
151.81451416015625 150.0
137.92874145507812 130.0
111.18539428710938 110.0
122.1531753540039 127.0
132.34353637695312 126.0
144.05636596679688 134.0
155.12608337402344 144.0
114.49844360351562 114.0
105.14716339111328 111.0
123.98395538330078 134.0
138.0106658935547 128.0
165.1395263671875 158.0
118.51922607421875 110.0
157.58157348632812 153.0
150.8386688232422 149.0
163.45062255859375 162.0
130.3614501953125 132.0
119.44924926757812 117.0
106.98187255859375 122.0
151.89358520507812 159.0
116.49217224121094 126.0
134.24400329589844 154.0
114.69751739501953 132.0
107.56888580322266 124.0
98.25848388671875 112.0
112.29303741455078 119.0
128.36956787109375 139.0
157.6014404296875 167.0
113.03325653076172 135.0
148.5603485107422 160.0
109.72492218017578 122.0
109.68470001220703 118.0
161.19390869140625 176.0
154.29913330078125 169.0
110.10098266601562 127.0
117.00965881347656 134.0
103.23827362060547 121.0
102.21014404296875 122.0
112.48283386230469 128.0
141.0083770751953 154.0
108.89332580566406 108.0
148.9982147216797 155.0
146.74766540527344 167.0
112.6124267578125 130.0
113.73342895507812 115.0
161.907470703125 167.0
132.7770538330078 148.0
145.32029724121094 171.0
102.10295104980469 111.0
101.417236328125 122.0
96.10200500488281 106.0
106.8954086303711 114.0
135.32093811035156 143.0
136.7819366455078 144.0
90.79405975341797 114.0
108.03338623046875 125.0
102.27928161621094 111.0
141.63047790527344 146.0
127.47053527832031 130.0
104.50769805908203 120.0
126.45940399169922 134.0
110.575927734375 126.0
124.82621002197266 136.0
140.8092803955078 153.0
154.29879760742188 167.0
123.49778747558594 133.0
103.06578063964844 116.0
104.47847747802734 106.0
108.08411407470703 120.0
144.2271270751953 161.0
105.49606323242188 129.0
135.22720336914062 150.0
119.32461547851562 130.0
100.14746856689453 110.0
107.766845703125 127.0
116.4757080078125 126.0
122.54691314697266 134.0
134.65811157226562 144.0
100.45115661621094 114.0
88.9609375 111.0
113.14169311523438 134.0
120.04720306396484 128.0
145.21929931640625 158.0
103.37833404541016 110.0
146.26303100585938 153.0
129.3492431640625 149.0
145.51495361328125 162.0
118.9678726196289 132.0
107.85354614257812 117.0
80.24537658691406 122.0
158.1155242919922 159.0
111.87342834472656 126.0
132.63758850097656 154.0
115.07763671875 132.0
108.3302993774414 124.0
103.07759094238281 112.0
116.34341430664062 119.0
123.65475463867188 139.0
154.31541442871094 167.0
115.51194763183594 135.0
140.13368225097656 160.0
107.27061462402344 122.0
111.24142456054688 118.0
159.88442993164062 176.0
153.93978881835938 169.0
110.81871032714844 127.0
125.54763793945312 134.0
103.09768676757812 121.0
106.0684814453125 122.0
119.19635009765625 128.0
144.33290100097656 154.0
105.96243286132812 108.0
147.5769500732422 155.0
148.13504028320312 167.0
121.57679748535156 130.0
112.00624084472656 115.0
153.21142578125 167.0
133.418701171875 148.0
150.66033935546875 171.0
99.2664794921875 111.0
105.95065307617188 122.0
100.35438537597656 106.0
105.26624298095703 114.0
131.46205139160156 143.0
136.4638214111328 144.0
97.04071807861328 114.0
111.51516723632812 125.0
109.43151092529297 111.0
140.20986938476562 146.0
126.64042663574219 130.0
102.48483276367188 120.0
124.40281677246094 134.0
114.0077896118164 126.0
125.863525390625 136.0
137.89077758789062 153.0
153.05931091308594 167.0
129.11968994140625 133.0
109.55776977539062 116.0
104.34391784667969 106.0
106.99961853027344 120.0
141.52438354492188 161.0
104.96920013427734 129.0
136.0497283935547 150.0
123.0166015625 130.0
99.05003356933594 110.0
106.16559600830078 127.0
117.64311218261719 126.0
125.74634552001953 134.0
135.5729217529297 144.0
105.72332000732422 114.0
93.74882507324219 111.0
111.35099792480469 134.0
118.43138122558594 128.0
149.43875122070312 158.0
108.75678253173828 110.0
142.89529418945312 153.0
133.0718536376953 149.0
148.75088500976562 162.0
123.6573486328125 132.0
107.41358184814453 117.0
98.29643249511719 122.0
155.3873748779297 159.0
119.18798828125 126.0
136.12847900390625 154.0
117.04912567138672 132.0
111.69530487060547 124.0
108.0364990234375 112.0
117.19439697265625 119.0
130.25836181640625 139.0
153.8499755859375 167.0
118.165283203125 135.0
147.36904907226562 160.0
111.07427978515625 122.0
114.55014038085938 118.0
158.01805114746094 176.0
153.64093017578125 169.0
118.89525604248047 127.0
122.18313598632812 134.0
111.33268737792969 121.0
115.5916748046875 122.0
121.36166381835938 128.0
147.32766723632812 154.0
109.26040649414062 108.0
148.75506591796875 155.0
153.43707275390625 167.0
121.4818344116211 130.0
115.43108367919922 115.0
157.77447509765625 167.0
135.3497314453125 148.0
152.4158477783203 171.0
108.67353820800781 111.0
110.07183074951172 122.0
104.68450164794922 106.0
109.56669616699219 114.0
132.64645385742188 143.0
142.60272216796875 144.0
105.00508880615234 114.0
123.0440673828125 125.0
111.98411560058594 111.0
144.48843383789062 146.0
131.28842163085938 130.0
107.01905822753906 120.0
127.9319839477539 134.0
119.60175323486328 126.0
130.4896240234375 136.0
144.64622497558594 153.0
156.38128662109375 167.0
130.8188018798828 133.0
115.92440795898438 116.0
105.28217315673828 106.0
110.0639419555664 120.0
143.01722717285156 161.0
110.68159484863281 129.0
143.04893493652344 150.0
124.91912841796875 130.0
102.88175201416016 110.0
116.9232177734375 127.0
121.2373275756836 126.0
143.59764099121094 134.0
145.75247192382812 144.0
108.00717163085938 114.0
101.55780792236328 111.0
118.096435546875 134.0
125.28306579589844 128.0
147.57659912109375 158.0
109.42527770996094 110.0
144.35232543945312 153.0
138.1590576171875 149.0
148.9775848388672 162.0
124.1822509765625 132.0
109.93490600585938 117.0
103.47076416015625 122.0
162.39991760253906 159.0
127.89200592041016 126.0
150.09413146972656 154.0
127.42509460449219 132.0
119.74214935302734 124.0
112.84516906738281 112.0
123.83612823486328 119.0
146.7015838623047 139.0
171.46878051757812 167.0
129.67208862304688 135.0
167.11204528808594 160.0
122.14888763427734 122.0
125.8641357421875 118.0
157.4671173095703 176.0
171.4740447998047 169.0
125.6943130493164 127.0
125.98493957519531 134.0
107.89227294921875 121.0
117.85256958007812 122.0
121.87022399902344 128.0
162.31448364257812 154.0
120.3131103515625 108.0
165.9840545654297 155.0
162.37803649902344 167.0
125.8408432006836 130.0
123.71475219726562 115.0
174.8826446533203 167.0
143.97935485839844 148.0
165.36639404296875 171.0
118.35889434814453 111.0
118.65383911132812 122.0
117.7314224243164 106.0
119.94013977050781 114.0
150.3462371826172 143.0
155.73086547851562 144.0
112.51646423339844 114.0
128.17860412597656 125.0
120.28338623046875 111.0
158.85084533691406 146.0
144.75054931640625 130.0
118.17420959472656 120.0
142.82408142089844 134.0
122.77359008789062 126.0
130.62139892578125 136.0
158.772705078125 153.0
158.94418334960938 167.0
133.84481811523438 133.0
127.20353698730469 116.0
116.74089050292969 106.0
123.69483184814453 120.0
159.6004180908203 161.0
109.34264373779297 129.0
145.36863708496094 150.0
123.73501586914062 130.0
115.29811096191406 110.0
115.61970520019531 127.0
124.55106353759766 126.0
138.97726440429688 134.0
145.18377685546875 144.0
113.95143127441406 114.0
112.26956176757812 111.0
129.4359130859375 134.0
133.20399475097656 128.0
151.87387084960938 158.0
113.71231079101562 110.0
160.56613159179688 153.0
140.68283081054688 149.0
165.45889282226562 162.0
135.1091766357422 132.0
114.01322174072266 117.0
112.92927551269531 122.0
170.5065155029297 159.0
123.49556732177734 126.0
146.07867431640625 154.0
124.19769287109375 132.0
117.26445007324219 124.0
113.28659057617188 112.0
122.81414031982422 119.0
137.51107788085938 139.0
166.10159301757812 167.0
124.84388732910156 135.0
156.9004669189453 160.0
115.47943878173828 122.0
119.84387969970703 118.0
171.76156616210938 176.0
166.5561065673828 169.0
120.93812561035156 127.0
132.44107055664062 134.0
112.84959411621094 121.0
118.88904571533203 122.0
126.01825714111328 128.0
161.5662384033203 154.0
115.53729248046875 108.0
160.6982421875 155.0
166.3838348388672 167.0
129.7559814453125 130.0
120.55400085449219 115.0
167.97276306152344 167.0
144.49607849121094 148.0
163.3784637451172 171.0
110.76443481445312 111.0
114.22824096679688 122.0
109.48063659667969 106.0
113.52975463867188 114.0
142.15335083007812 143.0
149.14295959472656 144.0
104.86002349853516 114.0
121.605224609375 125.0
116.62213134765625 111.0
151.852783203125 146.0
135.35389709472656 130.0
110.3582763671875 120.0
137.36666870117188 134.0
127.1552505493164 126.0
135.40841674804688 136.0
151.01937866210938 153.0
164.6732940673828 167.0
139.0884246826172 133.0
117.40455627441406 116.0
111.76904296875 106.0
116.87303924560547 120.0
154.50747680664062 161.0
114.22805786132812 129.0
148.2391357421875 150.0
132.29550170898438 130.0
105.7313461303711 110.0
120.10557556152344 127.0
127.10511779785156 126.0
139.8039093017578 134.0
151.49085998535156 144.0
109.65087890625 114.0
100.22673034667969 111.0
121.18785858154297 134.0
129.70968627929688 128.0
158.49679565429688 158.0
113.87877655029297 110.0
156.48065185546875 153.0
147.58767700195312 149.0
162.06597900390625 162.0
129.12588500976562 132.0
116.51700592041016 117.0
105.86840057373047 122.0
170.04656982421875 159.0
124.58831024169922 126.0
146.45321655273438 154.0
124.71670532226562 132.0
118.97438049316406 124.0
114.15055847167969 112.0
123.2755126953125 119.0
138.35353088378906 139.0
168.51817321777344 167.0
127.03369140625 135.0
157.24063110351562 160.0
116.70608520507812 122.0
121.07195281982422 118.0
171.76480102539062 176.0
168.20584106445312 169.0
121.98983764648438 127.0
131.47793579101562 134.0
112.67765808105469 121.0
119.44059753417969 122.0
126.21920776367188 128.0
162.5859832763672 154.0
116.62281799316406 108.0
162.8364715576172 155.0
166.98931884765625 167.0
128.86021423339844 130.0
122.06324005126953 115.0
169.213623046875 167.0
144.5896759033203 148.0
165.42416381835938 171.0
110.23008728027344 111.0
114.86588287353516 122.0
110.78379821777344 106.0
114.80291748046875 114.0
143.24737548828125 143.0
150.3251953125 144.0
105.51405334472656 114.0
122.90629577636719 125.0
119.08763885498047 111.0
153.89990234375 146.0
137.67800903320312 130.0
111.04695892333984 120.0
138.22930908203125 134.0
126.22632598876953 126.0
134.8109588623047 136.0
152.69822692871094 153.0
165.14622497558594 167.0
139.64300537109375 133.0
118.92842102050781 116.0
112.78187561035156 106.0
117.38580322265625 120.0
155.85379028320312 161.0
112.86144256591797 129.0
145.97848510742188 150.0
130.4225311279297 130.0
105.71028900146484 110.0
119.97221374511719 127.0
126.67393493652344 126.0
140.35482788085938 134.0
154.1635284423828 144.0
111.20317077636719 114.0
100.22948455810547 111.0
121.29946899414062 134.0
130.68563842773438 128.0
158.13650512695312 158.0
113.60043334960938 110.0
158.56298828125 153.0
145.9478759765625 149.0
164.56063842773438 162.0
131.0746307373047 132.0
116.1161880493164 117.0
107.62623596191406 122.0
162.07858276367188 159.0
120.54607391357422 126.0
141.21377563476562 154.0
120.43252563476562 132.0
112.56822204589844 124.0
108.3285903930664 112.0
117.55477905273438 119.0
131.7779541015625 139.0
161.30711364746094 167.0
121.34906005859375 135.0
153.7602996826172 160.0
111.51527404785156 122.0
115.4549560546875 118.0
166.79798889160156 176.0
162.8435516357422 169.0
117.52686309814453 127.0
124.09681701660156 134.0
107.0595703125 121.0
114.23861694335938 122.0
120.13300323486328 128.0
153.9269256591797 154.0
111.99722290039062 108.0
155.59432983398438 155.0
161.36465454101562 167.0
122.058837890625 130.0
116.59626770019531 115.0
164.95071411132812 167.0
138.76573181152344 148.0
159.64459228515625 171.0
106.25716400146484 111.0
107.15847778320312 122.0
103.37557220458984 106.0
110.19876861572266 114.0
136.5669403076172 143.0
145.74349975585938 144.0
99.74706268310547 114.0
117.348388671875 125.0
112.72666931152344 111.0
149.08872985839844 146.0
131.34429931640625 130.0
105.85546875 120.0
132.91046142578125 134.0
121.63860321044922 126.0
129.92942810058594 136.0
148.28524780273438 153.0
160.16525268554688 167.0
132.79612731933594 133.0
112.91252899169922 116.0
107.55271911621094 106.0
112.10316467285156 120.0
149.29034423828125 161.0
109.68466186523438 129.0
140.53860473632812 150.0
125.6933364868164 130.0
100.67347717285156 110.0
116.38951110839844 127.0
121.68724060058594 126.0
135.0535430908203 134.0
146.2871856689453 144.0
105.71458435058594 114.0
94.51309967041016 111.0
116.3733901977539 134.0
126.69795227050781 128.0
150.52777099609375 158.0
107.1755142211914 110.0
154.3438262939453 153.0
141.6778564453125 149.0
155.9930877685547 162.0
122.81707763671875 132.0
110.65220642089844 117.0
102.47636413574219 122.0
164.25595092773438 159.0
120.88903045654297 126.0
142.5235595703125 154.0
121.57816314697266 132.0
115.25801086425781 124.0
107.62454986572266 112.0
118.29803466796875 119.0
131.78851318359375 139.0
162.58055114746094 167.0
122.55076599121094 135.0
152.73886108398438 160.0
111.6843490600586 122.0
116.40974426269531 118.0
168.28280639648438 176.0
163.29164123535156 169.0
117.31405639648438 127.0
126.3778076171875 134.0
108.97416687011719 121.0
113.37953186035156 122.0
121.326904296875 128.0
157.28273010253906 154.0
112.50337219238281 108.0
156.88800048828125 155.0
162.03782653808594 167.0
125.17832946777344 130.0
117.55518341064453 115.0
164.82867431640625 167.0
141.0843963623047 148.0
159.6451416015625 171.0
106.85579681396484 111.0
109.86554718017578 122.0
104.26618194580078 106.0
110.95977783203125 114.0
137.43240356445312 143.0
145.54595947265625 144.0
101.48875427246094 114.0
117.39761352539062 125.0
113.32662963867188 111.0
149.75970458984375 146.0
131.8458709716797 130.0
106.27825164794922 120.0
133.10910034179688 134.0
121.64309692382812 126.0
131.46969604492188 136.0
148.78175354003906 153.0
161.5166473388672 167.0
133.29794311523438 133.0
112.6521987915039 116.0
107.94355010986328 106.0
113.47244262695312 120.0
150.9171142578125 161.0
110.83348083496094 129.0
142.5281982421875 150.0
128.32733154296875 130.0
101.77821350097656 110.0
116.49839782714844 127.0
123.73136901855469 126.0
135.7998504638672 134.0
148.42543029785156 144.0
105.75071716308594 114.0
95.26620483398438 111.0
117.07412719726562 134.0
125.92027282714844 128.0
152.72918701171875 158.0
108.70406341552734 110.0
154.0648956298828 153.0
142.2728729248047 149.0
157.83172607421875 162.0
124.50607299804688 132.0
113.12867736816406 117.0
102.84027099609375 122.0
162.74050903320312 159.0
121.68299865722656 126.0
141.3652801513672 154.0
121.22373962402344 132.0
116.4658432006836 124.0
109.76057434082031 112.0
117.1387939453125 119.0
129.79833984375 139.0
159.71829223632812 167.0
122.005615234375 135.0
151.39772033691406 160.0
110.27166748046875 122.0
116.96416473388672 118.0
167.30043029785156 176.0
160.09600830078125 169.0
117.62213134765625 127.0
126.62715148925781 134.0
111.37815856933594 121.0
117.01087951660156 122.0
121.505859375 128.0
156.67803955078125 154.0
111.11422729492188 108.0
153.64219665527344 155.0
162.90415954589844 167.0
125.26348876953125 130.0
114.53746032714844 115.0
164.22674560546875 167.0
139.98382568359375 148.0
158.5192413330078 171.0
108.12251281738281 111.0
110.78076171875 122.0
104.82071685791016 106.0
111.70338439941406 114.0
134.71945190429688 143.0
144.82351684570312 144.0
102.24247741699219 114.0
119.82814025878906 125.0
112.43497467041016 111.0
147.40419006347656 146.0
131.43435668945312 130.0
106.14553833007812 120.0
131.00538635253906 134.0
123.58975219726562 126.0
132.2473602294922 136.0
147.0580291748047 153.0
160.72760009765625 167.0
133.04617309570312 133.0
113.0771255493164 116.0
105.21270751953125 106.0
112.18626403808594 120.0
147.34356689453125 161.0
111.98524475097656 129.0
143.51568603515625 150.0
127.99038696289062 130.0
101.86415100097656 110.0
118.62596893310547 127.0
123.74362182617188 126.0
138.9742431640625 134.0
151.92861938476562 144.0
106.11016082763672 114.0
95.63151550292969 111.0
117.11448669433594 134.0
126.76457977294922 128.0
152.18309020996094 158.0
109.23702239990234 110.0
152.24391174316406 153.0
142.93850708007812 149.0
157.3089141845703 162.0
123.07501983642578 132.0
113.67992401123047 117.0
105.43231964111328 122.0
176.6270751953125 159.0
126.963623046875 126.0
151.73109436035156 154.0
128.58193969726562 132.0
119.70858764648438 124.0
116.01200866699219 112.0
128.5227813720703 119.0
139.54391479492188 139.0
171.71102905273438 167.0
127.8036880493164 135.0
156.79788208007812 160.0
118.71326446533203 122.0
122.05989074707031 118.0
177.75045776367188 176.0
170.72964477539062 169.0
124.1447982788086 127.0
139.6133270263672 134.0
116.93516540527344 121.0
122.04847717285156 122.0
132.28128051757812 128.0
165.87435913085938 154.0
119.67037200927734 108.0
166.58860778808594 155.0
169.89251708984375 167.0
135.11715698242188 130.0
125.78971099853516 115.0
169.3057861328125 167.0
149.0985107421875 148.0
166.53668212890625 171.0
113.031494140625 111.0
116.1872787475586 122.0
111.09451293945312 106.0
117.50592041015625 114.0
146.83242797851562 143.0
154.46798706054688 144.0
107.93577575683594 114.0
123.53465270996094 125.0
121.87435150146484 111.0
156.17071533203125 146.0
139.906494140625 130.0
114.8267822265625 120.0
142.25706481933594 134.0
129.551513671875 126.0
140.36016845703125 136.0
152.2203826904297 153.0
169.54641723632812 167.0
145.7067108154297 133.0
121.55459594726562 116.0
117.43561553955078 106.0
121.7186508178711 120.0
160.21731567382812 161.0
117.26557159423828 129.0
154.09066772460938 150.0
138.76597595214844 130.0
109.75244140625 110.0
124.47608947753906 127.0
131.12124633789062 126.0
143.25025939941406 134.0
153.43374633789062 144.0
114.193603515625 114.0
102.25353240966797 111.0
124.95536804199219 134.0
134.11932373046875 128.0
164.95999145507812 158.0
119.27079772949219 110.0
158.90420532226562 153.0
154.11862182617188 149.0
165.34930419921875 162.0
135.27337646484375 132.0
118.87126159667969 117.0
109.80559539794922 122.0
166.83804321289062 159.0
123.32841491699219 126.0
145.09945678710938 154.0
124.330810546875 132.0
117.08792877197266 124.0
110.9697494506836 112.0
121.34819030761719 119.0
133.18136596679688 139.0
164.49343872070312 167.0
125.10263061523438 135.0
153.58712768554688 160.0
113.34403228759766 122.0
118.37100982666016 118.0
167.81138610839844 176.0
165.68829345703125 169.0
119.42970275878906 127.0
130.7029571533203 134.0
110.31906127929688 121.0
116.93150329589844 122.0
125.20361328125 128.0
159.51377868652344 154.0
114.52156066894531 108.0
158.9758758544922 155.0
166.5771484375 167.0
127.96675872802734 130.0
119.39488983154297 115.0
165.9451904296875 167.0
142.21463012695312 148.0
163.13815307617188 171.0
108.53291320800781 111.0
111.12879180908203 122.0
106.40365600585938 106.0
113.12079620361328 114.0
139.56065368652344 143.0
148.64280700683594 144.0
103.17807006835938 114.0
120.15965270996094 125.0
116.33844757080078 111.0
152.44796752929688 146.0
134.83543395996094 130.0
108.80461883544922 120.0
136.04762268066406 134.0
124.2720947265625 126.0
135.3758544921875 136.0
149.39208984375 153.0
161.28709411621094 167.0
137.91427612304688 133.0
115.35003662109375 116.0
110.56131744384766 106.0
115.82353210449219 120.0
152.92391967773438 161.0
113.12889099121094 129.0
143.33224487304688 150.0
129.95164489746094 130.0
103.89376831054688 110.0
120.45339965820312 127.0
125.92184448242188 126.0
136.7989044189453 134.0
148.89280700683594 144.0
108.17411041259766 114.0
95.73405456542969 111.0
118.41755676269531 134.0
129.2978973388672 128.0
155.97909545898438 158.0
111.36872100830078 110.0
156.62342834472656 153.0
147.2254638671875 149.0
160.4084014892578 162.0
127.15677642822266 132.0
114.71397399902344 117.0
106.8497314453125 122.0
166.48519897460938 159.0
121.73814392089844 126.0
142.426513671875 154.0
121.71890258789062 132.0
116.39379119873047 124.0
110.63639068603516 112.0
120.65972900390625 119.0
133.19732666015625 139.0
162.3106689453125 167.0
123.00105285644531 135.0
151.7141876220703 160.0
111.60649108886719 122.0
117.14584350585938 118.0
167.89529418945312 176.0
162.71893310546875 169.0
118.49430084228516 127.0
128.9949188232422 134.0
111.08615112304688 121.0
117.42570495605469 122.0
124.43265533447266 128.0
157.501953125 154.0
111.9279556274414 108.0
157.11907958984375 155.0
163.4302520751953 167.0
126.8858413696289 130.0
116.93342590332031 115.0
164.13031005859375 167.0
141.8982391357422 148.0
159.90525817871094 171.0
108.55644989013672 111.0
111.87891387939453 122.0
105.98542785644531 106.0
112.18828582763672 114.0
137.99798583984375 143.0
146.35426330566406 144.0
104.05947875976562 114.0
120.98402404785156 125.0
115.60372924804688 111.0
148.9501953125 146.0
132.5697784423828 130.0
107.29102325439453 120.0
133.38958740234375 134.0
123.779541015625 126.0
133.57403564453125 136.0
148.04385375976562 153.0
161.53414916992188 167.0
135.7071075439453 133.0
115.75018310546875 116.0
108.21388244628906 106.0
114.02284240722656 120.0
150.96221923828125 161.0
112.57012176513672 129.0
144.8879852294922 150.0
128.72406005859375 130.0
103.31533813476562 110.0
118.5266342163086 127.0
125.03361511230469 126.0
139.40013122558594 134.0
149.77682495117188 144.0
108.62841033935547 114.0
97.06390380859375 111.0
117.82838439941406 134.0
127.64366149902344 128.0
155.73974609375 158.0
111.05573272705078 110.0
153.2539520263672 153.0
144.69895935058594 149.0
158.46864318847656 162.0
126.3311767578125 132.0
114.22908782958984 117.0
108.05316925048828 122.0
157.2472686767578 159.0
117.45548248291016 126.0
135.7996368408203 154.0
118.02352905273438 132.0
111.53545379638672 124.0
105.71465301513672 112.0
112.86421966552734 119.0
126.63192749023438 139.0
154.34939575195312 167.0
117.50859832763672 135.0
147.78662109375 160.0
106.92536926269531 122.0
112.67634582519531 118.0
164.2068328857422 176.0
156.72691345214844 169.0
113.07996368408203 127.0
120.70574188232422 134.0
106.9612045288086 121.0
112.88945007324219 122.0
116.3824234008789 128.0
150.0466766357422 154.0
107.81757354736328 108.0
149.57891845703125 155.0
157.6351776123047 167.0
120.23246002197266 130.0
111.3385238647461 115.0
159.66754150390625 167.0
134.77960205078125 148.0
154.16326904296875 171.0
104.30817413330078 111.0
106.41484069824219 122.0
100.84024047851562 106.0
108.53162384033203 114.0
130.96209716796875 143.0
139.31219482421875 144.0
98.3401107788086 114.0
115.12539672851562 125.0
109.26376342773438 111.0
144.5889892578125 146.0
127.10459899902344 130.0
102.74224090576172 120.0
127.30360412597656 134.0
119.82476806640625 126.0
127.59339904785156 136.0
143.52740478515625 153.0
156.3960418701172 167.0
128.701904296875 133.0
108.76950073242188 116.0
102.22832489013672 106.0
108.6304702758789 120.0
144.5105743408203 161.0
107.74629974365234 129.0
137.4957733154297 150.0
122.87368774414062 130.0
98.67613220214844 110.0
113.8331527709961 127.0
119.7691650390625 126.0
133.25779724121094 134.0
143.88307189941406 144.0
102.28860473632812 114.0
91.69580841064453 111.0
112.98612976074219 134.0
120.69503784179688 128.0
146.6289825439453 158.0
104.16212463378906 110.0
150.23660278320312 153.0
137.39886474609375 149.0
151.392578125 162.0
118.80697631835938 132.0
109.725341796875 117.0
103.78182983398438 122.0
168.53030395507812 159.0
124.53511810302734 126.0
147.2936248779297 154.0
124.82955932617188 132.0
117.44119262695312 124.0
110.9885025024414 112.0
123.34894561767578 119.0
134.95062255859375 139.0
167.6335906982422 167.0
125.16648864746094 135.0
154.6731414794922 160.0
114.57488250732422 122.0
119.24720001220703 118.0
172.68316650390625 176.0
168.42855834960938 169.0
121.8143081665039 127.0
131.59530639648438 134.0
111.39311218261719 121.0
116.84503173828125 122.0
125.63265228271484 128.0
161.4019317626953 154.0
116.21137237548828 108.0
162.01890563964844 155.0
166.18309020996094 167.0
128.51608276367188 130.0
120.99791717529297 115.0
167.62478637695312 167.0
142.7713623046875 148.0
164.3297576904297 171.0
109.38996124267578 111.0
112.57543182373047 122.0
107.68389129638672 106.0
114.8489761352539 114.0
142.2587890625 143.0
151.33396911621094 144.0
105.255126953125 114.0
121.51683044433594 125.0
117.21855163574219 111.0
154.24534606933594 146.0
136.5135040283203 130.0
111.27286529541016 120.0
138.21762084960938 134.0
123.30585479736328 126.0
134.7078094482422 136.0
150.27349853515625 153.0
165.13497924804688 167.0
138.05111694335938 133.0
117.86668395996094 116.0
111.94320678710938 106.0
117.59827423095703 120.0
156.22055053710938 161.0
111.5186767578125 129.0
147.52218627929688 150.0
130.54135131835938 130.0
105.80335235595703 110.0
118.8061294555664 127.0
126.36235046386719 126.0
139.9922637939453 134.0
150.767333984375 144.0
110.05091857910156 114.0
97.51297760009766 111.0
120.73395538330078 134.0
130.65072631835938 128.0
157.3335723876953 158.0
112.41889953613281 110.0
157.63478088378906 153.0
147.01881408691406 149.0
162.20669555664062 162.0
129.3179473876953 132.0
114.55757141113281 117.0
108.28573608398438 122.0
164.166015625 159.0
122.96488952636719 126.0
142.5995330810547 154.0
121.76963806152344 132.0
115.18827819824219 124.0
109.73506927490234 112.0
122.39183044433594 119.0
133.83544921875 139.0
160.41326904296875 167.0
122.00251770019531 135.0
151.74380493164062 160.0
112.45999908447266 122.0
118.24124145507812 118.0
169.2794189453125 176.0
161.84603881835938 169.0
120.38336944580078 127.0
127.49288940429688 134.0
111.03041076660156 121.0
116.71034240722656 122.0
123.88408660888672 128.0
156.12979125976562 154.0
112.70767211914062 108.0
156.34698486328125 155.0
159.94248962402344 167.0
125.67433166503906 130.0
116.22515869140625 115.0
162.96620178222656 167.0
141.50628662109375 148.0
159.43544006347656 171.0
110.66725158691406 111.0
111.88677215576172 122.0
105.87995910644531 106.0
113.20095825195312 114.0
137.4953155517578 143.0
147.8074951171875 144.0
105.0157699584961 114.0
120.93931579589844 125.0
114.81226348876953 111.0
147.89231872558594 146.0
133.82785034179688 130.0
109.88352966308594 120.0
133.22592163085938 134.0
123.55186462402344 126.0
131.83631896972656 136.0
146.49684143066406 153.0
162.25389099121094 167.0
134.17564392089844 133.0
118.28831481933594 116.0
108.11924743652344 106.0
114.564453125 120.0
150.40582275390625 161.0
109.9249267578125 129.0
145.686767578125 150.0
127.86482238769531 130.0
105.20619201660156 110.0
117.06346130371094 127.0
124.11359405517578 126.0
139.5230712890625 134.0
148.0294189453125 144.0
112.26062774658203 114.0
99.79978942871094 111.0
120.41266632080078 134.0
129.02005004882812 128.0
154.52113342285156 158.0
111.49748229980469 110.0
152.55917358398438 153.0
144.61520385742188 149.0
157.77027893066406 162.0
127.49848937988281 132.0
112.41874694824219 117.0
108.45977020263672 122.0
169.3354034423828 159.0
125.45117950439453 126.0
147.81207275390625 154.0
125.93242645263672 132.0
119.25453186035156 124.0
110.19551849365234 112.0
124.21949005126953 119.0
135.5256805419922 139.0
167.04986572265625 167.0
126.37553405761719 135.0
154.31903076171875 160.0
114.55498504638672 122.0
120.12638854980469 118.0
168.71484375 176.0
168.36611938476562 169.0
121.99668884277344 127.0
133.28713989257812 134.0
110.86320495605469 121.0
116.73169708251953 122.0
127.05628967285156 128.0
160.96035766601562 154.0
115.8743896484375 108.0
160.88819885253906 155.0
165.9894561767578 167.0
129.48883056640625 130.0
121.01245880126953 115.0
166.9910125732422 167.0
144.04489135742188 148.0
166.5428009033203 171.0
111.43524169921875 111.0
113.59678649902344 122.0
106.98505401611328 106.0
115.22649383544922 114.0
141.11680603027344 143.0
150.6253204345703 144.0
105.63985443115234 114.0
121.42784881591797 125.0
118.52923583984375 111.0
154.3043670654297 146.0
136.24334716796875 130.0
111.11819458007812 120.0
137.02976989746094 134.0
123.50267791748047 126.0
135.58924865722656 136.0
151.14163208007812 153.0
163.05950927734375 167.0
139.00250244140625 133.0
117.48467254638672 116.0
111.35881042480469 106.0
117.92140197753906 120.0
155.6103515625 161.0
113.19705200195312 129.0
146.23748779296875 150.0
131.65994262695312 130.0
105.02470397949219 110.0
118.52716064453125 127.0
127.08833312988281 126.0
138.51718139648438 134.0
150.95367431640625 144.0
111.08277893066406 114.0
97.58161926269531 111.0
120.6484603881836 134.0
130.97454833984375 128.0
158.0366668701172 158.0
113.82750701904297 110.0
158.57415771484375 153.0
148.74728393554688 149.0
163.4002685546875 162.0
130.12257385253906 132.0
115.22085571289062 117.0
108.02062225341797 122.0
154.79603576660156 159.0
115.42761993408203 126.0
134.1963348388672 154.0
115.47008514404297 132.0
109.27372741699219 124.0
101.81694793701172 112.0
111.15624237060547 119.0
126.73145294189453 139.0
152.82293701171875 167.0
116.52745056152344 135.0
146.45455932617188 160.0
105.60986328125 122.0
111.36856079101562 118.0
160.5805206298828 176.0
154.39218139648438 169.0
111.74520111083984 127.0
118.3775634765625 134.0
103.2057113647461 121.0
108.52225494384766 122.0
114.64373016357422 128.0
149.9595489501953 154.0
105.89923095703125 108.0
148.802734375 155.0
152.92897033691406 167.0
118.01519775390625 130.0
109.43771362304688 115.0
156.87246704101562 167.0
134.0240020751953 148.0
152.0550994873047 171.0
103.70101165771484 111.0
106.01580810546875 122.0
100.0999755859375 106.0
106.50566101074219 114.0
129.67034912109375 143.0
137.7721405029297 144.0
97.70355224609375 114.0
112.83163452148438 125.0
107.16016387939453 111.0
141.11602783203125 146.0
125.76057434082031 130.0
100.7366714477539 120.0
124.66632080078125 134.0
114.99322509765625 126.0
124.91019439697266 136.0
141.73292541503906 153.0
154.672607421875 167.0
124.81881713867188 133.0
107.33002471923828 116.0
99.45787811279297 106.0
106.46762084960938 120.0
143.32740783691406 161.0
104.6380844116211 129.0
136.344482421875 150.0
119.9266357421875 130.0
97.25651550292969 110.0
108.76524353027344 127.0
116.70275115966797 126.0
130.1114044189453 134.0
141.3697052001953 144.0
101.08338928222656 114.0
92.57694244384766 111.0
111.92589569091797 134.0
118.263916015625 128.0
144.6026611328125 158.0
101.99260711669922 110.0
146.73165893554688 153.0
133.4742431640625 149.0
151.81283569335938 162.0
117.77699279785156 132.0
106.41009521484375 117.0
100.69273376464844 122.0
161.041748046875 159.0
117.03731536865234 126.0
137.9818572998047 154.0
117.7231674194336 132.0
111.73905181884766 124.0
105.48064422607422 112.0
115.912109375 119.0
128.05780029296875 139.0
155.66835021972656 167.0
118.53265380859375 135.0
147.26107788085938 160.0
106.95207977294922 122.0
112.20149993896484 118.0
161.8667449951172 176.0
156.3094482421875 169.0
114.57623291015625 127.0
123.47927856445312 134.0
109.30083465576172 121.0
112.39111328125 122.0
118.94075012207031 128.0
152.75039672851562 154.0
108.30022430419922 108.0
150.52064514160156 155.0
158.28311157226562 167.0
121.03153228759766 130.0
111.67109680175781 115.0
157.67344665527344 167.0
137.76380920410156 148.0
154.32749938964844 171.0
104.816650390625 111.0
106.99894714355469 122.0
100.61983489990234 106.0
108.58902740478516 114.0
131.63507080078125 143.0
141.59524536132812 144.0
100.09757232666016 114.0
117.54643249511719 125.0
109.53472900390625 111.0
143.28334045410156 146.0
126.76017761230469 130.0
103.18022155761719 120.0
127.74604797363281 134.0
118.80480194091797 126.0
128.47723388671875 136.0
142.95497131347656 153.0
155.384765625 167.0
129.28726196289062 133.0
109.40860748291016 116.0
103.1798095703125 106.0
110.15425872802734 120.0
145.44976806640625 161.0
108.7754898071289 129.0
144.0791473388672 150.0
125.25349426269531 130.0
98.95053100585938 110.0
113.81085205078125 127.0
121.52571868896484 126.0
137.32542419433594 134.0
149.0398712158203 144.0
103.41258239746094 114.0
92.8062973022461 111.0
113.61080932617188 134.0
123.23210144042969 128.0
150.5477294921875 158.0
106.71549987792969 110.0
148.75924682617188 153.0
141.4239044189453 149.0
153.70211791992188 162.0
119.16443634033203 132.0
109.9098129272461 117.0
105.01825714111328 122.0
163.83480834960938 159.0
119.53861999511719 126.0
141.08860778808594 154.0
121.47001647949219 132.0
114.98986053466797 124.0
106.361328125 112.0
119.23880004882812 119.0
132.53533935546875 139.0
162.63009643554688 167.0
122.68689727783203 135.0
153.4383544921875 160.0
111.48052978515625 122.0
117.04273223876953 118.0
173.9925994873047 176.0
164.95352172851562 169.0
117.1892318725586 127.0
127.684326171875 134.0
109.26394653320312 121.0
111.75269317626953 122.0
121.45777893066406 128.0
158.65895080566406 154.0
113.36669921875 108.0
157.28684997558594 155.0
159.86346435546875 167.0
126.6724853515625 130.0
117.55485534667969 115.0
165.71176147460938 167.0
139.51199340820312 148.0
159.45716857910156 171.0
107.5135269165039 111.0
112.01160430908203 122.0
105.51543426513672 106.0
111.52874755859375 114.0
138.13189697265625 143.0
144.8551788330078 144.0
102.9476547241211 114.0
116.99004364013672 125.0
114.97150421142578 111.0
149.91204833984375 146.0
134.43409729003906 130.0
107.14195251464844 120.0
132.8801727294922 134.0
119.58232116699219 126.0
131.87306213378906 136.0
149.07879638671875 153.0
165.64088439941406 167.0
132.79025268554688 133.0
113.38603210449219 116.0
107.92054748535156 106.0
113.95597839355469 120.0
151.9329071044922 161.0
108.96614837646484 129.0
142.87258911132812 150.0
127.5093994140625 130.0
102.75691223144531 110.0
112.76471710205078 127.0
122.67072296142578 126.0
134.4084930419922 134.0
146.39236450195312 144.0
107.02723693847656 114.0
96.5938949584961 111.0
117.52494812011719 134.0
122.87548065185547 128.0
153.05628967285156 158.0
108.98619079589844 110.0
154.8926239013672 153.0
139.58738708496094 149.0
159.54949951171875 162.0
126.40982818603516 132.0
112.33856201171875 117.0
104.11212158203125 122.0
169.46038818359375 159.0
123.17918395996094 126.0
144.81886291503906 154.0
124.74771881103516 132.0
117.38424682617188 124.0
109.5428237915039 112.0
122.8280029296875 119.0
136.12600708007812 139.0
164.154052734375 167.0
124.7760009765625 135.0
152.9638671875 160.0
113.9603271484375 122.0
119.54932403564453 118.0
171.08438110351562 176.0
164.8209686279297 169.0
120.23624420166016 127.0
131.6012420654297 134.0
110.47967529296875 121.0
116.12596130371094 122.0
126.81477355957031 128.0
161.54124450683594 154.0
114.39188385009766 108.0
159.3729248046875 155.0
165.80870056152344 167.0
129.5584259033203 130.0
119.29960632324219 115.0
164.24107360839844 167.0
145.35801696777344 148.0
163.41954040527344 171.0
111.3680191040039 111.0
114.24526977539062 122.0
105.73865509033203 106.0
114.12808990478516 114.0
140.82171630859375 143.0
147.71304321289062 144.0
106.1852798461914 114.0
119.94781494140625 125.0
115.93108367919922 111.0
151.00115966796875 146.0
134.85235595703125 130.0
110.31185150146484 120.0
135.02301025390625 134.0
123.75787353515625 126.0
134.87820434570312 136.0
149.33274841308594 153.0
164.0359649658203 167.0
136.91632080078125 133.0
115.96452331542969 116.0
109.30381774902344 106.0
115.88613891601562 120.0
154.14169311523438 161.0
114.10430145263672 129.0
148.48541259765625 150.0
132.12442016601562 130.0
105.78580474853516 110.0
117.89163208007812 127.0
127.2370834350586 126.0
136.2604217529297 134.0
149.7480926513672 144.0
111.87059783935547 114.0
99.97842407226562 111.0
120.20718383789062 134.0
127.66746520996094 128.0
158.77593994140625 158.0
113.12944793701172 110.0
155.29408264160156 153.0
145.72607421875 149.0
162.44491577148438 162.0
128.1315460205078 132.0
115.43917846679688 117.0
107.57707977294922 122.0
163.9302978515625 159.0
119.36400604248047 126.0
140.25979614257812 154.0
120.58258056640625 132.0
114.61703491210938 124.0
106.727294921875 112.0
116.63787841796875 119.0
133.33229064941406 139.0
162.08396911621094 167.0
122.6352767944336 135.0
151.5349578857422 160.0
110.63432312011719 122.0
116.55490112304688 118.0
168.298583984375 176.0
163.17031860351562 169.0
116.27581787109375 127.0
124.9662857055664 134.0
107.93281555175781 121.0
112.77796936035156 122.0
119.59388732910156 128.0
160.58425903320312 154.0
112.0613021850586 108.0
156.5725860595703 155.0
162.60662841796875 167.0
123.97421264648438 130.0
115.79689025878906 115.0
164.33609008789062 167.0
140.37110900878906 148.0
159.4540557861328 171.0
106.7958755493164 111.0
110.76406860351562 122.0
105.95843505859375 106.0
110.96155548095703 114.0
136.8828887939453 143.0
143.0846405029297 144.0
101.43859100341797 114.0
117.13654327392578 125.0
114.03831481933594 111.0
147.5843505859375 146.0
133.0244598388672 130.0
106.23949432373047 120.0
132.59544372558594 134.0
120.21810150146484 126.0
129.6028594970703 136.0
147.17567443847656 153.0
161.72813415527344 167.0
132.8826141357422 133.0
112.15545654296875 116.0
106.1200180053711 106.0
112.39810180664062 120.0
150.61874389648438 161.0
108.64399719238281 129.0
143.712890625 150.0
124.80687713623047 130.0
101.32796478271484 110.0
112.86831665039062 127.0
121.67019653320312 126.0
134.60906982421875 134.0
148.96229553222656 144.0
105.8172378540039 114.0
96.13153076171875 111.0
116.6111831665039 134.0
123.052734375 128.0
154.12623596191406 158.0
107.87083435058594 110.0
153.95828247070312 153.0
139.33766174316406 149.0
161.29336547851562 162.0
123.86581420898438 132.0
111.53790283203125 117.0
105.60321807861328 122.0
164.82568359375 159.0
122.98291015625 126.0
144.3367919921875 154.0
121.92317199707031 132.0
115.8353271484375 124.0
108.60775756835938 112.0
120.80876159667969 119.0
130.54808044433594 139.0
160.7483367919922 167.0
121.256103515625 135.0
150.66030883789062 160.0
110.63033294677734 122.0
117.05372619628906 118.0
165.6995086669922 176.0
161.8550262451172 169.0
120.17814636230469 127.0
129.39080810546875 134.0
111.17444610595703 121.0
114.89891815185547 122.0
124.82501220703125 128.0
155.10293579101562 154.0
111.73751068115234 108.0
155.00604248046875 155.0
164.9396209716797 167.0
125.39737701416016 130.0
116.6441879272461 115.0
162.75897216796875 167.0
138.53201293945312 148.0
161.01368713378906 171.0
107.75675201416016 111.0
110.00665283203125 122.0
102.9178695678711 106.0
112.33028411865234 114.0
137.2540283203125 143.0
147.61434936523438 144.0
104.35897064208984 114.0
121.37690734863281 125.0
114.02548217773438 111.0
149.1182861328125 146.0
132.04290771484375 130.0
108.22783660888672 120.0
133.40475463867188 134.0
122.13544464111328 126.0
134.4322509765625 136.0
147.1514129638672 153.0
159.30270385742188 167.0
135.50479125976562 133.0
115.35871887207031 116.0
107.86016845703125 106.0
115.82307434082031 120.0
149.89334106445312 161.0
112.25785827636719 129.0
144.998291015625 150.0
128.2768096923828 130.0
103.04768371582031 110.0
119.85833740234375 127.0
125.7162094116211 126.0
140.9836883544922 134.0
149.90304565429688 144.0
107.9681396484375 114.0
94.91744995117188 111.0
118.29306030273438 134.0
130.5299072265625 128.0
154.59951782226562 158.0
111.54885864257812 110.0
153.015380859375 153.0
147.4697265625 149.0
156.42349243164062 162.0
125.49533081054688 132.0
112.8321533203125 117.0
107.34745788574219 122.0
157.8601531982422 159.0
118.45796203613281 126.0
134.50299072265625 154.0
116.84321594238281 132.0
114.75741577148438 124.0
106.19542694091797 112.0
112.03152465820312 119.0
127.93116760253906 139.0
152.55496215820312 167.0
118.57354736328125 135.0
148.94036865234375 160.0
105.21528625488281 122.0
114.80213165283203 118.0
162.11602783203125 176.0
153.02171325683594 169.0
115.6355972290039 127.0
116.5517807006836 134.0
109.6395034790039 121.0
114.86609649658203 122.0
115.74362182617188 128.0
153.39077758789062 154.0
106.12330627441406 108.0
147.0264892578125 155.0
158.98199462890625 167.0
118.35234832763672 130.0
106.84634399414062 115.0
159.30274963378906 167.0
137.20370483398438 148.0
154.84959411621094 171.0
108.37781524658203 111.0
108.83384704589844 122.0
101.140869140625 106.0
109.91814422607422 114.0
128.87969970703125 143.0
139.6754608154297 144.0
102.63018798828125 114.0
122.8163833618164 125.0
108.34500122070312 111.0
141.04212951660156 146.0
125.91851043701172 130.0
102.07766723632812 120.0
123.64564514160156 134.0
120.02906799316406 126.0
127.09022521972656 136.0
143.92112731933594 153.0
156.41070556640625 167.0
124.97174835205078 133.0
110.1292495727539 116.0
97.43905639648438 106.0
106.75792694091797 120.0
141.84881591796875 161.0
108.9247817993164 129.0
143.00479125976562 150.0
120.8091049194336 130.0
98.423828125 110.0
114.81546783447266 127.0
120.58245086669922 126.0
141.7421875 134.0
152.55007934570312 144.0
104.6105728149414 114.0
95.66656494140625 111.0
114.058349609375 134.0
122.61519622802734 128.0
147.5078125 158.0
105.4580307006836 110.0
148.81326293945312 153.0
136.34877014160156 149.0
155.47657775878906 162.0
115.75041198730469 132.0
110.12992858886719 117.0
110.03335571289062 122.0
150.37637329101562 159.0
113.8686752319336 126.0
133.06968688964844 154.0
115.41288757324219 132.0
107.89598083496094 124.0
99.45203399658203 112.0
111.33912658691406 119.0
123.5673828125 139.0
150.331787109375 167.0
113.08331298828125 135.0
142.20152282714844 160.0
103.65436553955078 122.0
109.48133850097656 118.0
155.469482421875 176.0
151.82351684570312 169.0
109.95144653320312 127.0
117.85926818847656 134.0
100.69544982910156 121.0
106.7230224609375 122.0
113.20711517333984 128.0
144.7472381591797 154.0
105.34931945800781 108.0
144.98046875 155.0
150.38055419921875 167.0
116.99113464355469 130.0
108.19480895996094 115.0
153.60720825195312 167.0
130.75338745117188 148.0
149.21836853027344 171.0
102.33413696289062 111.0
104.71095275878906 122.0
95.68285369873047 106.0
105.37972259521484 114.0
127.69203186035156 143.0
135.99742126464844 144.0
96.95803833007812 114.0
110.17481231689453 125.0
105.31497192382812 111.0
139.7281036376953 146.0
124.38124084472656 130.0
100.16641235351562 120.0
124.26438903808594 134.0
113.63807678222656 126.0
122.8335189819336 136.0
138.89764404296875 153.0
148.6121826171875 167.0
123.30462646484375 133.0
105.89131927490234 116.0
99.70673370361328 106.0
106.87342834472656 120.0
140.63925170898438 161.0
103.8774642944336 129.0
132.2701416015625 150.0
119.82235717773438 130.0
96.61756896972656 110.0
108.21862030029297 127.0
115.8479995727539 126.0
126.46452331542969 134.0
136.30784606933594 144.0
99.52165222167969 114.0
89.74603271484375 111.0
110.43466186523438 134.0
117.65249633789062 128.0
140.81625366210938 158.0
101.71993255615234 110.0
144.45819091796875 153.0
132.56834411621094 149.0
146.4282684326172 162.0
116.46548461914062 132.0
105.20391845703125 117.0
100.04584503173828 122.0
166.11390686035156 159.0
122.36026000976562 126.0
143.1640167236328 154.0
123.65076446533203 132.0
116.53768920898438 124.0
109.91755676269531 112.0
120.06599426269531 119.0
132.80628967285156 139.0
162.88417053222656 167.0
122.99490356445312 135.0
152.07388305664062 160.0
111.83003997802734 122.0
118.168701171875 118.0
168.36354064941406 176.0
164.10430908203125 169.0
119.63752746582031 127.0
129.1942138671875 134.0
111.3456802368164 121.0
116.72602844238281 122.0
124.06904602050781 128.0
158.7101287841797 154.0
112.99040985107422 108.0
157.49383544921875 155.0
164.82968139648438 167.0
127.59147644042969 130.0
116.63504791259766 115.0
164.8164520263672 167.0
142.34539794921875 148.0
161.90151977539062 171.0
108.6390380859375 111.0
112.46257019042969 122.0
104.77781677246094 106.0
113.10885620117188 114.0
138.1425018310547 143.0
146.85491943359375 144.0
104.69438171386719 114.0
120.4378890991211 125.0
114.81951904296875 111.0
150.3368377685547 146.0
133.26856994628906 130.0
107.76759338378906 120.0
133.41262817382812 134.0
123.74974060058594 126.0
134.29080200195312 136.0
149.06484985351562 153.0
161.05859375 167.0
135.38720703125 133.0
114.13184356689453 116.0
107.25038146972656 106.0
114.90493774414062 120.0
152.3421630859375 161.0
113.09550476074219 129.0
145.625732421875 150.0
128.98431396484375 130.0
102.98326873779297 110.0
118.22099304199219 127.0
126.18763732910156 126.0
138.2851104736328 134.0
149.92471313476562 144.0
107.78121948242188 114.0
96.1531982421875 111.0
118.310302734375 134.0
127.39997863769531 128.0
155.48043823242188 158.0
111.20661163330078 110.0
155.58209228515625 153.0
145.0381622314453 149.0
160.04443359375 162.0
125.93547821044922 132.0
114.2099609375 117.0
108.20611572265625 122.0
164.27871704101562 159.0
121.38673400878906 126.0
142.46788024902344 154.0
122.76573181152344 132.0
115.06421661376953 124.0
106.88273620605469 112.0
118.82112121582031 119.0
131.94664001464844 139.0
161.8432159423828 167.0
121.37445068359375 135.0
150.87399291992188 160.0
110.32743072509766 122.0
116.52348327636719 118.0
165.83380126953125 176.0
162.51898193359375 169.0
117.74606323242188 127.0
127.4258041381836 134.0
110.15899658203125 121.0
113.91921997070312 122.0
122.38819885253906 128.0
156.87469482421875 154.0
111.81181335449219 108.0
156.11297607421875 155.0
162.2506561279297 167.0
125.50472259521484 130.0
115.74351501464844 115.0
163.17295837402344 167.0
141.01565551757812 148.0
160.00564575195312 171.0
107.71269226074219 111.0
110.70453643798828 122.0
102.4585189819336 106.0
112.03724670410156 114.0
137.36181640625 143.0
145.32894897460938 144.0
103.09666442871094 114.0
118.01268005371094 125.0
112.76151275634766 111.0
149.16671752929688 146.0
131.7083282470703 130.0
106.95287322998047 120.0
132.62557983398438 134.0
121.39276885986328 126.0
132.5055389404297 136.0
147.72630310058594 153.0
158.81301879882812 167.0
132.67816162109375 133.0
112.57893371582031 116.0
106.34741973876953 106.0
114.1511459350586 120.0
151.3302001953125 161.0
111.71492004394531 129.0
144.69168090820312 150.0
127.16908264160156 130.0
102.09185028076172 110.0
116.41755676269531 127.0
124.93638610839844 126.0
135.7345428466797 134.0
147.67808532714844 144.0
106.20210266113281 114.0
94.73434448242188 111.0
117.1668701171875 134.0
126.16038513183594 128.0
154.1713104248047 158.0
109.66526794433594 110.0
154.3804931640625 153.0
143.53976440429688 149.0
158.06338500976562 162.0
124.61866760253906 132.0
112.89768981933594 117.0
105.85688018798828 122.0
162.3367156982422 159.0
119.76818084716797 126.0
140.830810546875 154.0
121.05705261230469 132.0
113.98806762695312 124.0
106.11605834960938 112.0
116.65005493164062 119.0
130.9722137451172 139.0
160.6265106201172 167.0
120.65196990966797 135.0
150.38851928710938 160.0
109.12214660644531 122.0
115.1883544921875 118.0
164.21868896484375 176.0
161.4991912841797 169.0
116.30074310302734 127.0
124.99413299560547 134.0
107.96340942382812 121.0
112.92752075195312 122.0
120.16504669189453 128.0
155.75421142578125 154.0
110.7891845703125 108.0
155.1046142578125 155.0
160.9841766357422 167.0
123.7345962524414 130.0
114.2325439453125 115.0
162.58303833007812 167.0
139.23895263671875 148.0
158.73765563964844 171.0
106.88458251953125 111.0
109.1523208618164 122.0
101.9153823852539 106.0
110.63800048828125 114.0
136.02847290039062 143.0
144.01129150390625 144.0
101.66136169433594 114.0
117.27696228027344 125.0
111.9993667602539 111.0
147.99774169921875 146.0
130.722900390625 130.0
105.39146423339844 120.0
131.27713012695312 134.0
119.46223449707031 126.0
130.68313598632812 136.0
147.0867156982422 153.0
157.8997344970703 167.0
131.2285614013672 133.0
111.12297058105469 116.0
104.71651458740234 106.0
112.53992462158203 120.0
150.10279846191406 161.0
109.70445251464844 129.0
142.01646423339844 150.0
124.88605499267578 130.0
100.48853302001953 110.0
114.47871398925781 127.0
122.54255676269531 126.0
134.82395935058594 134.0
146.55801391601562 144.0
104.17807006835938 114.0
93.17738342285156 111.0
115.89302062988281 134.0
124.11298370361328 128.0
152.24563598632812 158.0
107.30233764648438 110.0
153.2738494873047 153.0
141.12779235839844 149.0
157.12405395507812 162.0
122.40503692626953 132.0
111.24175262451172 117.0
104.94671630859375 122.0
161.99984741210938 159.0
119.85903930664062 126.0
141.38796997070312 154.0
121.34351348876953 132.0
113.69236755371094 124.0
104.9422607421875 112.0
118.24526977539062 119.0
131.62132263183594 139.0
160.69644165039062 167.0
120.42515563964844 135.0
150.34246826171875 160.0
109.79610443115234 122.0
115.41788482666016 118.0
165.81983947753906 176.0
161.67874145507812 169.0
116.38787078857422 127.0
125.5213623046875 134.0
107.12638854980469 121.0
111.49650573730469 122.0
120.5955581665039 128.0
154.89173889160156 154.0
111.09854125976562 108.0
155.46067810058594 155.0
159.0491943359375 167.0
123.77717590332031 130.0
115.26351928710938 115.0
162.3573455810547 167.0
139.2830810546875 148.0
158.97567749023438 171.0
106.99494934082031 111.0
109.63038635253906 122.0
101.72990417480469 106.0
111.18185424804688 114.0
136.3658905029297 143.0
144.19903564453125 144.0
101.76884460449219 114.0
116.0312728881836 125.0
112.00444030761719 111.0
147.9897918701172 146.0
130.9082794189453 130.0
106.20832824707031 120.0
131.59507751464844 134.0
118.54790496826172 126.0
130.06907653808594 136.0
147.13088989257812 153.0
158.89524841308594 167.0
130.8508758544922 133.0
111.5911865234375 116.0
105.75013732910156 106.0
113.41275787353516 120.0
150.44686889648438 161.0
109.33085632324219 129.0
141.41705322265625 150.0
125.69123840332031 130.0
101.44178771972656 110.0
113.30240631103516 127.0
122.53945922851562 126.0
133.34922790527344 134.0
144.79660034179688 144.0
105.55769348144531 114.0
94.46719360351562 111.0
116.4269027709961 134.0
124.38078308105469 128.0
151.65626525878906 158.0
108.1031723022461 110.0
153.48583984375 153.0
140.53114318847656 149.0
156.83084106445312 162.0
123.99679565429688 132.0
110.86444091796875 117.0
103.8560791015625 122.0
166.02879333496094 159.0
123.19703674316406 126.0
144.5645751953125 154.0
124.05144500732422 132.0
117.39501953125 124.0
109.12654113769531 112.0
120.95903015136719 119.0
134.04714965820312 139.0
164.04949951171875 167.0
123.76173400878906 135.0
153.2284698486328 160.0
112.4545669555664 122.0
119.10845947265625 118.0
169.31756591796875 176.0
165.0000762939453 169.0
120.3279800415039 127.0
129.65533447265625 134.0
111.26437377929688 121.0
115.81581115722656 122.0
124.5970458984375 128.0
159.38400268554688 154.0
113.71114349365234 108.0
158.67333984375 155.0
163.57736206054688 167.0
127.6591796875 130.0
117.56231689453125 115.0
165.48666381835938 167.0
142.3468017578125 148.0
162.77279663085938 171.0
109.48202514648438 111.0
113.32312774658203 122.0
105.49801635742188 106.0
114.04580688476562 114.0
139.11399841308594 143.0
147.99530029296875 144.0
105.48821258544922 114.0
120.71561431884766 125.0
115.25370788574219 111.0
151.02822875976562 146.0
134.08926391601562 130.0
108.88632202148438 120.0
134.25091552734375 134.0
122.35874938964844 126.0
133.47540283203125 136.0
149.70111083984375 153.0
161.89297485351562 167.0
135.0894775390625 133.0
115.02613067626953 116.0
107.97531127929688 106.0
115.95364379882812 120.0
153.26148986816406 161.0
112.04080200195312 129.0
146.22740173339844 150.0
129.68218994140625 130.0
104.00736236572266 110.0
117.36593627929688 127.0
125.902587890625 126.0
138.8058624267578 134.0
150.14141845703125 144.0
109.03564453125 114.0
97.3744888305664 111.0
119.12548828125 134.0
128.504638671875 128.0
155.7436981201172 158.0
111.9278564453125 110.0
156.4284210205078 153.0
145.33053588867188 149.0
160.91281127929688 162.0
126.97590637207031 132.0
113.89318084716797 117.0
108.96730041503906 122.0
166.13824462890625 159.0
122.52789306640625 126.0
144.3262176513672 154.0
123.83048248291016 132.0
115.60542297363281 124.0
107.70069885253906 112.0
120.21664428710938 119.0
133.2436981201172 139.0
163.6004180908203 167.0
122.73638153076172 135.0
152.70640563964844 160.0
111.80388641357422 122.0
117.90935516357422 118.0
169.5182342529297 176.0
164.94549560546875 169.0
119.23175048828125 127.0
129.08985900878906 134.0
110.51885223388672 121.0
114.12602233886719 122.0
123.91832733154297 128.0
158.38072204589844 154.0
113.27723693847656 108.0
158.1753387451172 155.0
163.39971923828125 167.0
126.91864013671875 130.0
117.45633697509766 115.0
164.9287109375 167.0
142.1438751220703 148.0
162.12152099609375 171.0
108.37420654296875 111.0
111.40758514404297 122.0
103.91497039794922 106.0
112.79930877685547 114.0
138.88107299804688 143.0
147.35928344726562 144.0
103.73783111572266 114.0
118.82489776611328 125.0
114.1534423828125 111.0
150.87864685058594 146.0
133.25790405273438 130.0
108.39787292480469 120.0
134.36534118652344 134.0
121.59127044677734 126.0
133.38162231445312 136.0
149.1763153076172 153.0
161.94357299804688 167.0
134.72740173339844 133.0
113.79199981689453 116.0
107.84637451171875 106.0
115.53959655761719 120.0
153.1165771484375 161.0
111.82537841796875 129.0
145.70936584472656 150.0
129.32833862304688 130.0
103.07626342773438 110.0
116.69078063964844 127.0
125.66600036621094 126.0
135.88851928710938 134.0
147.91566467285156 144.0
107.84508514404297 114.0
95.68903350830078 111.0
118.13552856445312 134.0
127.71990966796875 128.0
156.03390502929688 158.0
110.93785858154297 110.0
156.0763397216797 153.0
145.13894653320312 149.0
159.8968505859375 162.0
126.23554229736328 132.0
113.13938903808594 117.0
106.10368347167969 122.0
162.64349365234375 159.0
120.97511291503906 126.0
142.26336669921875 154.0
121.71052551269531 132.0
114.70109558105469 124.0
105.78887939453125 112.0
118.50215148925781 119.0
130.99388122558594 139.0
160.96286010742188 167.0
120.90675354003906 135.0
150.3803253173828 160.0
109.81417846679688 122.0
116.2756576538086 118.0
166.95440673828125 176.0
162.04043579101562 169.0
117.41947174072266 127.0
126.3769302368164 134.0
108.08089447021484 121.0
111.96346282958984 122.0
121.296875 128.0
155.8376922607422 154.0
111.59803771972656 108.0
155.35060119628906 155.0
160.82595825195312 167.0
124.66035461425781 130.0
115.41458892822266 115.0
163.04356384277344 167.0
139.06658935546875 148.0
159.55181884765625 171.0
107.35469818115234 111.0
110.13128662109375 122.0
101.87296295166016 106.0
111.7073974609375 114.0
136.4209442138672 143.0
145.0133819580078 144.0
102.74726867675781 114.0
117.39866638183594 125.0
112.5185775756836 111.0
148.56524658203125 146.0
131.60325622558594 130.0
106.94202423095703 120.0
131.8907012939453 134.0
119.29255676269531 126.0
131.11697387695312 136.0
147.05133056640625 153.0
159.60536193847656 167.0
131.3731689453125 133.0
112.29402160644531 116.0
105.79578399658203 106.0
113.8471908569336 120.0
150.38104248046875 161.0
109.75923919677734 129.0
142.03408813476562 150.0
126.76057434082031 130.0
101.86768341064453 110.0
114.3005599975586 127.0
123.15776824951172 126.0
134.62286376953125 134.0
146.41644287109375 144.0
106.19385528564453 114.0
94.73025512695312 111.0
116.8949203491211 134.0
125.68488311767578 128.0
152.62855529785156 158.0
108.6803207397461 110.0
153.87608337402344 153.0
141.9314727783203 149.0
157.4178924560547 162.0
124.5460205078125 132.0
111.45960998535156 117.0
105.05708312988281 122.0
161.4189453125 159.0
118.50453186035156 126.0
139.7222442626953 154.0
119.58717346191406 132.0
112.73237609863281 124.0
104.54686737060547 112.0
116.85406494140625 119.0
129.07167053222656 139.0
158.37063598632812 167.0
118.92204284667969 135.0
148.02203369140625 160.0
107.5654296875 122.0
114.01197814941406 118.0
164.63131713867188 176.0
159.2400360107422 169.0
115.09019470214844 127.0
125.06761932373047 134.0
107.05062866210938 121.0
110.7558364868164 122.0
119.82969665527344 128.0
154.2025146484375 154.0
109.27674865722656 108.0
153.04078674316406 155.0
158.9989471435547 167.0
123.05250549316406 130.0
113.14356231689453 115.0
160.25474548339844 167.0
137.89820861816406 148.0
156.66004943847656 171.0
105.0064697265625 111.0
108.20256805419922 122.0
100.31282806396484 106.0
109.67725372314453 114.0
133.96743774414062 143.0
142.442626953125 144.0
100.68522644042969 114.0
115.75895690917969 125.0
110.52571868896484 111.0
145.73880004882812 146.0
129.11944580078125 130.0
104.60782623291016 120.0
129.51211547851562 134.0
117.80277252197266 126.0
129.69679260253906 136.0
144.7192840576172 153.0
157.39004516601562 167.0
129.8171844482422 133.0
109.86445617675781 116.0
103.60131072998047 106.0
111.77247619628906 120.0
148.0755157470703 161.0
108.471435546875 129.0
141.16761779785156 150.0
124.803955078125 130.0
99.73734283447266 110.0
112.9256362915039 127.0
121.7540054321289 126.0
133.37728881835938 134.0
144.7644500732422 144.0
104.08850860595703 114.0
92.4521484375 111.0
114.35354614257812 134.0
122.93043518066406 128.0
151.22293090820312 158.0
107.10356140136719 110.0
151.06468200683594 153.0
139.8096160888672 149.0
155.3828125 162.0
122.096435546875 132.0
110.04181671142578 117.0
103.45671844482422 122.0
161.61300659179688 159.0
118.7301025390625 126.0
139.62757873535156 154.0
119.99208068847656 132.0
113.61575317382812 124.0
106.31049346923828 112.0
115.82831573486328 119.0
129.6593017578125 139.0
158.62745666503906 167.0
119.8612060546875 135.0
149.16256713867188 160.0
108.18994140625 122.0
114.62416076660156 118.0
164.94964599609375 176.0
160.07960510253906 169.0
115.60969543457031 127.0
124.79102325439453 134.0
107.90200805664062 121.0
112.28926849365234 122.0
119.95499420166016 128.0
155.14926147460938 154.0
110.17650604248047 108.0
153.40887451171875 155.0
160.95350646972656 167.0
123.43663787841797 130.0
113.4958267211914 115.0
161.05825805664062 167.0
138.29086303710938 148.0
157.52362060546875 171.0
105.62887573242188 111.0
108.77814483642578 122.0
101.98876953125 106.0
109.76126098632812 114.0
134.48199462890625 143.0
142.53457641601562 144.0
100.93541717529297 114.0
116.66613006591797 125.0
111.67691040039062 111.0
146.28213500976562 146.0
129.34548950195312 130.0
104.35443878173828 120.0
130.30462646484375 134.0
119.57664489746094 126.0
129.99105834960938 136.0
145.49392700195312 153.0
158.59280395507812 167.0
131.21337890625 133.0
110.48019409179688 116.0
104.41504669189453 106.0
111.52338409423828 120.0
148.3779296875 161.0
109.02689361572266 129.0
141.17080688476562 150.0
125.22644805908203 130.0
99.87362670898438 110.0
114.1279525756836 127.0
122.30801391601562 126.0
134.11264038085938 134.0
146.56626892089844 144.0
103.87406921386719 114.0
93.08213806152344 111.0
114.71623992919922 134.0
123.50211334228516 128.0
151.76715087890625 158.0
107.20233154296875 110.0
152.00686645507812 153.0
141.0052032470703 149.0
156.04734802246094 162.0
121.77214050292969 132.0
110.98006439208984 117.0
103.89584350585938 122.0
164.71237182617188 159.0
121.36909484863281 126.0
142.10032653808594 154.0
122.40794372558594 132.0
115.97113037109375 124.0
108.03593444824219 112.0
119.15377807617188 119.0
132.78611755371094 139.0
161.438232421875 167.0
122.20411682128906 135.0
151.981201171875 160.0
110.48184967041016 122.0
117.13723754882812 118.0
168.06971740722656 176.0
162.64283752441406 169.0
117.91300964355469 127.0
127.69910430908203 134.0
110.02200317382812 121.0
114.56952667236328 122.0
122.74452209472656 128.0
158.0596923828125 154.0
111.96629333496094 108.0
156.1798095703125 155.0
163.1764373779297 167.0
126.21388244628906 130.0
115.60671997070312 115.0
164.197265625 167.0
141.43836975097656 148.0
160.6259307861328 171.0
108.54743194580078 111.0
111.71292877197266 122.0
103.80653381347656 106.0
112.20088195800781 114.0
136.87913513183594 143.0
145.1353759765625 144.0
103.54693603515625 114.0
119.03738403320312 125.0
113.43160247802734 111.0
148.99749755859375 146.0
132.19418334960938 130.0
107.01651000976562 120.0
132.40408325195312 134.0
121.71427154541016 126.0
132.76043701171875 136.0
148.568603515625 153.0
161.53321838378906 167.0
133.00119018554688 133.0
112.77411651611328 116.0
106.0118179321289 106.0
113.87405395507812 120.0
151.06527709960938 161.0
111.5447006225586 129.0
144.45899963378906 150.0
127.88990783691406 130.0
102.22978210449219 110.0
116.21473693847656 127.0
125.0143051147461 126.0
136.40904235839844 134.0
148.6561279296875 144.0
107.16482543945312 114.0
95.95858764648438 111.0
117.37582397460938 134.0
125.78022003173828 128.0
154.77362060546875 158.0
110.03270721435547 110.0
154.84226989746094 153.0
142.9698486328125 149.0
159.3703155517578 162.0
124.815673828125 132.0
113.38381958007812 117.0
106.7191390991211 122.0
