138.7484588623047 159.0
120.02661895751953 126.0
133.31724548339844 154.0
115.61881256103516 132.0
107.18392944335938 124.0
73.76447296142578 112.0
125.93818664550781 119.0
139.07522583007812 139.0
157.51126098632812 167.0
135.02432250976562 135.0
150.2801971435547 160.0
120.78730010986328 122.0
126.56133270263672 118.0
122.74940490722656 176.0
158.74075317382812 169.0
126.72636413574219 127.0
130.8484344482422 134.0
119.83452606201172 121.0
89.28916931152344 122.0
128.23056030273438 128.0
148.78550720214844 154.0
111.14518737792969 108.0
150.845703125 155.0
125.35926818847656 167.0
117.24040222167969 130.0
123.92813110351562 115.0
139.70223999023438 167.0
115.0418701171875 148.0
165.73052978515625 171.0
108.82083892822266 111.0
121.8805923461914 122.0
105.44227600097656 106.0
115.5530776977539 114.0
148.404296875 143.0
139.87069702148438 144.0
139.22137451171875 114.0
137.51123046875 125.0
122.5553207397461 111.0
160.91854858398438 146.0
143.93890380859375 130.0
121.46207427978516 120.0
134.605224609375 134.0
77.91888427734375 126.0
118.17667388916016 136.0
149.72265625 153.0
107.81561279296875 167.0
105.61164093017578 133.0
125.08956909179688 116.0
115.98332977294922 106.0
117.13898468017578 120.0
145.5623779296875 161.0
95.66648864746094 129.0
143.45082092285156 150.0
107.22299194335938 130.0
121.62538146972656 110.0
106.9919204711914 127.0
107.74102020263672 126.0
165.73721313476562 134.0
141.22511291503906 144.0
124.34669494628906 114.0
119.42488861083984 111.0
120.37112426757812 134.0
126.80180358886719 128.0
124.57323455810547 158.0
122.60894012451172 110.0
140.09207153320312 153.0
124.14747619628906 149.0
147.33230590820312 162.0
126.16572570800781 132.0
90.60430145263672 117.0
162.08798217773438 122.0
114.44139862060547 159.0
92.7983169555664 126.0
98.19013977050781 154.0
85.60330200195312 132.0
83.57843017578125 124.0
74.57075500488281 112.0
83.81754302978516 119.0
95.9951400756836 139.0
112.15648651123047 167.0
108.30509948730469 135.0
117.96696472167969 160.0
93.4776382446289 122.0
95.65589141845703 118.0
114.28738403320312 176.0
123.56228637695312 169.0
101.51031494140625 127.0
103.49380493164062 134.0
94.29829406738281 121.0
81.76795959472656 122.0
100.0999526977539 128.0
105.34774780273438 154.0
88.57662200927734 108.0
110.4283447265625 155.0
106.55272674560547 167.0
94.7328109741211 130.0
86.7793197631836 115.0
116.33492279052734 167.0
97.85942840576172 148.0
126.69322204589844 171.0
76.50202941894531 111.0
89.44499969482422 122.0
80.669677734375 106.0
84.77757263183594 114.0
101.07247924804688 143.0
108.0177001953125 144.0
97.38029479980469 114.0
103.70802307128906 125.0
80.62603759765625 111.0
114.35686492919922 146.0
99.3204574584961 130.0
86.78718566894531 120.0
99.05640411376953 134.0
78.33026123046875 126.0
91.91582489013672 136.0
116.07937622070312 153.0
107.01167297363281 167.0
98.43968200683594 133.0
88.63556671142578 116.0
85.36505889892578 106.0
81.50782012939453 120.0
102.49663543701172 161.0
84.11502075195312 129.0
114.93732452392578 150.0
106.99624633789062 130.0
86.99475860595703 110.0
90.22745513916016 127.0
92.6968994140625 126.0
109.5173568725586 134.0
117.46466064453125 144.0
91.7101058959961 114.0
85.56758117675781 111.0
85.27403259277344 134.0
101.55142974853516 128.0
104.47895050048828 158.0
98.34076690673828 110.0
110.5759048461914 153.0
111.06119537353516 149.0
104.59053039550781 162.0
93.83566284179688 132.0
82.4789810180664 117.0
99.74483489990234 122.0
139.23297119140625 159.0
117.10218811035156 126.0
118.93739318847656 154.0
111.90106201171875 132.0
108.50895690917969 124.0
117.71922302246094 112.0
106.26722717285156 119.0
112.21415710449219 139.0
127.32855224609375 167.0
125.25758361816406 135.0
142.750732421875 160.0
110.03528594970703 122.0
117.97594451904297 118.0
135.60154724121094 176.0
141.12469482421875 169.0
123.89292907714844 127.0
134.26129150390625 134.0
125.09886932373047 121.0
123.1384048461914 122.0
129.49533081054688 128.0
127.84148406982422 154.0
103.7806625366211 108.0
124.70234680175781 155.0
147.35067749023438 167.0
126.6480712890625 130.0
103.14787292480469 115.0
148.94107055664062 167.0
118.6383056640625 148.0
148.7691192626953 171.0
100.41996002197266 111.0
117.7314453125 122.0
115.08970642089844 106.0
106.0037841796875 114.0
115.90802001953125 143.0
128.72145080566406 144.0
129.83416748046875 114.0
143.4279327392578 125.0
111.47367858886719 111.0
131.60389709472656 146.0
120.66307067871094 130.0
104.7201156616211 120.0
116.00041198730469 134.0
117.05355834960938 126.0
121.76663208007812 136.0
137.7512969970703 153.0
133.96751403808594 167.0
133.69900512695312 133.0
118.3011474609375 116.0
101.97523498535156 106.0
103.85416412353516 120.0
117.81306457519531 161.0
114.81781005859375 129.0
128.9975128173828 150.0
122.60389709472656 130.0
105.49406433105469 110.0
128.93341064453125 127.0
121.98890686035156 126.0
144.58168029785156 134.0
151.33592224121094 144.0
110.28388214111328 114.0
105.735107421875 111.0
107.9994888305664 134.0
124.76922607421875 128.0
128.06008911132812 158.0
128.365966796875 110.0
139.25558471679688 153.0
143.5846405029297 149.0
127.18843078613281 162.0
117.93470001220703 132.0
107.58959197998047 117.0
148.8809356689453 122.0
215.01437377929688 159.0
164.46388244628906 126.0
162.93853759765625 154.0
166.09939575195312 132.0
160.20547485351562 124.0
169.55691528320312 112.0
144.6421356201172 119.0
183.009765625 139.0
199.7763214111328 167.0
177.03353881835938 135.0
231.69677734375 160.0
148.93605041503906 122.0
168.0210723876953 118.0
251.34873962402344 176.0
202.01287841796875 169.0
169.64404296875 127.0
168.1298828125 134.0
198.2844696044922 121.0
182.5640869140625 122.0
168.77679443359375 128.0
215.3721160888672 154.0
147.4642791748047 108.0
200.6962432861328 155.0
210.59947204589844 167.0
174.34471130371094 130.0
139.45326232910156 115.0
239.66702270507812 167.0
196.82986450195312 148.0
199.75889587402344 171.0
160.31195068359375 111.0
186.3939666748047 122.0
161.7703094482422 106.0
164.532470703125 114.0
173.80844116210938 143.0
181.60484313964844 144.0
178.41049194335938 114.0
214.48681640625 125.0
139.443359375 111.0
188.22775268554688 146.0
168.46266174316406 130.0
147.3867645263672 120.0
151.3297119140625 134.0
175.43310546875 126.0
176.6181640625 136.0
213.26158142089844 153.0
231.56912231445312 167.0
166.70904541015625 133.0
150.87498474121094 116.0
135.19358825683594 106.0
143.48484802246094 120.0
184.874755859375 161.0
171.2709197998047 129.0
214.38433837890625 150.0
181.1317138671875 130.0
156.47055053710938 110.0
181.7899932861328 127.0
178.8341827392578 126.0
215.76490783691406 134.0
233.2368927001953 144.0
161.23081970214844 114.0
163.07815551757812 111.0
157.08709716796875 134.0
168.00938415527344 128.0
198.62940979003906 158.0
163.5055694580078 110.0
209.43116760253906 153.0
184.5249481201172 149.0
222.74826049804688 162.0
155.44398498535156 132.0
174.62632751464844 117.0
226.64727783203125 122.0
166.97213745117188 159.0
119.5430908203125 126.0
126.41041564941406 154.0
115.3489761352539 132.0
106.00223541259766 124.0
113.10957336425781 112.0
106.92250061035156 119.0
126.84098815917969 139.0
148.4191436767578 167.0
124.03217315673828 135.0
157.41839599609375 160.0
110.11470794677734 122.0
119.88876342773438 118.0
154.20230102539062 176.0
149.36373901367188 169.0
126.49723815917969 127.0
132.16990661621094 134.0
128.53054809570312 121.0
123.70671081542969 122.0
129.32632446289062 128.0
146.80010986328125 154.0
104.5908203125 108.0
146.11782836914062 155.0
158.38552856445312 167.0
122.54558563232422 130.0
106.47555541992188 115.0
161.70724487304688 167.0
140.8407440185547 148.0
153.20953369140625 171.0
99.90858459472656 111.0
113.69772338867188 122.0
101.33389282226562 106.0
112.69590759277344 114.0
130.92068481445312 143.0
138.28634643554688 144.0
118.35675811767578 114.0
134.9596710205078 125.0
97.81001281738281 111.0
140.4138641357422 146.0
120.61434936523438 130.0
108.27311706542969 120.0
119.73304748535156 134.0
124.54204559326172 126.0
128.9027862548828 136.0
145.3343505859375 153.0
141.6375732421875 167.0
127.50799560546875 133.0
113.98562622070312 116.0
104.13771057128906 106.0
107.06077575683594 120.0
136.32473754882812 161.0
124.59042358398438 129.0
159.5411834716797 150.0
128.44525146484375 130.0
111.2144775390625 110.0
129.7548370361328 127.0
130.31216430664062 126.0
141.0378875732422 134.0
155.26559448242188 144.0
116.21514129638672 114.0
102.78996276855469 111.0
111.02447509765625 134.0
129.0271453857422 128.0
154.93975830078125 158.0
124.57975769042969 110.0
149.67645263671875 153.0
149.3824462890625 149.0
149.42808532714844 162.0
118.49098205566406 132.0
114.41337585449219 117.0
126.2481689453125 122.0
179.22201538085938 159.0
150.36129760742188 126.0
167.17428588867188 154.0
145.3061981201172 132.0
143.28179931640625 124.0
141.2542724609375 112.0
162.3544158935547 119.0
148.64031982421875 139.0
175.50830078125 167.0
160.74478149414062 135.0
170.13636779785156 160.0
149.6674041748047 122.0
160.11618041992188 118.0
170.05258178710938 176.0
190.40423583984375 169.0
163.47840881347656 127.0
184.61599731445312 134.0
131.96902465820312 121.0
141.21173095703125 122.0
175.22161865234375 128.0
160.9452667236328 154.0
140.4864959716797 108.0
170.4792938232422 155.0
175.40599060058594 167.0
166.88743591308594 130.0
142.6552276611328 115.0
174.36166381835938 167.0
142.64805603027344 148.0
200.751708984375 171.0
123.95948791503906 111.0
151.43466186523438 122.0
147.2978515625 106.0
142.24139404296875 114.0
156.36920166015625 143.0
175.61526489257812 144.0
174.70286560058594 114.0
171.88482666015625 125.0
150.53463745117188 111.0
178.51722717285156 146.0
166.90982055664062 130.0
144.82188415527344 120.0
154.08056640625 134.0
138.898681640625 126.0
156.13027954101562 136.0
168.8470001220703 153.0
164.59327697753906 167.0
176.6116485595703 133.0
166.69253540039062 116.0
144.78025817871094 106.0
146.03370666503906 120.0
160.8793182373047 161.0
137.94862365722656 129.0
150.6288299560547 150.0
151.26246643066406 130.0
140.98471069335938 110.0
146.85311889648438 127.0
151.05873107910156 126.0
169.7181854248047 134.0
166.10804748535156 144.0
158.90640258789062 114.0
134.7251434326172 111.0
146.32870483398438 134.0
171.80838012695312 128.0
164.00027465820312 158.0
175.6439208984375 110.0
170.73248291015625 153.0
176.47299194335938 149.0
170.46243286132812 162.0
172.45281982421875 132.0
127.52355194091797 117.0
191.72145080566406 122.0
178.7940673828125 159.0
117.2078857421875 126.0
145.81353759765625 154.0
120.64675903320312 132.0
116.6433334350586 124.0
117.22537231445312 112.0
145.68154907226562 119.0
124.07847595214844 139.0
164.41415405273438 167.0
122.71758270263672 135.0
123.95726776123047 160.0
122.1402359008789 122.0
127.79951477050781 118.0
164.24757385253906 176.0
166.65951538085938 169.0
134.3087921142578 127.0
166.2333221435547 134.0
136.69430541992188 121.0
123.38139343261719 122.0
156.53501892089844 128.0
143.5194854736328 154.0
114.10992431640625 108.0
160.64633178710938 155.0
141.9491729736328 167.0
153.89111328125 130.0
128.3402099609375 115.0
141.77210998535156 167.0
134.30804443359375 148.0
152.50381469726562 171.0
97.24531555175781 111.0
120.39952087402344 122.0
110.16763305664062 106.0
111.44327545166016 114.0
145.00350952148438 143.0
154.830322265625 144.0
127.65119934082031 114.0
133.220703125 125.0
127.58706665039062 111.0
150.47698974609375 146.0
148.1659698486328 130.0
120.47026824951172 120.0
142.45755004882812 134.0
124.32921600341797 126.0
146.7719268798828 136.0
132.989501953125 153.0
151.64805603027344 167.0
154.48463439941406 133.0
137.0269775390625 116.0
127.1324462890625 106.0
125.1729965209961 120.0
153.81329345703125 161.0
116.38700103759766 129.0
159.06668090820312 150.0
145.0391387939453 130.0
114.33137512207031 110.0
128.49476623535156 127.0
132.8155975341797 126.0
165.2674102783203 134.0
134.36947631835938 144.0
131.8317108154297 114.0
99.54454040527344 111.0
121.52194213867188 134.0
141.33297729492188 128.0
163.80215454101562 158.0
142.5481414794922 110.0
133.25302124023438 153.0
159.0101318359375 149.0
147.06373596191406 162.0
154.56494140625 132.0
112.71821594238281 117.0
112.49945831298828 122.0
144.29092407226562 159.0
98.918701171875 126.0
117.1254653930664 154.0
99.07666015625 132.0
95.90015411376953 124.0
94.53636932373047 112.0
103.90205383300781 119.0
115.72058868408203 139.0
139.5343475341797 167.0
107.25161743164062 135.0
132.2763214111328 160.0
97.50457000732422 122.0
99.8244400024414 118.0
149.09120178222656 176.0
137.86709594726562 169.0
102.55608367919922 127.0
112.49842834472656 134.0
94.85940551757812 121.0
96.38099670410156 122.0
105.19944763183594 128.0
130.66168212890625 154.0
95.4371566772461 108.0
135.89622497558594 155.0
130.50245666503906 167.0
105.09528350830078 130.0
102.70018768310547 115.0
139.18247985839844 167.0
117.25978088378906 148.0
132.9054718017578 171.0
89.74152374267578 111.0
97.30990600585938 122.0
94.41758728027344 106.0
94.74075317382812 114.0
118.29544830322266 143.0
117.66686248779297 144.0
95.4405288696289 114.0
110.11445617675781 125.0
97.33619689941406 111.0
128.59832763671875 146.0
116.50485229492188 130.0
95.90907287597656 120.0
113.89014434814453 134.0
98.9533462524414 126.0
114.78893280029297 136.0
127.74805450439453 153.0
136.21542358398438 167.0
110.24211883544922 133.0
93.70794677734375 116.0
97.33145904541016 106.0
95.37574768066406 120.0
128.5465545654297 161.0
97.69093322753906 129.0
128.40838623046875 150.0
105.66556549072266 130.0
90.66241455078125 110.0
97.62598419189453 127.0
106.3878173828125 126.0
119.925537109375 134.0
126.54841613769531 144.0
94.810302734375 114.0
88.45188903808594 111.0
99.22547149658203 134.0
106.22811889648438 128.0
132.76168823242188 158.0
99.18638610839844 110.0
127.30075073242188 153.0
115.29460144042969 149.0
134.09356689453125 162.0
108.1070556640625 132.0
93.8991928100586 117.0
98.11132049560547 122.0
133.05601501464844 159.0
98.9863052368164 126.0
110.99323272705078 154.0
95.3470458984375 132.0
88.69320678710938 124.0
78.8525390625 112.0
85.92915344238281 119.0
109.42922973632812 139.0
131.3560791015625 167.0
100.46160125732422 135.0
123.32227325439453 160.0
91.35060119628906 122.0
94.00421905517578 118.0
118.1109619140625 176.0
125.81379699707031 169.0
97.68980407714844 127.0
100.88707733154297 134.0
77.96244049072266 121.0
82.68997192382812 122.0
96.73074340820312 128.0
124.02792358398438 154.0
86.36603546142578 108.0
129.51861572265625 155.0
128.318359375 167.0
95.52914428710938 130.0
92.37934875488281 115.0
130.31161499023438 167.0
111.65198516845703 148.0
125.17546081542969 171.0
86.30438232421875 111.0
89.777587890625 122.0
81.45561218261719 106.0
91.14566040039062 114.0
114.78955078125 143.0
115.31968688964844 144.0
82.79107666015625 114.0
97.31258392333984 125.0
84.59262084960938 111.0
119.71074676513672 146.0
105.2748031616211 130.0
85.07833862304688 120.0
104.90594482421875 134.0
88.26632690429688 126.0
105.70172882080078 136.0
123.53437805175781 153.0
119.53715515136719 167.0
96.34207153320312 133.0
87.00747680664062 116.0
85.2656478881836 106.0
88.09053039550781 120.0
119.15631866455078 161.0
95.27388763427734 129.0
113.58341979980469 150.0
92.4209213256836 130.0
84.85585021972656 110.0
94.36061096191406 127.0
99.25545501708984 126.0
101.32528686523438 134.0
109.57887268066406 144.0
85.91950988769531 114.0
80.24149322509766 111.0
96.32088470458984 134.0
100.71865844726562 128.0
129.3465118408203 158.0
88.88863372802734 110.0
117.22330474853516 153.0
111.31061553955078 149.0
130.39173889160156 162.0
97.7847900390625 132.0
89.29801940917969 117.0
77.56094360351562 122.0
161.12457275390625 159.0
110.79993438720703 126.0
127.5199203491211 154.0
108.58598327636719 132.0
103.19612121582031 124.0
107.90636444091797 112.0
107.9261245727539 119.0
123.13999938964844 139.0
155.56617736816406 167.0
115.11036682128906 135.0
142.25880432128906 160.0
108.37889099121094 122.0
106.81610107421875 118.0
153.57164001464844 176.0
155.11961364746094 169.0
111.48390197753906 127.0
117.68025207519531 134.0
103.98580169677734 121.0
106.63911437988281 122.0
109.2593994140625 128.0
133.3994140625 154.0
105.242431640625 108.0
152.16177368164062 155.0
147.96385192871094 167.0
112.96673583984375 130.0
112.36693572998047 115.0
158.81884765625 167.0
127.47533416748047 148.0
142.6373291015625 171.0
94.63172912597656 111.0
99.90718841552734 122.0
97.72996520996094 106.0
100.14875030517578 114.0
130.5818634033203 143.0
132.529541015625 144.0
93.5255355834961 114.0
114.82328796386719 125.0
102.1688461303711 111.0
145.29539489746094 146.0
127.40440368652344 130.0
98.61420440673828 120.0
128.87014770507812 134.0
111.36571502685547 126.0
129.30210876464844 136.0
144.41415405273438 153.0
152.727294921875 167.0
125.17105865478516 133.0
101.1845703125 116.0
106.52913665771484 106.0
103.77059936523438 120.0
143.39183044433594 161.0
110.21112060546875 129.0
133.81336975097656 150.0
115.71508026123047 130.0
91.12090301513672 110.0
108.85189819335938 127.0
119.57479858398438 126.0
125.95500183105469 134.0
135.23629760742188 144.0
94.9893798828125 114.0
86.15564727783203 111.0
107.25325012207031 134.0
117.58067321777344 128.0
149.24183654785156 158.0
103.34428405761719 110.0
143.52188110351562 153.0
132.0804443359375 149.0
139.73545837402344 162.0
112.71784973144531 132.0
105.86083221435547 117.0
86.0083999633789 122.0
162.1992645263672 159.0
122.99148559570312 126.0
148.5369110107422 154.0
116.56780242919922 132.0
117.15194702148438 124.0
85.72007751464844 112.0
114.2906494140625 119.0
115.31068420410156 139.0
170.302978515625 167.0
124.25273132324219 135.0
139.93284606933594 160.0
113.79385375976562 122.0
116.16026306152344 118.0
189.39683532714844 176.0
170.987548828125 169.0
121.19486999511719 127.0
125.63770294189453 134.0
87.1228256225586 121.0
74.07513427734375 122.0
120.16523742675781 128.0
138.9121551513672 154.0
107.70655059814453 108.0
164.4221649169922 155.0
146.80564880371094 167.0
127.24967193603516 130.0
119.70884704589844 115.0
174.6785125732422 167.0
118.4151611328125 148.0
149.11325073242188 171.0
101.9639892578125 111.0
113.8303451538086 122.0
92.61212158203125 106.0
106.2420654296875 114.0
138.62185668945312 143.0
147.22381591796875 144.0
100.11795806884766 114.0
97.680908203125 125.0
110.77664184570312 111.0
157.99354553222656 146.0
135.2977752685547 130.0
111.37079620361328 120.0
132.41392517089844 134.0
77.43514251708984 126.0
130.48202514648438 136.0
150.92677307128906 153.0
183.84445190429688 167.0
118.91481018066406 133.0
104.93121337890625 116.0
113.06864166259766 106.0
112.06755828857422 120.0
155.26622009277344 161.0
105.32254791259766 129.0
133.11550903320312 150.0
138.2654266357422 130.0
100.29035949707031 110.0
93.04903411865234 127.0
116.10879516601562 126.0
103.85086059570312 134.0
134.20346069335938 144.0
100.35865020751953 114.0
93.0181884765625 111.0
118.51272583007812 134.0
125.62065887451172 128.0
153.24136352539062 158.0
111.2979965209961 110.0
153.0546875 153.0
131.92266845703125 149.0
142.2608642578125 162.0
130.74130249023438 132.0
106.75597381591797 117.0
64.92385864257812 122.0
146.7864990234375 159.0
110.98355102539062 126.0
122.68518829345703 154.0
102.66565704345703 132.0
105.6515884399414 124.0
110.48495483398438 112.0
99.05534362792969 119.0
114.7237548828125 139.0
140.5574951171875 167.0
115.37057495117188 135.0
143.34263610839844 160.0
101.88814544677734 122.0
105.67977905273438 118.0
144.5801544189453 176.0
147.2628936767578 169.0
115.81654357910156 127.0
114.06340026855469 134.0
112.90412902832031 121.0
120.24169921875 122.0
108.71463775634766 128.0
136.6645050048828 154.0
101.11672973632812 108.0
135.85877990722656 155.0
157.7357940673828 167.0
108.410888671875 130.0
100.92272186279297 115.0
151.6912841796875 167.0
119.89854431152344 148.0
146.4140167236328 171.0
96.15335083007812 111.0
98.26982116699219 122.0
105.88142395019531 106.0
100.55625915527344 114.0
114.63740539550781 143.0
132.32086181640625 144.0
108.28114318847656 114.0
134.45306396484375 125.0
112.93035888671875 111.0
132.09356689453125 146.0
121.74563598632812 130.0
93.40240478515625 120.0
118.72640228271484 134.0
115.96279907226562 126.0
119.57177734375 136.0
136.35733032226562 153.0
142.0637969970703 167.0
126.50180053710938 133.0
105.59717559814453 116.0
98.09977722167969 106.0
96.82711791992188 120.0
125.76656341552734 161.0
107.89637756347656 129.0
126.78645324707031 150.0
112.49531555175781 130.0
90.25177764892578 110.0
118.66012573242188 127.0
109.72962951660156 126.0
157.9908447265625 134.0
161.36911010742188 144.0
91.35992431640625 114.0
90.99115753173828 111.0
107.68736267089844 134.0
120.10049438476562 128.0
131.4485626220703 158.0
102.57982635498047 110.0
136.9533233642578 153.0
135.86436462402344 149.0
140.29217529296875 162.0
105.05323791503906 132.0
99.09297943115234 117.0
120.63409423828125 122.0
174.13833618164062 159.0
126.46359252929688 126.0
139.6007843017578 154.0
121.2695083618164 132.0
118.95355224609375 124.0
120.39734649658203 112.0
123.7854995727539 119.0
136.66587829589844 139.0
166.5528564453125 167.0
125.03646850585938 135.0
161.71588134765625 160.0
119.33607482910156 122.0
121.96640014648438 118.0
184.48147583007812 176.0
169.4757537841797 169.0
122.70646667480469 127.0
133.94944763183594 134.0
125.32899475097656 121.0
126.58848571777344 122.0
125.97946166992188 128.0
154.6371307373047 154.0
117.13782501220703 108.0
162.378173828125 155.0
159.87945556640625 167.0
128.87051391601562 130.0
125.57211303710938 115.0
175.24041748046875 167.0
143.77696228027344 148.0
156.28274536132812 171.0
111.75830841064453 111.0
114.4977798461914 122.0
112.56343078613281 106.0
116.66136932373047 114.0
137.91751098632812 143.0
149.5895233154297 144.0
109.788818359375 114.0
129.70297241210938 125.0
120.96986389160156 111.0
153.8021240234375 146.0
138.92417907714844 130.0
116.67879486083984 120.0
138.2755889892578 134.0
129.32984924316406 126.0
140.11708068847656 136.0
154.2399139404297 153.0
170.4906463623047 167.0
135.5802001953125 133.0
119.82717895507812 116.0
119.37336730957031 106.0
116.83930206298828 120.0
154.0092315673828 161.0
124.12157440185547 129.0
153.70257568359375 150.0
136.50265502929688 130.0
111.60608673095703 110.0
124.12508392333984 127.0
131.7205352783203 126.0
147.3501434326172 134.0
158.31475830078125 144.0
113.27881622314453 114.0
104.92501831054688 111.0
125.9598159790039 134.0
130.08737182617188 128.0
161.26788330078125 158.0
118.71121215820312 110.0
161.00180053710938 153.0
146.06106567382812 149.0
158.42098999023438 162.0
134.08944702148438 132.0
118.92851257324219 117.0
109.43901062011719 122.0
158.08251953125 159.0
117.95538330078125 126.0
136.19964599609375 154.0
114.01416015625 132.0
109.20672607421875 124.0
104.28289794921875 112.0
116.7684555053711 119.0
124.75993347167969 139.0
164.74005126953125 167.0
117.010986328125 135.0
150.55360412597656 160.0
107.88558959960938 122.0
111.62065124511719 118.0
170.0594024658203 176.0
164.6686248779297 169.0
114.79720306396484 127.0
122.400390625 134.0
110.6099853515625 121.0
112.41817474365234 122.0
116.42998504638672 128.0
146.40509033203125 154.0
107.89937591552734 108.0
157.03793334960938 155.0
150.6874542236328 167.0
113.81398010253906 130.0
114.88925170898438 115.0
171.2688446044922 167.0
133.10255432128906 148.0
153.27224731445312 171.0
98.43946838378906 111.0
103.3885498046875 122.0
97.20318603515625 106.0
108.15872192382812 114.0
134.12628173828125 143.0
141.614501953125 144.0
99.53092956542969 114.0
120.78305053710938 125.0
106.66560363769531 111.0
152.11123657226562 146.0
131.9660186767578 130.0
105.02987670898438 120.0
133.17710876464844 134.0
114.5885009765625 126.0
127.59423065185547 136.0
151.12330627441406 153.0
157.1084747314453 167.0
123.06787872314453 133.0
109.03102111816406 116.0
108.78852844238281 106.0
109.66606903076172 120.0
149.72108459472656 161.0
109.22688293457031 129.0
142.47344970703125 150.0
120.07711791992188 130.0
102.583740234375 110.0
112.60043334960938 127.0
119.65375518798828 126.0
136.85552978515625 134.0
146.41485595703125 144.0
100.91946411132812 114.0
87.6362533569336 111.0
113.33207702636719 134.0
122.90487670898438 128.0
147.21046447753906 158.0
106.06590270996094 110.0
154.275146484375 153.0
134.1090545654297 149.0
149.55026245117188 162.0
122.81798553466797 132.0
103.73902893066406 117.0
95.48494720458984 122.0
165.8568572998047 159.0
120.73883819580078 126.0
140.23570251464844 154.0
118.14691925048828 132.0
106.00277709960938 124.0
100.27006530761719 112.0
113.50894165039062 119.0
125.010009765625 139.0
163.9658966064453 167.0
121.085205078125 135.0
149.34713745117188 160.0
110.65553283691406 122.0
113.08969116210938 118.0
144.76585388183594 176.0
160.80230712890625 169.0
119.06709289550781 127.0
128.9539337158203 134.0
102.6419677734375 121.0
104.9930419921875 122.0
118.52899169921875 128.0
148.17825317382812 154.0
108.57891845703125 108.0
157.4333038330078 155.0
159.18238830566406 167.0
117.91932678222656 130.0
118.33358764648438 115.0
162.56826782226562 167.0
129.21505737304688 148.0
153.87254333496094 171.0
97.37090301513672 111.0
102.19387817382812 122.0
103.11553192138672 106.0
102.8716049194336 114.0
136.10848999023438 143.0
145.27090454101562 144.0
99.9914779663086 114.0
122.53375244140625 125.0
112.0018539428711 111.0
148.31703186035156 146.0
129.12286376953125 130.0
106.81883239746094 120.0
136.8114013671875 134.0
109.9061508178711 126.0
134.75152587890625 136.0
145.97909545898438 153.0
149.819580078125 167.0
125.05462646484375 133.0
112.21540069580078 116.0
113.01399993896484 106.0
111.32633972167969 120.0
148.87945556640625 161.0
115.50418090820312 129.0
137.9770050048828 150.0
121.47035217285156 130.0
99.04987335205078 110.0
116.45207214355469 127.0
124.55924987792969 126.0
131.2067108154297 134.0
137.29458618164062 144.0
94.74889373779297 114.0
87.92835235595703 111.0
113.94501495361328 134.0
125.98128509521484 128.0
154.606689453125 158.0
108.38108825683594 110.0
147.93380737304688 153.0
143.38442993164062 149.0
150.79904174804688 162.0
126.2352294921875 132.0
107.99497985839844 117.0
88.47432708740234 122.0
165.60952758789062 159.0
132.57717895507812 126.0
138.99429321289062 154.0
122.30474090576172 132.0
113.83659362792969 124.0
122.25526428222656 112.0
119.25436401367188 119.0
130.767333984375 139.0
161.1419677734375 167.0
132.05197143554688 135.0
172.31712341308594 160.0
121.07127380371094 122.0
126.71890258789062 118.0
174.16732788085938 176.0
171.53440856933594 169.0
129.7873992919922 127.0
132.75901794433594 134.0
120.44730377197266 121.0
129.77114868164062 122.0
123.90638732910156 128.0
144.0264892578125 154.0
114.59336853027344 108.0
156.78836059570312 155.0
167.1552276611328 167.0
120.88750457763672 130.0
117.02885437011719 115.0
179.78683471679688 167.0
137.30885314941406 148.0
174.32778930664062 171.0
110.30941772460938 111.0
108.07820129394531 122.0
111.36058807373047 106.0
123.8019027709961 114.0
126.49186706542969 143.0
152.84425354003906 144.0
119.48186492919922 114.0
140.830322265625 125.0
114.33922576904297 111.0
156.1271514892578 146.0
133.52020263671875 130.0
117.02721405029297 120.0
133.80731201171875 134.0
128.84494018554688 126.0
131.9252471923828 136.0
161.86659240722656 153.0
163.30413818359375 167.0
140.14862060546875 133.0
122.74732208251953 116.0
113.85244750976562 106.0
116.1263198852539 120.0
145.40077209472656 161.0
125.65241241455078 129.0
144.97254943847656 150.0
130.4676513671875 130.0
112.28653717041016 110.0
129.92041015625 127.0
130.3115692138672 126.0
152.73721313476562 134.0
165.84747314453125 144.0
119.01438903808594 114.0
107.00883483886719 111.0
125.73139190673828 134.0
138.0097198486328 128.0
149.64544677734375 158.0
124.06008911132812 110.0
165.58401489257812 153.0
155.14837646484375 149.0
150.82723999023438 162.0
124.9354019165039 132.0
111.16561889648438 117.0
133.20416259765625 122.0
182.0357208251953 159.0
132.64901733398438 126.0
152.37957763671875 154.0
129.23526000976562 132.0
118.90328216552734 124.0
117.81204986572266 112.0
130.11968994140625 119.0
152.07049560546875 139.0
180.1832733154297 167.0
137.6600341796875 135.0
162.689697265625 160.0
127.45184326171875 122.0
126.37603759765625 118.0
174.729736328125 176.0
177.2065887451172 169.0
135.5016632080078 127.0
146.69114685058594 134.0
107.15055084228516 121.0
122.14360046386719 122.0
142.80511474609375 128.0
168.87347412109375 154.0
122.40988159179688 108.0
176.44593811035156 155.0
169.43885803222656 167.0
137.666015625 130.0
132.8395538330078 115.0
173.03005981445312 167.0
154.09127807617188 148.0
171.0101318359375 171.0
114.92588806152344 111.0
118.77550506591797 122.0
122.77081298828125 106.0
118.32073211669922 114.0
159.01806640625 143.0
161.6121368408203 144.0
112.56902313232422 114.0
130.58779907226562 125.0
130.9475860595703 111.0
163.42083740234375 146.0
144.72830200195312 130.0
124.22323608398438 120.0
150.94488525390625 134.0
126.17491149902344 126.0
147.21875 136.0
160.03994750976562 153.0
169.6790771484375 167.0
142.92391967773438 133.0
129.3517608642578 116.0
130.087158203125 106.0
126.14530944824219 120.0
169.0956268310547 161.0
124.1508560180664 129.0
151.1130828857422 150.0
138.9685516357422 130.0
116.05168914794922 110.0
127.62371826171875 127.0
134.39694213867188 126.0
137.22467041015625 134.0
146.60336303710938 144.0
117.45360565185547 114.0
109.712890625 111.0
133.94215393066406 134.0
141.67391967773438 128.0
175.73031616210938 158.0
125.49995422363281 110.0
160.10647583007812 153.0
157.17884826660156 149.0
169.2359619140625 162.0
146.33053588867188 132.0
120.87857055664062 117.0
103.89698791503906 122.0
154.39346313476562 159.0
115.5866928100586 126.0
131.07867431640625 154.0
111.46847534179688 132.0
102.82987213134766 124.0
101.3813247680664 112.0
114.79757690429688 119.0
123.52618408203125 139.0
153.10494995117188 167.0
114.270751953125 135.0
141.2589874267578 160.0
108.14013671875 122.0
110.83161926269531 118.0
159.37742614746094 176.0
152.86892700195312 169.0
112.7194595336914 127.0
121.41954803466797 134.0
98.84365844726562 121.0
105.73272705078125 122.0
116.41132354736328 128.0
139.55142211914062 154.0
105.4656982421875 108.0
147.450439453125 155.0
141.35032653808594 167.0
114.35995483398438 130.0
112.55914306640625 115.0
156.84494018554688 167.0
127.80084991455078 148.0
145.302001953125 171.0
96.30828857421875 111.0
100.71784973144531 122.0
101.12321472167969 106.0
103.52734375 114.0
129.8486785888672 143.0
135.98870849609375 144.0
93.62332916259766 114.0
110.07865142822266 125.0
104.96822357177734 111.0
141.18212890625 146.0
127.63682556152344 130.0
106.66341400146484 120.0
126.96161651611328 134.0
109.40313720703125 126.0
124.90640258789062 136.0
141.8442840576172 153.0
151.87759399414062 167.0
121.63200378417969 133.0
108.1461181640625 116.0
106.56775665283203 106.0
107.1467056274414 120.0
141.66119384765625 161.0
103.24405670166016 129.0
131.58106994628906 150.0
119.49867248535156 130.0
96.59026336669922 110.0
103.45834350585938 127.0
115.78927612304688 126.0
120.38381958007812 134.0
129.4970245361328 144.0
102.47708129882812 114.0
90.43635559082031 111.0
112.03732299804688 134.0
118.58625030517578 128.0
145.63174438476562 158.0
104.4492416381836 110.0
143.28590393066406 153.0
129.17218017578125 149.0
144.3196563720703 162.0
124.65052795410156 132.0
101.47774505615234 117.0
86.71865844726562 122.0
136.92259216308594 159.0
103.91924285888672 126.0
119.25090789794922 154.0
100.05842590332031 132.0
96.52066802978516 124.0
88.20448303222656 112.0
96.66326904296875 119.0
105.21556091308594 139.0
135.37071228027344 167.0
103.56285858154297 135.0
127.130859375 160.0
92.85530090332031 122.0
98.5542984008789 118.0
139.43106079101562 176.0
135.17221069335938 169.0
99.57283782958984 127.0
103.55792236328125 134.0
96.12085723876953 121.0
93.7586898803711 122.0
99.78459167480469 128.0
128.26341247558594 154.0
92.51173400878906 108.0
129.14089965820312 155.0
132.96778869628906 167.0
100.9319076538086 130.0
97.87022399902344 115.0
140.83047485351562 167.0
113.95004272460938 148.0
131.16720581054688 171.0
87.30470275878906 111.0
93.46520233154297 122.0
88.3658218383789 106.0
91.16807556152344 114.0
114.38827514648438 143.0
121.71404266357422 144.0
85.03975677490234 114.0
99.75216674804688 125.0
94.7895736694336 111.0
125.74343872070312 146.0
113.04650115966797 130.0
89.62071990966797 120.0
112.31993103027344 134.0
99.60601043701172 126.0
113.0097427368164 136.0
127.44813537597656 153.0
132.19886779785156 167.0
104.75506591796875 133.0
93.40641021728516 116.0
90.25321197509766 106.0
93.07388305664062 120.0
123.62480163574219 161.0
94.48870849609375 129.0
122.56043243408203 150.0
106.16124725341797 130.0
84.22702026367188 110.0
93.1000747680664 127.0
104.16398620605469 126.0
112.86514282226562 134.0
125.33792877197266 144.0
84.56461334228516 114.0
79.23440551757812 111.0
99.40237426757812 134.0
104.61894226074219 128.0
129.1386260986328 158.0
89.7833480834961 110.0
127.46504211425781 153.0
114.37701416015625 149.0
130.37620544433594 162.0
105.7616958618164 132.0
95.34120178222656 117.0
76.45823669433594 122.0
185.50088500976562 159.0
147.0052032470703 126.0
166.93597412109375 154.0
143.82855224609375 132.0
133.24607849121094 124.0
118.648681640625 112.0
137.70169067382812 119.0
160.22584533691406 139.0
196.05767822265625 167.0
148.6712188720703 135.0
182.43084716796875 160.0
140.10548400878906 122.0
142.28253173828125 118.0
182.5594024658203 176.0
193.0561981201172 169.0
143.7451629638672 127.0
147.23443603515625 134.0
121.97463989257812 121.0
125.03919982910156 122.0
145.55421447753906 128.0
179.3836669921875 154.0
131.78553771972656 108.0
191.77699279785156 155.0
182.4236602783203 167.0
143.52212524414062 130.0
142.32943725585938 115.0
194.98114013671875 167.0
160.34596252441406 148.0
186.82737731933594 171.0
124.47233581542969 111.0
133.54742431640625 122.0
131.69253540039062 106.0
130.59719848632812 114.0
171.43768310546875 143.0
174.7103271484375 144.0
121.27595520019531 114.0
136.75160217285156 125.0
136.05377197265625 111.0
175.96554565429688 146.0
159.82696533203125 130.0
131.5184326171875 120.0
160.96551513671875 134.0
133.0163116455078 126.0
153.67288208007812 136.0
182.17623901367188 153.0
178.01016235351562 167.0
144.58514404296875 133.0
140.28875732421875 116.0
134.2132568359375 106.0
135.6548614501953 120.0
181.83087158203125 161.0
128.36782836914062 129.0
157.68505859375 150.0
145.0056915283203 130.0
128.32504272460938 110.0
131.00831604003906 127.0
144.55264282226562 126.0
149.3385009765625 134.0
158.28623962402344 144.0
128.17819213867188 114.0
119.79383850097656 111.0
142.9561309814453 134.0
150.57713317871094 128.0
174.4469451904297 158.0
130.62432861328125 110.0
179.24847412109375 153.0
160.3762664794922 149.0
182.21566772460938 162.0
157.2051544189453 132.0
130.37840270996094 117.0
93.52291870117188 122.0
173.5775604248047 159.0
129.4102783203125 126.0
146.8724822998047 154.0
126.96768188476562 132.0
117.7450180053711 124.0
114.5050048828125 112.0
122.50342559814453 119.0
138.7903594970703 139.0
167.89437866210938 167.0
127.99701690673828 135.0
157.08074951171875 160.0
117.90929412841797 122.0
122.83950805664062 118.0
181.5797119140625 176.0
166.48330688476562 169.0
125.54839324951172 127.0
134.24546813964844 134.0
117.94589233398438 121.0
122.76943969726562 122.0
128.2333221435547 128.0
162.0264892578125 154.0
116.17020416259766 108.0
162.58255004882812 155.0
165.64962768554688 167.0
129.9097137451172 130.0
121.90723419189453 115.0
170.14874267578125 167.0
145.28468322753906 148.0
164.49688720703125 171.0
112.49932098388672 111.0
117.4712142944336 122.0
113.28744506835938 106.0
117.483154296875 114.0
143.65390014648438 143.0
151.2685089111328 144.0
106.60343933105469 114.0
126.81310272216797 125.0
119.11160278320312 111.0
152.91184997558594 146.0
137.53521728515625 130.0
114.6026611328125 120.0
140.26150512695312 134.0
127.93769836425781 126.0
141.6884002685547 136.0
154.07142639160156 153.0
166.6429901123047 167.0
135.46444702148438 133.0
120.57231140136719 116.0
116.57426452636719 106.0
118.07437133789062 120.0
156.29824829101562 161.0
122.01781463623047 129.0
148.05746459960938 150.0
134.2144012451172 130.0
108.13951110839844 110.0
121.91577911376953 127.0
133.95989990234375 126.0
141.0769805908203 134.0
153.70191955566406 144.0
110.8459701538086 114.0
104.63645935058594 111.0
126.10346984863281 134.0
131.79405212402344 128.0
162.20236206054688 158.0
117.36160278320312 110.0
158.11949157714844 153.0
151.79544067382812 149.0
164.82040405273438 162.0
135.65818786621094 132.0
119.62698364257812 117.0
107.76124572753906 122.0
167.97247314453125 159.0
125.2238998413086 126.0
142.05162048339844 154.0
121.99579620361328 132.0
114.37631225585938 124.0
112.13750457763672 112.0
117.700439453125 119.0
133.53610229492188 139.0
163.7088623046875 167.0
125.19831848144531 135.0
152.3336639404297 160.0
114.13978576660156 122.0
118.40467071533203 118.0
174.71630859375 176.0
163.0625 169.0
120.46051788330078 127.0
129.2125701904297 134.0
114.58204650878906 121.0
119.70781707763672 122.0
123.21054077148438 128.0
156.94778442382812 154.0
112.74134826660156 108.0
157.87838745117188 155.0
162.9066925048828 167.0
124.88301086425781 130.0
118.53398132324219 115.0
165.44264221191406 167.0
140.73130798339844 148.0
159.93629455566406 171.0
107.2228775024414 111.0
112.41944885253906 122.0
110.75520324707031 106.0
112.66961669921875 114.0
139.86239624023438 143.0
146.0942840576172 144.0
102.77301788330078 114.0
124.10786437988281 125.0
116.84342956542969 111.0
149.72637939453125 146.0
134.82237243652344 130.0
109.8176498413086 120.0
136.55841064453125 134.0
124.54664611816406 126.0
136.9615478515625 136.0
150.21498107910156 153.0
160.73831176757812 167.0
131.91848754882812 133.0
117.36493682861328 116.0
112.88697814941406 106.0
113.83920288085938 120.0
152.0723419189453 161.0
117.12979888916016 129.0
143.41831970214844 150.0
127.48210906982422 130.0
102.77011108398438 110.0
117.74346923828125 127.0
128.76449584960938 126.0
137.45249938964844 134.0
151.19696044921875 144.0
105.58834838867188 114.0
98.97562408447266 111.0
120.89310455322266 134.0
126.26641845703125 128.0
157.1650390625 158.0
111.86236572265625 110.0
153.33709716796875 153.0
144.8665313720703 149.0
159.6935272216797 162.0
130.09982299804688 132.0
115.28028106689453 117.0
106.06827545166016 122.0
169.31675720214844 159.0
128.38694763183594 126.0
144.6067352294922 154.0
124.97098541259766 132.0
115.35189056396484 124.0
110.90774536132812 112.0
121.04696655273438 119.0
135.1421661376953 139.0
164.8930206298828 167.0
125.7647476196289 135.0
154.558349609375 160.0
115.74315643310547 122.0
120.18534851074219 118.0
175.43685913085938 176.0
165.19631958007812 169.0
123.23149108886719 127.0
130.9591064453125 134.0
113.75750732421875 121.0
118.8123550415039 122.0
125.28379821777344 128.0
155.7816619873047 154.0
114.30492401123047 108.0
159.52548217773438 155.0
163.19766235351562 167.0
126.31756591796875 130.0
120.17867279052734 115.0
167.5908203125 167.0
142.5041046142578 148.0
162.97544860839844 171.0
109.509033203125 111.0
113.26530456542969 122.0
109.72765350341797 106.0
115.69190216064453 114.0
140.73776245117188 143.0
149.580810546875 144.0
105.31715393066406 114.0
126.0382080078125 125.0
117.95309448242188 111.0
152.10922241210938 146.0
135.3867645263672 130.0
112.01602172851562 120.0
138.33726501464844 134.0
124.04052734375 126.0
137.65367126464844 136.0
152.56057739257812 153.0
161.73960876464844 167.0
132.13746643066406 133.0
119.82611846923828 116.0
114.57530975341797 106.0
116.24850463867188 120.0
153.14454650878906 161.0
118.66547393798828 129.0
145.62396240234375 150.0
130.4622344970703 130.0
105.07475280761719 110.0
118.77471923828125 127.0
130.0313720703125 126.0
139.93466186523438 134.0
150.69351196289062 144.0
108.24098205566406 114.0
100.7344970703125 111.0
123.37970733642578 134.0
129.84080505371094 128.0
157.39871215820312 158.0
113.744873046875 110.0
155.3748321533203 153.0
147.78921508789062 149.0
159.99020385742188 162.0
132.223388671875 132.0
115.4873046875 117.0
109.2359619140625 122.0
166.23342895507812 159.0
125.05677795410156 126.0
142.44686889648438 154.0
122.65599822998047 132.0
112.6754150390625 124.0
107.02659606933594 112.0
117.57640838623047 119.0
132.8013153076172 139.0
163.58184814453125 167.0
123.25962829589844 135.0
152.38058471679688 160.0
114.16822814941406 122.0
117.719482421875 118.0
173.6685333251953 176.0
163.4510955810547 169.0
119.52091979980469 127.0
126.83720397949219 134.0
111.6005859375 121.0
115.1359634399414 122.0
121.03707885742188 128.0
154.57862854003906 154.0
112.01486206054688 108.0
158.68418884277344 155.0
159.2713165283203 167.0
123.47161865234375 130.0
118.57939147949219 115.0
166.51744079589844 167.0
139.33096313476562 148.0
159.18414306640625 171.0
106.28953552246094 111.0
110.01886749267578 122.0
106.79794311523438 106.0
112.44024658203125 114.0
139.73135375976562 143.0
146.98855590820312 144.0
100.0776138305664 114.0
120.24626159667969 125.0
115.43535614013672 111.0
150.81796264648438 146.0
134.0699005126953 130.0
109.33778381347656 120.0
136.6470489501953 134.0
120.60760498046875 126.0
134.498046875 136.0
150.1715850830078 153.0
160.57284545898438 167.0
129.18487548828125 133.0
115.58955383300781 116.0
112.80036163330078 106.0
113.69367980957031 120.0
152.95086669921875 161.0
114.39337158203125 129.0
142.82382202148438 150.0
127.9034194946289 130.0
102.91763305664062 110.0
114.71110534667969 127.0
126.83929443359375 126.0
134.30360412597656 134.0
147.78314208984375 144.0
104.34453582763672 114.0
97.22323608398438 111.0
120.92718505859375 134.0
125.53406524658203 128.0
154.8878173828125 158.0
109.56082153320312 110.0
154.345458984375 153.0
143.36485290527344 149.0
157.51780700683594 162.0
129.36911010742188 132.0
113.04573059082031 117.0
101.2162857055664 122.0
167.2561798095703 159.0
125.73893737792969 126.0
142.253662109375 154.0
123.89617919921875 132.0
115.9551773071289 124.0
109.17803192138672 112.0
116.82614135742188 119.0
131.5953369140625 139.0
160.41307067871094 167.0
124.60518646240234 135.0
150.0945281982422 160.0
112.61380767822266 122.0
118.82037353515625 118.0
170.78897094726562 176.0
160.1973876953125 169.0
121.26749420166016 127.0
130.95269775390625 134.0
112.98300170898438 121.0
118.76209259033203 122.0
125.49942016601562 128.0
156.03028869628906 154.0
111.33514404296875 108.0
156.01072692871094 155.0
162.4766845703125 167.0
126.91315460205078 130.0
116.20547485351562 115.0
162.4496307373047 167.0
140.17111206054688 148.0
159.1339874267578 171.0
108.19273376464844 111.0
113.63069152832031 122.0
109.66838073730469 106.0
113.43807983398438 114.0
137.90988159179688 143.0
146.86578369140625 144.0
103.6884765625 114.0
124.58480834960938 125.0
115.80352020263672 111.0
147.4724578857422 146.0
131.94442749023438 130.0
108.10126495361328 120.0
134.58047485351562 134.0
122.2646713256836 126.0
137.14105224609375 136.0
147.8564453125 153.0
158.9225616455078 167.0
131.6020965576172 133.0
116.81629943847656 116.0
110.43714904785156 106.0
112.48806762695312 120.0
149.00123596191406 161.0
118.34989929199219 129.0
143.82972717285156 150.0
130.9786376953125 130.0
102.64544677734375 110.0
119.10894775390625 127.0
130.273681640625 126.0
136.54856872558594 134.0
150.51519775390625 144.0
104.9045181274414 114.0
98.55906677246094 111.0
120.88248443603516 134.0
127.38836669921875 128.0
156.5193328857422 158.0
112.91048431396484 110.0
150.64967346191406 153.0
148.38938903808594 149.0
158.80230712890625 162.0
128.45867919921875 132.0
116.32923889160156 117.0
107.36031341552734 122.0
172.29930114746094 159.0
127.39930725097656 126.0
145.3931884765625 154.0
124.73883056640625 132.0
115.36693572998047 124.0
110.98180389404297 112.0
121.29214477539062 119.0
136.5021209716797 139.0
167.893310546875 167.0
125.96148681640625 135.0
152.7552032470703 160.0
116.87891387939453 122.0
119.8463363647461 118.0
179.11354064941406 176.0
166.18023681640625 169.0
122.69353485107422 127.0
132.56565856933594 134.0
113.93194580078125 121.0
118.80886840820312 122.0
126.47836303710938 128.0
159.16912841796875 154.0
114.6177978515625 108.0
163.36854553222656 155.0
163.1720733642578 167.0
128.25730895996094 130.0
121.53524017333984 115.0
166.21095275878906 167.0
142.9913787841797 148.0
162.52294921875 171.0
109.09148406982422 111.0
112.64102172851562 122.0
110.72257232666016 106.0
115.14794158935547 114.0
144.07717895507812 143.0
150.120849609375 144.0
103.89781188964844 114.0
124.0414810180664 125.0
120.3014907836914 111.0
152.8002166748047 146.0
136.4106903076172 130.0
112.84300994873047 120.0
139.08822631835938 134.0
122.66825866699219 126.0
138.49197387695312 136.0
151.12176513671875 153.0
164.1475372314453 167.0
134.1715850830078 133.0
119.26457214355469 116.0
115.89413452148438 106.0
116.43294525146484 120.0
156.70799255371094 161.0
117.72251892089844 129.0
147.72010803222656 150.0
132.85614013671875 130.0
105.13282012939453 110.0
117.33314514160156 127.0
129.39683532714844 126.0
137.54615783691406 134.0
149.8878173828125 144.0
108.27326965332031 114.0
100.52349853515625 111.0
123.89738464355469 134.0
128.291015625 128.0
160.4061737060547 158.0
113.93620300292969 110.0
154.64356994628906 153.0
147.35760498046875 149.0
161.94882202148438 162.0
134.48878479003906 132.0
115.5433120727539 117.0
107.50416564941406 122.0
172.1417999267578 159.0
128.31202697753906 126.0
144.85569763183594 154.0
126.52110290527344 132.0
117.50387573242188 124.0
112.25666046142578 112.0
120.74131774902344 119.0
136.7424774169922 139.0
166.23150634765625 167.0
128.4623260498047 135.0
154.28016662597656 160.0
116.6658706665039 122.0
122.202880859375 118.0
175.33026123046875 176.0
166.50465393066406 169.0
123.66050720214844 127.0
134.55206298828125 134.0
115.60498046875 121.0
121.05130004882812 122.0
128.1492156982422 128.0
160.64437866210938 154.0
114.07377624511719 108.0
162.57614135742188 155.0
166.802978515625 167.0
129.0071258544922 130.0
120.2694091796875 115.0
167.57931518554688 167.0
144.29244995117188 148.0
164.43551635742188 171.0
109.26118469238281 111.0
115.63482666015625 122.0
112.6671371459961 106.0
116.17019653320312 114.0
143.37899780273438 143.0
150.0575408935547 144.0
105.56413269042969 114.0
127.3214111328125 125.0
119.86661529541016 111.0
153.6687469482422 146.0
137.00802612304688 130.0
111.68408203125 120.0
138.69227600097656 134.0
125.8779525756836 126.0
140.7593231201172 136.0
153.02542114257812 153.0
161.4633026123047 167.0
134.79974365234375 133.0
119.64563751220703 116.0
114.70287322998047 106.0
116.07695007324219 120.0
155.08416748046875 161.0
120.737060546875 129.0
145.85440063476562 150.0
130.7545928955078 130.0
105.36178588867188 110.0
121.10625457763672 127.0
132.92022705078125 126.0
137.94284057617188 134.0
151.86126708984375 144.0
108.8038330078125 114.0
101.35218811035156 111.0
123.69713592529297 134.0
129.60012817382812 128.0
159.55740356445312 158.0
114.58346557617188 110.0
156.3386993408203 153.0
150.02792358398438 149.0
164.13412475585938 162.0
133.3466796875 132.0
118.86919403076172 117.0
111.1960678100586 122.0
168.90711975097656 159.0
126.54058837890625 126.0
142.71737670898438 154.0
124.59022521972656 132.0
116.7701416015625 124.0
111.1006851196289 112.0
119.0614013671875 119.0
133.57032775878906 139.0
162.9189453125 167.0
125.61624908447266 135.0
151.62705993652344 160.0
113.0868148803711 122.0
119.2326431274414 118.0
173.8848876953125 176.0
162.31808471679688 169.0
120.54949951171875 127.0
131.55838012695312 134.0
116.34112548828125 121.0
120.16075897216797 122.0
126.13404083251953 128.0
157.22596740722656 154.0
112.07518005371094 108.0
158.4443817138672 155.0
161.93309020996094 167.0
127.70372772216797 130.0
117.17361450195312 115.0
165.11441040039062 167.0
141.70809936523438 148.0
160.3731231689453 171.0
108.73344421386719 111.0
114.15103149414062 122.0
109.85478210449219 106.0
114.57105255126953 114.0
139.9499969482422 143.0
146.98377990722656 144.0
104.40138244628906 114.0
125.52665710449219 125.0
116.82833862304688 111.0
150.24447631835938 146.0
133.70094299316406 130.0
109.54315948486328 120.0
134.78184509277344 134.0
124.69121551513672 126.0
137.57362365722656 136.0
150.50938415527344 153.0
160.7250213623047 167.0
132.73985290527344 133.0
116.37779235839844 116.0
110.59388732910156 106.0
114.52352905273438 120.0
151.57296752929688 161.0
118.58634185791016 129.0
145.16616821289062 150.0
130.81581115722656 130.0
103.4046630859375 110.0
118.43678283691406 127.0
130.69363403320312 126.0
138.22291564941406 134.0
151.804931640625 144.0
107.02262878417969 114.0
99.69120788574219 111.0
121.65171813964844 134.0
126.79070281982422 128.0
157.27378845214844 158.0
113.01324462890625 110.0
153.45285034179688 153.0
146.74685668945312 149.0
160.57421875 162.0
131.35659790039062 132.0
116.96073913574219 117.0
109.46452331542969 122.0
157.0557861328125 159.0
118.85694885253906 126.0
134.79383850097656 154.0
117.11744689941406 132.0
106.6290512084961 124.0
100.38455963134766 112.0
108.57699584960938 119.0
127.00358581542969 139.0
155.22354125976562 167.0
117.95140838623047 135.0
148.3473663330078 160.0
107.40055084228516 122.0
111.63699340820312 118.0
170.62399291992188 176.0
156.1527557373047 169.0
112.67160034179688 127.0
117.00575256347656 134.0
104.4188461303711 121.0
109.08467102050781 122.0
112.98052978515625 128.0
147.61558532714844 154.0
105.20582580566406 108.0
150.8486328125 155.0
152.86544799804688 167.0
114.9979248046875 130.0
110.67391967773438 115.0
161.45761108398438 167.0
132.541259765625 148.0
151.65798950195312 171.0
101.99530792236328 111.0
103.27055358886719 122.0
100.8900146484375 106.0
106.74944305419922 114.0
132.87599182128906 143.0
138.9910430908203 144.0
93.202392578125 114.0
113.41372680664062 125.0
108.5020523071289 111.0
145.02005004882812 146.0
126.2122573852539 130.0
103.24564361572266 120.0
128.1942596435547 134.0
114.18852996826172 126.0
127.91503143310547 136.0
146.0011749267578 153.0
156.30810546875 167.0
120.44078063964844 133.0
107.72288513183594 116.0
103.95887756347656 106.0
106.7476577758789 120.0
145.13690185546875 161.0
108.74382781982422 129.0
132.88043212890625 150.0
119.087890625 130.0
97.00016784667969 110.0
108.37371826171875 127.0
120.11312103271484 126.0
127.14484405517578 134.0
140.2476806640625 144.0
96.8447036743164 114.0
92.99765014648438 111.0
115.44471740722656 134.0
117.59839630126953 128.0
146.51170349121094 158.0
100.8514404296875 110.0
149.08067321777344 153.0
134.45533752441406 149.0
151.50274658203125 162.0
121.37654113769531 132.0
107.56051635742188 117.0
96.55906677246094 122.0
169.3791046142578 159.0
127.14028930664062 126.0
144.54661560058594 154.0
124.00160217285156 132.0
115.47618103027344 124.0
109.1361312866211 112.0
120.81771850585938 119.0
132.45933532714844 139.0
162.6114959716797 167.0
125.029052734375 135.0
150.92044067382812 160.0
113.647705078125 122.0
119.07417297363281 118.0
170.91656494140625 176.0
162.2122344970703 169.0
121.23426818847656 127.0
132.6458740234375 134.0
113.80074310302734 121.0
116.98243713378906 122.0
126.70155334472656 128.0
154.9980926513672 154.0
112.73123168945312 108.0
157.630126953125 155.0
161.74765014648438 167.0
127.54058074951172 130.0
118.38770294189453 115.0
164.44895935058594 167.0
139.71417236328125 148.0
160.7968292236328 171.0
108.42770385742188 111.0
112.72509765625 122.0
108.4295654296875 106.0
114.817138671875 114.0
139.25611877441406 143.0
147.80572509765625 144.0
104.72599029541016 114.0
124.0375747680664 125.0
117.61894226074219 111.0
150.4261474609375 146.0
134.01571655273438 130.0
111.12202453613281 120.0
135.7097625732422 134.0
121.87631225585938 126.0
137.45877075195312 136.0
149.07382202148438 153.0
159.29214477539062 167.0
132.70901489257812 133.0
117.57972717285156 116.0
111.98814392089844 106.0
115.32554626464844 120.0
150.9310760498047 161.0
118.04318237304688 129.0
144.9564208984375 150.0
131.43856811523438 130.0
104.05353546142578 110.0
117.07914733886719 127.0
129.595458984375 126.0
137.55421447753906 134.0
149.83895874023438 144.0
107.32325744628906 114.0
99.11692810058594 111.0
122.20861053466797 134.0
128.28155517578125 128.0
156.91554260253906 158.0
113.34613800048828 110.0
153.5040740966797 153.0
146.7211456298828 149.0
158.27285766601562 162.0
132.03453063964844 132.0
115.29887390136719 117.0
109.01522827148438 122.0
160.77052307128906 159.0
122.46929931640625 126.0
138.8355255126953 154.0
120.10206604003906 132.0
109.5262451171875 124.0
102.73094940185547 112.0
114.9847412109375 119.0
129.6732940673828 139.0
157.70925903320312 167.0
119.401123046875 135.0
147.86131286621094 160.0
109.54801177978516 122.0
114.14290618896484 118.0
169.44932556152344 176.0
156.34698486328125 169.0
116.481201171875 127.0
122.83814239501953 134.0
107.68460083007812 121.0
111.77521514892578 122.0
118.66831970214844 128.0
149.61334228515625 154.0
108.36843872070312 108.0
152.60147094726562 155.0
154.0171356201172 167.0
119.78303527832031 130.0
112.98675537109375 115.0
160.2490997314453 167.0
134.87106323242188 148.0
154.32601928710938 171.0
105.48490142822266 111.0
106.99739837646484 122.0
102.94280242919922 106.0
110.58628845214844 114.0
134.76547241210938 143.0
142.07003784179688 144.0
98.57418823242188 114.0
117.67233276367188 125.0
110.95347595214844 111.0
144.7706298828125 146.0
128.1024932861328 130.0
107.65892028808594 120.0
130.4877471923828 134.0
116.53852081298828 126.0
130.7119140625 136.0
144.8361358642578 153.0
156.31570434570312 167.0
124.29331970214844 133.0
111.8295669555664 116.0
106.6092300415039 106.0
109.94231414794922 120.0
146.2366943359375 161.0
111.78616333007812 129.0
138.74227905273438 150.0
124.61021423339844 130.0
100.82205963134766 110.0
111.0251693725586 127.0
123.25440979003906 126.0
131.28538513183594 134.0
142.80508422851562 144.0
102.40162658691406 114.0
97.04720306396484 111.0
118.64773559570312 134.0
122.93057250976562 128.0
149.65997314453125 158.0
106.44469451904297 110.0
147.79324340820312 153.0
140.37770080566406 149.0
153.44871520996094 162.0
126.02471923828125 132.0
109.3608169555664 117.0
103.1119384765625 122.0
177.5810546875 159.0
132.45291137695312 126.0
149.37989807128906 154.0
129.15753173828125 132.0
120.47740936279297 124.0
116.10882568359375 112.0
125.89448547363281 119.0
139.83206176757812 139.0
170.81149291992188 167.0
131.34324645996094 135.0
156.0397186279297 160.0
119.9277114868164 122.0
124.89695739746094 118.0
179.24270629882812 176.0
170.40919494628906 169.0
127.11573791503906 127.0
138.98202514648438 134.0
117.6541976928711 121.0
124.80377197265625 122.0
132.2769317626953 128.0
163.7860107421875 154.0
117.3733901977539 108.0
166.98468017578125 155.0
169.2254638671875 167.0
132.384521484375 130.0
123.42522430419922 115.0
169.6799774169922 167.0
147.97364807128906 148.0
169.30850219726562 171.0
111.61540985107422 111.0
117.53652954101562 122.0
115.99720764160156 106.0
118.878173828125 114.0
146.959716796875 143.0
154.0826873779297 144.0
108.27731323242188 114.0
129.85012817382812 125.0
123.58268737792969 111.0
156.27322387695312 146.0
139.6780548095703 130.0
115.24872589111328 120.0
141.58917236328125 134.0
129.07272338867188 126.0
143.19729614257812 136.0
154.40135192871094 153.0
164.20474243164062 167.0
140.3179931640625 133.0
123.5470962524414 116.0
116.94025421142578 106.0
119.24980926513672 120.0
158.65875244140625 161.0
122.37047576904297 129.0
150.77975463867188 150.0
134.57400512695312 130.0
107.31759643554688 110.0
122.39324951171875 127.0
135.55015563964844 126.0
141.69064331054688 134.0
154.14637756347656 144.0
112.48023223876953 114.0
103.7271499633789 111.0
126.70571899414062 134.0
133.20452880859375 128.0
163.61753845214844 158.0
118.51416015625 110.0
159.1932373046875 153.0
155.0402069091797 149.0
167.5833282470703 162.0
137.79054260253906 132.0
120.26737976074219 117.0
113.46290588378906 122.0
156.21705627441406 159.0
118.45185089111328 126.0
133.3384552001953 154.0
116.12107849121094 132.0
106.93312072753906 124.0
99.41447448730469 112.0
108.33971405029297 119.0
124.419921875 139.0
152.3849639892578 167.0
116.06568908691406 135.0
142.5619659423828 160.0
104.76036834716797 122.0
110.19961547851562 118.0
161.89398193359375 176.0
151.36050415039062 169.0
111.69773864746094 127.0
117.49684143066406 134.0
103.91934967041016 121.0
107.934814453125 122.0
113.33141326904297 128.0
145.5308837890625 154.0
103.50904083251953 108.0
146.83116149902344 155.0
150.05348205566406 167.0
115.62311553955078 130.0
107.49116516113281 115.0
155.6091766357422 167.0
130.46392822265625 148.0
149.4040985107422 171.0
101.37045288085938 111.0
103.2072525024414 122.0
98.86726379394531 106.0
106.3531723022461 114.0
128.80087280273438 143.0
136.82347106933594 144.0
94.31212615966797 114.0
114.76839447021484 125.0
105.67229461669922 111.0
140.34063720703125 146.0
122.81861877441406 130.0
101.41604614257812 120.0
124.32405090332031 134.0
112.12919616699219 126.0
126.68573760986328 136.0
140.2915802001953 153.0
150.81427001953125 167.0
120.37223815917969 133.0
106.03128051757812 116.0
99.65628051757812 106.0
104.2643814086914 120.0
141.2010498046875 161.0
109.01287078857422 129.0
133.29974365234375 150.0
120.69378662109375 130.0
94.88984680175781 110.0
107.4451904296875 127.0
119.43846130371094 126.0
126.77303314208984 134.0
138.7849578857422 144.0
96.82537841796875 114.0
91.60917663574219 111.0
113.2508544921875 134.0
118.32061004638672 128.0
145.07867431640625 158.0
101.50381469726562 110.0
144.6107940673828 153.0
135.27220153808594 149.0
148.917236328125 162.0
118.81712341308594 132.0
106.19612884521484 117.0
99.56803894042969 122.0
159.4976043701172 159.0
121.95097351074219 126.0
136.7265167236328 154.0
119.01675415039062 132.0
110.91912078857422 124.0
101.29975891113281 112.0
112.23407745361328 119.0
127.18449401855469 139.0
155.9925537109375 167.0
118.90560913085938 135.0
145.73699951171875 160.0
106.51313781738281 122.0
112.34294128417969 118.0
168.9416046142578 176.0
154.20823669433594 169.0
114.69481658935547 127.0
119.65750122070312 134.0
110.8758773803711 121.0
111.22003173828125 122.0
116.31612396240234 128.0
147.6022186279297 154.0
105.76686096191406 108.0
150.51358032226562 155.0
155.66143798828125 167.0
118.88810729980469 130.0
109.61148071289062 115.0
160.3272705078125 167.0
134.39065551757812 148.0
153.51002502441406 171.0
104.09591674804688 111.0
106.0691909790039 122.0
100.278564453125 106.0
109.14602661132812 114.0
131.254150390625 143.0
139.18499755859375 144.0
99.13063049316406 114.0
120.50421142578125 125.0
108.87567901611328 111.0
143.53968811035156 146.0
125.38560485839844 130.0
105.14497375488281 120.0
126.17999267578125 134.0
116.4286117553711 126.0
130.5438232421875 136.0
144.795166015625 153.0
154.1938934326172 167.0
121.65512084960938 133.0
109.41481018066406 116.0
101.99021911621094 106.0
107.73895263671875 120.0
144.05381774902344 161.0
114.03386688232422 129.0
140.13040161132812 150.0
123.01670837402344 130.0
98.51184844970703 110.0
112.82742309570312 127.0
123.91262817382812 126.0
136.96360778808594 134.0
147.87779235839844 144.0
99.43640899658203 114.0
94.19205474853516 111.0
115.92147064208984 134.0
120.20619201660156 128.0
146.66603088378906 158.0
103.96218872070312 110.0
147.40562438964844 153.0
138.24598693847656 149.0
151.92178344726562 162.0
121.73178100585938 132.0
110.767578125 117.0
105.66521453857422 122.0
168.28173828125 159.0
124.90142059326172 126.0
142.40589904785156 154.0
123.30596160888672 132.0
112.1021728515625 124.0
104.92716979980469 112.0
118.53663635253906 119.0
133.0038604736328 139.0
163.5363311767578 167.0
122.98624420166016 135.0
151.4132080078125 160.0
113.19232177734375 122.0
117.45513916015625 118.0
184.58544921875 176.0
162.64447021484375 169.0
119.20414733886719 127.0
128.77349853515625 134.0
110.76608276367188 121.0
113.13322448730469 122.0
122.53617858886719 128.0
155.25411987304688 154.0
111.03761291503906 108.0
158.42483520507812 155.0
156.75167846679688 167.0
125.42273712158203 130.0
117.31543731689453 115.0
165.58360290527344 167.0
139.98915100097656 148.0
158.3436737060547 171.0
106.50154876708984 111.0
109.80563354492188 122.0
105.57362365722656 106.0
113.250244140625 114.0
139.8255157470703 143.0
146.02780151367188 144.0
100.1134262084961 114.0
118.61023712158203 125.0
115.66351318359375 111.0
150.9165802001953 146.0
132.4667510986328 130.0
110.22806549072266 120.0
135.13673400878906 134.0
118.99945068359375 126.0
135.54959106445312 136.0
150.0935821533203 153.0
165.2310028076172 167.0
128.9398193359375 133.0
114.61357879638672 116.0
111.41525268554688 106.0
113.40119171142578 120.0
153.08673095703125 161.0
115.5291748046875 129.0
143.3637237548828 150.0
130.98928833007812 130.0
103.11972045898438 110.0
113.7574691772461 127.0
127.7525634765625 126.0
132.08999633789062 134.0
144.0074462890625 144.0
104.65977478027344 114.0
98.40958404541016 111.0
121.06621551513672 134.0
124.45535278320312 128.0
155.27279663085938 158.0
110.15103149414062 110.0
153.66404724121094 153.0
143.71510314941406 149.0
158.48220825195312 162.0
129.73248291015625 132.0
113.80052947998047 117.0
103.59000396728516 122.0
171.63002014160156 159.0
129.26634216308594 126.0
145.68646240234375 154.0
126.44999694824219 132.0
117.27522277832031 124.0
110.39498901367188 112.0
119.8661880493164 119.0
134.85552978515625 139.0
164.1490020751953 167.0
126.64073181152344 135.0
151.21405029296875 160.0
114.06645965576172 122.0
120.90995788574219 118.0
173.6087646484375 176.0
162.75062561035156 169.0
124.9030532836914 127.0
131.89581298828125 134.0
115.32749938964844 121.0
120.72267150878906 122.0
127.83140563964844 128.0
159.1824951171875 154.0
112.86865997314453 108.0
159.77223205566406 155.0
165.01202392578125 167.0
128.27723693847656 130.0
117.64064025878906 115.0
164.75181579589844 167.0
143.385009765625 148.0
162.80740356445312 171.0
110.85176086425781 111.0
113.9769287109375 122.0
110.28169250488281 106.0
115.76789093017578 114.0
141.00778198242188 143.0
149.69515991210938 144.0
107.05192565917969 114.0
127.16791534423828 125.0
118.55561828613281 111.0
150.6339111328125 146.0
133.34523010253906 130.0
111.695556640625 120.0
135.7148895263672 134.0
124.93171691894531 126.0
139.06594848632812 136.0
149.8032684326172 153.0
160.24700927734375 167.0
133.3955078125 133.0
119.85987091064453 116.0
111.3238754272461 106.0
115.24385833740234 120.0
152.4536895751953 161.0
120.49296569824219 129.0
147.39234924316406 150.0
131.85641479492188 130.0
104.48445892333984 110.0
119.96149444580078 127.0
132.140625 126.0
141.16368103027344 134.0
153.3671112060547 144.0
107.48766326904297 114.0
101.36870574951172 111.0
124.04151916503906 134.0
129.92843627929688 128.0
157.98558044433594 158.0
114.0088882446289 110.0
153.56619262695312 153.0
151.00180053710938 149.0
162.2053680419922 162.0
131.46046447753906 132.0
117.37060546875 117.0
112.3740463256836 122.0
171.3302001953125 159.0
125.25382232666016 126.0
143.42247009277344 154.0
123.42202758789062 132.0
113.48845672607422 124.0
108.74610137939453 112.0
120.5317611694336 119.0
133.0624542236328 139.0
163.58309936523438 167.0
125.03010559082031 135.0
149.83355712890625 160.0
114.40864562988281 122.0
120.42876434326172 118.0
185.57711791992188 176.0
163.41970825195312 169.0
122.2335433959961 127.0
133.28421020507812 134.0
113.39591217041016 121.0
116.89874267578125 122.0
127.16297912597656 128.0
158.23326110839844 154.0
112.5106430053711 108.0
159.44985961914062 155.0
159.84036254882812 167.0
129.55517578125 130.0
118.77757263183594 115.0
164.50926208496094 167.0
141.07337951660156 148.0
161.14576721191406 171.0
106.30838012695312 111.0
112.74723815917969 122.0
109.74813842773438 106.0
113.87281799316406 114.0
140.19300842285156 143.0
147.81361389160156 144.0
103.36833953857422 114.0
121.52751159667969 125.0
118.07301330566406 111.0
151.31600952148438 146.0
135.0878143310547 130.0
111.95441436767578 120.0
135.66903686523438 134.0
122.9106216430664 126.0
137.66334533691406 136.0
148.93612670898438 153.0
166.80331420898438 167.0
133.2161102294922 133.0
117.37022399902344 116.0
112.48687744140625 106.0
114.84394073486328 120.0
152.6217041015625 161.0
116.50609588623047 129.0
144.73158264160156 150.0
134.705810546875 130.0
104.42863464355469 110.0
115.75828552246094 127.0
129.3625946044922 126.0
135.5957794189453 134.0
147.1405029296875 144.0
108.49876403808594 114.0
100.36726379394531 111.0
121.8481674194336 134.0
126.31123352050781 128.0
157.7432098388672 158.0
113.5302963256836 110.0
154.1874237060547 153.0
146.998779296875 149.0
161.30645751953125 162.0
133.647216796875 132.0
115.40966796875 117.0
107.73373413085938 122.0
163.3068084716797 159.0
125.2314453125 126.0
141.86265563964844 154.0
123.46510314941406 132.0
112.19287109375 124.0
102.22185516357422 112.0
113.41041564941406 119.0
131.0983428955078 139.0
161.3580322265625 167.0
120.96121215820312 135.0
149.54966735839844 160.0
110.12151336669922 122.0
115.59461975097656 118.0
166.12249755859375 176.0
158.10885620117188 169.0
118.06658935546875 127.0
123.10008239746094 134.0
109.43605041503906 121.0
111.39323425292969 122.0
119.89582824707031 128.0
152.7781982421875 154.0
109.1314468383789 108.0
155.90231323242188 155.0
158.3998260498047 167.0
121.38648223876953 130.0
114.51539611816406 115.0
162.69671630859375 167.0
137.45863342285156 148.0
156.35523986816406 171.0
107.49373626708984 111.0
108.86870574951172 122.0
103.31289672851562 106.0
112.06800842285156 114.0
138.86724853515625 143.0
144.69354248046875 144.0
99.12387084960938 114.0
117.87786865234375 125.0
112.85453796386719 111.0
147.811279296875 146.0
129.83798217773438 130.0
106.90553283691406 120.0
133.0122528076172 134.0
117.20121765136719 126.0
133.78077697753906 136.0
147.7309112548828 153.0
156.70449829101562 167.0
125.50575256347656 133.0
111.75395202636719 116.0
107.4478530883789 106.0
111.70059204101562 120.0
149.89791870117188 161.0
114.30116271972656 129.0
140.22607421875 150.0
125.29043579101562 130.0
101.55301666259766 110.0
113.23416900634766 127.0
125.69865417480469 126.0
133.55447387695312 134.0
144.80050659179688 144.0
101.56588745117188 114.0
97.65155029296875 111.0
120.31220245361328 134.0
123.51876831054688 128.0
152.8568115234375 158.0
106.73199462890625 110.0
150.18844604492188 153.0
142.0055694580078 149.0
156.38360595703125 162.0
127.17668914794922 132.0
112.20555114746094 117.0
102.58787536621094 122.0
161.45277404785156 159.0
125.40869140625 126.0
138.9093780517578 154.0
121.55204772949219 132.0
112.64287567138672 124.0
106.03324890136719 112.0
113.17770385742188 119.0
129.88156127929688 139.0
157.64682006835938 167.0
121.9185562133789 135.0
148.7832794189453 160.0
108.11383819580078 122.0
116.4666976928711 118.0
168.75160217285156 176.0
156.37057495117188 169.0
118.50777435302734 127.0
120.49868774414062 134.0
114.32933044433594 121.0
117.62265014648438 122.0
118.06208038330078 128.0
150.71435546875 154.0
107.10006713867188 108.0
152.7975616455078 155.0
160.29559326171875 167.0
119.358642578125 130.0
109.94145965576172 115.0
161.3439178466797 167.0
137.26046752929688 148.0
157.3307342529297 171.0
107.21810913085938 111.0
108.17769622802734 122.0
104.54621887207031 106.0
112.09552001953125 114.0
132.6226806640625 143.0
142.8869171142578 144.0
103.96101379394531 114.0
127.87142944335938 125.0
111.86758422851562 111.0
145.9477996826172 146.0
126.64303588867188 130.0
105.3326644897461 120.0
127.80319213867188 134.0
120.3062744140625 126.0
132.35826110839844 136.0
146.94564819335938 153.0
154.51202392578125 167.0
125.29945373535156 133.0
113.76089477539062 116.0
102.44076538085938 106.0
108.69536590576172 120.0
145.45204162597656 161.0
116.06950378417969 129.0
143.59954833984375 150.0
123.72163391113281 130.0
99.5789794921875 110.0
117.21380615234375 127.0
126.3514404296875 126.0
143.74386596679688 134.0
152.66929626464844 144.0
101.78211975097656 114.0
97.26615142822266 111.0
117.88948059082031 134.0
125.23124694824219 128.0
147.84405517578125 158.0
105.51017761230469 110.0
149.94091796875 153.0
143.68960571289062 149.0
155.4395751953125 162.0
121.64420318603516 132.0
112.10953521728516 117.0
111.32005310058594 122.0
155.32431030273438 159.0
118.64547729492188 126.0
134.90245056152344 154.0
117.87925720214844 132.0
106.31855010986328 124.0
98.93145751953125 112.0
107.73575592041016 119.0
123.14081573486328 139.0
153.64947509765625 167.0
115.84002685546875 135.0
142.9349365234375 160.0
105.87284088134766 122.0
111.04121398925781 118.0
164.31805419921875 176.0
153.28099060058594 169.0
112.6954345703125 127.0
118.36819458007812 134.0
104.77277374267578 121.0
108.085205078125 122.0
114.27082061767578 128.0
145.3570098876953 154.0
104.72457885742188 108.0
148.95758056640625 155.0
151.05458068847656 167.0
116.85403442382812 130.0
109.07168579101562 115.0
156.8289337158203 167.0
131.04336547851562 148.0
149.5734100341797 171.0
101.29544830322266 111.0
103.5412368774414 122.0
98.60296630859375 106.0
106.57421875 114.0
130.3949432373047 143.0
137.20266723632812 144.0
94.25872039794922 114.0
112.7874526977539 125.0
107.48332977294922 111.0
142.6026611328125 146.0
123.32817840576172 130.0
101.96061706542969 120.0
126.29298400878906 134.0
114.26454162597656 126.0
127.19915771484375 136.0
142.00543212890625 153.0
151.69386291503906 167.0
120.54735565185547 133.0
105.88311767578125 116.0
101.80494689941406 106.0
105.34107971191406 120.0
143.40223693847656 161.0
109.75504302978516 129.0
132.2681427001953 150.0
122.09021759033203 130.0
96.16255950927734 110.0
108.21800231933594 127.0
121.02559661865234 126.0
125.18582153320312 134.0
138.3812713623047 144.0
95.9303207397461 114.0
90.85331726074219 111.0
113.48771667480469 134.0
117.67503356933594 128.0
144.18614196777344 158.0
101.73828125 110.0
145.8675079345703 153.0
137.25271606445312 149.0
147.58367919921875 162.0
119.27435302734375 132.0
107.8774185180664 117.0
95.53197479248047 122.0
166.724853515625 159.0
125.09962463378906 126.0
141.9666748046875 154.0
123.6473159790039 132.0
112.94933319091797 124.0
106.28752136230469 112.0
115.41667175292969 119.0
130.71273803710938 139.0
162.33346557617188 167.0
122.93841552734375 135.0
149.0549774169922 160.0
111.8189697265625 122.0
117.1447525024414 118.0
171.6923065185547 176.0
160.66604614257812 169.0
119.57585144042969 127.0
127.17725372314453 134.0
112.55624389648438 121.0
115.50172424316406 122.0
122.86935424804688 128.0
154.7478790283203 154.0
110.20671844482422 108.0
157.52809143066406 155.0
161.22152709960938 167.0
124.47552490234375 130.0
115.25495910644531 115.0
163.64544677734375 167.0
139.4636688232422 148.0
158.6912384033203 171.0
106.55471801757812 111.0
110.07223510742188 122.0
105.52458190917969 106.0
112.54705810546875 114.0
138.465087890625 143.0
145.2482452392578 144.0
100.84757232666016 114.0
121.43559265136719 125.0
114.60662841796875 111.0
149.7665557861328 146.0
130.65274047851562 130.0
107.98539733886719 120.0
133.01145935058594 134.0
121.33626556396484 126.0
135.94606018066406 136.0
148.419921875 153.0
158.04054260253906 167.0
128.7249755859375 133.0
113.5125732421875 116.0
108.06272888183594 106.0
111.80883026123047 120.0
150.9041748046875 161.0
116.84268951416016 129.0
143.43116760253906 150.0
129.1614532470703 130.0
101.5440444946289 110.0
115.40876007080078 127.0
127.96511840820312 126.0
135.41104125976562 134.0
148.26290893554688 144.0
103.20796203613281 114.0
96.7502670288086 111.0
119.54325866699219 134.0
125.3514404296875 128.0
154.4802703857422 158.0
109.18292236328125 110.0
152.54803466796875 153.0
145.08563232421875 149.0
157.42608642578125 162.0
127.6495361328125 132.0
114.43977355957031 117.0
105.35894775390625 122.0
165.3463897705078 159.0
124.34378814697266 126.0
140.79653930664062 154.0
122.72392272949219 132.0
112.33836364746094 124.0
105.66806030273438 112.0
115.05987548828125 119.0
129.90065002441406 139.0
160.4412841796875 167.0
121.91148376464844 135.0
148.244384765625 160.0
110.7938003540039 122.0
116.45426177978516 118.0
172.71766662597656 176.0
159.1669921875 169.0
119.17825317382812 127.0
126.49833679199219 134.0
112.26502227783203 121.0
115.23040771484375 122.0
122.2373275756836 128.0
153.58731079101562 154.0
109.51018524169922 108.0
155.970703125 155.0
159.8985595703125 167.0
124.03753662109375 130.0
114.1302490234375 115.0
162.5546417236328 167.0
138.71817016601562 148.0
157.3282928466797 171.0
105.85637664794922 111.0
109.44417572021484 122.0
104.61575317382812 106.0
111.73351287841797 114.0
136.96511840820312 143.0
144.114501953125 144.0
100.4146957397461 114.0
120.73472595214844 125.0
113.67831420898438 111.0
148.4696807861328 146.0
129.24403381347656 130.0
107.39024353027344 120.0
131.86424255371094 134.0
120.88668823242188 126.0
134.9683837890625 136.0
147.3336181640625 153.0
157.8004150390625 167.0
127.6993179321289 133.0
113.03916931152344 116.0
107.20431518554688 106.0
110.88629150390625 120.0
149.4269256591797 161.0
116.27520751953125 129.0
142.8947296142578 150.0
129.31692504882812 130.0
101.35807800292969 110.0
115.20657348632812 127.0
127.44192504882812 126.0
135.435546875 134.0
147.6313018798828 144.0
102.93315124511719 114.0
96.57331848144531 111.0
118.98711395263672 134.0
124.55541229248047 128.0
152.88206481933594 158.0
108.84239196777344 110.0
151.3863067626953 153.0
144.63619995117188 149.0
156.13636779785156 162.0
126.43142700195312 132.0
114.00492858886719 117.0
105.59229278564453 122.0
163.02151489257812 159.0
121.99642944335938 126.0
139.04165649414062 154.0
120.91647338867188 132.0
110.47456359863281 124.0
103.1504135131836 112.0
112.8072509765625 119.0
127.86553192138672 139.0
158.50662231445312 167.0
120.498046875 135.0
145.8347625732422 160.0
108.64512634277344 122.0
114.35570526123047 118.0
168.3125762939453 176.0
156.86119079589844 169.0
116.55638122558594 127.0
123.64511108398438 134.0
109.30937957763672 121.0
112.42076873779297 122.0
119.27713775634766 128.0
151.57850646972656 154.0
107.63999938964844 108.0
153.57933044433594 155.0
157.3540802001953 167.0
121.45359802246094 130.0
112.36157989501953 115.0
159.8509063720703 167.0
136.05238342285156 148.0
155.47166442871094 171.0
104.17723083496094 111.0
107.1947021484375 122.0
102.62688446044922 106.0
110.05313110351562 114.0
134.9538116455078 143.0
141.8082733154297 144.0
98.22708129882812 114.0
118.36029815673828 125.0
112.08183288574219 111.0
146.44700622558594 146.0
127.32380676269531 130.0
105.24886322021484 120.0
129.81292724609375 134.0
118.07792663574219 126.0
132.85482788085938 136.0
145.31089782714844 153.0
154.40182495117188 167.0
124.9124755859375 133.0
110.55715942382812 116.0
105.41332244873047 106.0
109.27721405029297 120.0
147.16079711914062 161.0
113.9489974975586 129.0
139.3627166748047 150.0
125.4627456665039 130.0
99.21185302734375 110.0
112.14747619628906 127.0
124.91816711425781 126.0
132.2584991455078 134.0
145.15274047851562 144.0
100.17716979980469 114.0
94.39600372314453 111.0
116.8437271118164 134.0
122.0783920288086 128.0
150.8100128173828 158.0
106.0886459350586 110.0
149.1612548828125 153.0
140.92941284179688 149.0
154.50930786132812 162.0
124.31640625 132.0
111.86305236816406 117.0
103.38700866699219 122.0
165.5017852783203 159.0
124.34880828857422 126.0
141.17617797851562 154.0
122.82769775390625 132.0
112.40369415283203 124.0
105.21658325195312 112.0
114.89891052246094 119.0
130.53701782226562 139.0
161.36875915527344 167.0
122.57368469238281 135.0
148.9243927001953 160.0
111.0125961303711 122.0
116.31106567382812 118.0
172.37745666503906 176.0
159.8819580078125 169.0
118.76848602294922 127.0
125.39224243164062 134.0
111.24455261230469 121.0
114.40565490722656 122.0
121.05665588378906 128.0
153.88853454589844 154.0
109.8509750366211 108.0
156.69480895996094 155.0
159.8275604248047 167.0
123.11129760742188 130.0
114.7081069946289 115.0
163.2371826171875 167.0
138.64559936523438 148.0
158.30892944335938 171.0
106.10096740722656 111.0
108.65908813476562 122.0
104.73612976074219 106.0
111.90946960449219 114.0
137.48043823242188 143.0
144.21435546875 144.0
99.41862487792969 114.0
119.92860412597656 125.0
114.01763916015625 111.0
149.2205047607422 146.0
129.900390625 130.0
107.10247039794922 120.0
132.2924346923828 134.0
120.09027862548828 126.0
134.4258270263672 136.0
148.19277954101562 153.0
157.8743438720703 167.0
127.12716674804688 133.0
112.63914489746094 116.0
107.75331115722656 106.0
111.29723358154297 120.0
149.88038635253906 161.0
115.34274291992188 129.0
141.84844970703125 150.0
127.87621307373047 130.0
100.94432830810547 110.0
114.00613403320312 127.0
126.64286041259766 126.0
134.61866760253906 134.0
147.3138427734375 144.0
102.1575927734375 114.0
96.31438446044922 111.0
119.1180419921875 134.0
124.32455444335938 128.0
153.04681396484375 158.0
107.57603454589844 110.0
152.1973114013672 153.0
143.08987426757812 149.0
157.03944396972656 162.0
126.70695495605469 132.0
113.44139099121094 117.0
104.46784210205078 122.0
169.6342315673828 159.0
127.65167999267578 126.0
144.98739624023438 154.0
126.06095886230469 132.0
115.90867614746094 124.0
108.43229675292969 112.0
118.78470611572266 119.0
133.22866821289062 139.0
164.70700073242188 167.0
125.71061706542969 135.0
151.48495483398438 160.0
114.10749816894531 122.0
120.04441833496094 118.0
175.05145263671875 176.0
163.6605224609375 169.0
122.54417419433594 127.0
131.11561584472656 134.0
114.91668701171875 121.0
118.13870239257812 122.0
125.9931869506836 128.0
158.212890625 154.0
112.79407501220703 108.0
160.13238525390625 155.0
163.34620666503906 167.0
127.85722351074219 130.0
117.62910461425781 115.0
165.92349243164062 167.0
141.60362243652344 148.0
161.71286010742188 171.0
108.81488037109375 111.0
112.9868392944336 122.0
108.32013702392578 106.0
115.05685424804688 114.0
140.9635467529297 143.0
148.59686279296875 144.0
103.70841979980469 114.0
124.04601287841797 125.0
117.7303695678711 111.0
152.33917236328125 146.0
133.23983764648438 130.0
110.22818756103516 120.0
135.7884979248047 134.0
123.17686462402344 126.0
138.431640625 136.0
150.68496704101562 153.0
160.4506072998047 167.0
131.3911895751953 133.0
116.74190521240234 116.0
111.13833618164062 106.0
114.6426010131836 120.0
153.10922241210938 161.0
118.92338562011719 129.0
146.22445678710938 150.0
132.74530029296875 130.0
104.2776107788086 110.0
117.77131652832031 127.0
130.75079345703125 126.0
138.95608520507812 134.0
151.22586059570312 144.0
105.91802215576172 114.0
99.53510284423828 111.0
122.2601318359375 134.0
128.31094360351562 128.0
156.72802734375 158.0
112.19197082519531 110.0
155.0689697265625 153.0
148.51272583007812 149.0
160.70530700683594 162.0
130.78688049316406 132.0
116.7422866821289 117.0
108.6733169555664 122.0
165.71212768554688 159.0
125.1218490600586 126.0
142.1438751220703 154.0
123.40184020996094 132.0
112.6472396850586 124.0
104.90361785888672 112.0
116.02559661865234 119.0
130.2347412109375 139.0
161.7049102783203 167.0
122.54598999023438 135.0
149.27432250976562 160.0
111.86634063720703 122.0
117.23623657226562 118.0
173.18067932128906 176.0
160.736083984375 169.0
119.33309173583984 127.0
126.9464111328125 134.0
111.04689025878906 121.0
114.14190673828125 122.0
122.30316162109375 128.0
154.1998748779297 154.0
110.55007934570312 108.0
157.15414428710938 155.0
159.71078491210938 167.0
123.80642700195312 130.0
115.58692169189453 115.0
163.6582489013672 167.0
138.70907592773438 148.0
158.41455078125 171.0
105.90055847167969 111.0
109.36113739013672 122.0
104.83560943603516 106.0
112.35496520996094 114.0
138.27589416503906 143.0
145.24647521972656 144.0
100.55441284179688 114.0
120.21770477294922 125.0
114.5830307006836 111.0
149.87060546875 146.0
130.85426330566406 130.0
108.3696517944336 120.0
133.606689453125 134.0
119.44401550292969 126.0
135.05552673339844 136.0
148.39242553710938 153.0
157.87940979003906 167.0
127.36332702636719 133.0
113.48968505859375 116.0
108.70136260986328 106.0
112.17264556884766 120.0
150.48654174804688 161.0
115.48456573486328 129.0
142.7078399658203 150.0
128.68756103515625 130.0
102.08014678955078 110.0
114.31796264648438 127.0
127.3525161743164 126.0
134.47933959960938 134.0
146.72540283203125 144.0
103.25628662109375 114.0
96.88186645507812 111.0
119.46954345703125 134.0
124.91272735595703 128.0
153.5102996826172 158.0
108.80774688720703 110.0
152.40814208984375 153.0
144.24819946289062 149.0
157.1859893798828 162.0
127.81874084472656 132.0
113.47185516357422 117.0
105.35696411132812 122.0
163.96478271484375 159.0
122.46337890625 126.0
139.66217041015625 154.0
121.11720275878906 132.0
111.23513793945312 124.0
103.85556030273438 112.0
114.01881408691406 119.0
128.56207275390625 139.0
159.05738830566406 167.0
120.95626068115234 135.0
146.88467407226562 160.0
109.35020446777344 122.0
115.33148956298828 118.0
170.94680786132812 176.0
157.69935607910156 169.0
117.4583511352539 127.0
124.77806854248047 134.0
109.98576354980469 121.0
112.92282104492188 122.0
120.3097915649414 128.0
153.05142211914062 154.0
108.58670043945312 108.0
154.27914428710938 155.0
157.64495849609375 167.0
122.59033966064453 130.0
113.16121673583984 115.0
160.69435119628906 167.0
136.362060546875 148.0
155.63514709472656 171.0
104.76567077636719 111.0
108.26270294189453 122.0
103.62155151367188 106.0
110.599365234375 114.0
135.8524169921875 143.0
142.95516967773438 144.0
99.49404907226562 114.0
118.91871643066406 125.0
112.6064453125 111.0
146.91326904296875 146.0
128.1224822998047 130.0
106.20021057128906 120.0
130.8063507080078 134.0
118.03209686279297 126.0
133.01405334472656 136.0
145.88143920898438 153.0
156.3419189453125 167.0
125.7546615600586 133.0
111.42735290527344 116.0
106.40298461914062 106.0
109.98533630371094 120.0
147.76853942871094 161.0
113.96910095214844 129.0
141.16604614257812 150.0
127.2613754272461 130.0
100.05810546875 110.0
112.25069427490234 127.0
125.4525375366211 126.0
133.1754608154297 134.0
146.0272979736328 144.0
101.44245147705078 114.0
95.6365737915039 111.0
117.49668884277344 134.0
122.76603698730469 128.0
151.4702911376953 158.0
106.94991302490234 110.0
149.6979217529297 153.0
141.6652069091797 149.0
155.46609497070312 162.0
125.58941650390625 132.0
112.0661849975586 117.0
104.09602355957031 122.0
164.26087951660156 159.0
122.88888549804688 126.0
140.27430725097656 154.0
121.67118072509766 132.0
111.45858764648438 124.0
103.42552185058594 112.0
113.85672760009766 119.0
128.77748107910156 139.0
159.98336791992188 167.0
121.0614013671875 135.0
147.47677612304688 160.0
109.50239562988281 122.0
115.1418685913086 118.0
170.5819549560547 176.0
158.5769500732422 169.0
116.99811553955078 127.0
124.21548461914062 134.0
110.27423095703125 121.0
112.90174102783203 122.0
119.73725128173828 128.0
152.8943328857422 154.0
108.59457397460938 108.0
155.10989379882812 155.0
158.0943145751953 167.0
121.92188262939453 130.0
113.66316223144531 115.0
161.49224853515625 167.0
137.18099975585938 148.0
156.2196044921875 171.0
104.92831420898438 111.0
107.6359634399414 122.0
103.15361022949219 106.0
110.99105834960938 114.0
136.3308868408203 143.0
143.03421020507812 144.0
98.65037536621094 114.0
118.74649047851562 125.0
112.74298858642578 111.0
147.63063049316406 146.0
128.49302673339844 130.0
106.32632446289062 120.0
131.10792541503906 134.0
118.04283142089844 126.0
133.14996337890625 136.0
146.5842742919922 153.0
156.32815551757812 167.0
125.29574584960938 133.0
111.01260375976562 116.0
106.32876586914062 106.0
110.47359466552734 120.0
148.47573852539062 161.0
114.37202453613281 129.0
141.631103515625 150.0
127.06642150878906 130.0
100.17893981933594 110.0
112.30644226074219 127.0
125.36703491210938 126.0
133.98509216308594 134.0
146.24037170410156 144.0
101.08711242675781 114.0
95.32400512695312 111.0
117.7205810546875 134.0
122.46926879882812 128.0
152.0081329345703 158.0
106.37977600097656 110.0
150.61358642578125 153.0
141.28533935546875 149.0
155.7202606201172 162.0
125.68759155273438 132.0
112.19148254394531 117.0
103.67363739013672 122.0
165.4435577392578 159.0
123.81765747070312 126.0
140.51551818847656 154.0
122.15706634521484 132.0
112.45162200927734 124.0
105.56444549560547 112.0
114.94314575195312 119.0
129.4075164794922 139.0
159.99142456054688 167.0
122.01754760742188 135.0
148.45941162109375 160.0
110.00955963134766 122.0
116.5450439453125 118.0
171.9222869873047 176.0
159.0914306640625 169.0
118.8962631225586 127.0
126.4349136352539 134.0
111.20399475097656 121.0
114.92634582519531 122.0
121.79638671875 128.0
153.98959350585938 154.0
109.35675048828125 108.0
155.19068908691406 155.0
159.57809448242188 167.0
123.57759094238281 130.0
113.85198211669922 115.0
161.78306579589844 167.0
138.09971618652344 148.0
157.4297637939453 171.0
105.70500183105469 111.0
109.1680908203125 122.0
105.01544952392578 106.0
111.59162139892578 114.0
136.5203094482422 143.0
144.11207580566406 144.0
100.46318054199219 114.0
120.40779876708984 125.0
113.97032165527344 111.0
148.0079345703125 146.0
129.11827087402344 130.0
106.88394165039062 120.0
131.93658447265625 134.0
120.19569396972656 126.0
134.44207763671875 136.0
146.9290771484375 153.0
157.49192810058594 167.0
127.34123992919922 133.0
112.95641326904297 116.0
107.10585021972656 106.0
110.86750030517578 120.0
148.46600341796875 161.0
115.41607666015625 129.0
142.0540008544922 150.0
128.06353759765625 130.0
100.7265853881836 110.0
113.75537872314453 127.0
126.9440689086914 126.0
134.54173278808594 134.0
146.96961975097656 144.0
102.46296691894531 114.0
97.02376556396484 111.0
118.511962890625 134.0
124.29473876953125 128.0
152.7998046875 158.0
108.4039535522461 110.0
150.92965698242188 153.0
143.7057342529297 149.0
156.90843200683594 162.0
126.66853332519531 132.0
113.45460510253906 117.0
105.63973999023438 122.0
164.73117065429688 159.0
123.25494384765625 126.0
140.4609832763672 154.0
121.86264038085938 132.0
111.75330352783203 124.0
104.56514739990234 112.0
114.89793395996094 119.0
128.92208862304688 139.0
159.72206115722656 167.0
121.54475402832031 135.0
147.2810821533203 160.0
110.20414733886719 122.0
115.63398742675781 118.0
169.80355834960938 176.0
159.15878295898438 169.0
117.8756332397461 127.0
125.78546905517578 134.0
110.23947143554688 121.0
113.939697265625 122.0
121.03180694580078 128.0
153.28118896484375 154.0
109.30474090576172 108.0
155.1722869873047 155.0
158.7554168701172 167.0
122.78945922851562 130.0
114.19719696044922 115.0
161.10394287109375 167.0
137.45391845703125 148.0
157.0497283935547 171.0
104.88294982910156 111.0
108.0115966796875 122.0
104.25396728515625 106.0
111.09326934814453 114.0
136.67811584472656 143.0
143.646484375 144.0
99.3416519165039 114.0
119.37312316894531 125.0
113.7505874633789 111.0
148.07444763183594 146.0
129.3463897705078 130.0
106.69988250732422 120.0
132.1151123046875 134.0
119.01293182373047 126.0
133.8852081298828 136.0
146.15631103515625 153.0
155.9022674560547 167.0
126.97818756103516 133.0
112.60960388183594 116.0
107.34626770019531 106.0
110.8141860961914 120.0
148.45997619628906 161.0
114.4285659790039 129.0
141.63575744628906 150.0
127.54991149902344 130.0
100.24405670166016 110.0
113.06407165527344 127.0
126.10260009765625 126.0
133.66275024414062 134.0
145.8743438720703 144.0
101.76702880859375 114.0
95.50003051757812 111.0
117.94828033447266 134.0
123.89170837402344 128.0
152.55909729003906 158.0
107.52019500732422 110.0
150.48123168945312 153.0
142.9131317138672 149.0
155.9022216796875 162.0
126.28593444824219 132.0
112.29206085205078 117.0
104.13098907470703 122.0
