145.62344360351562 159.0
148.7387237548828 126.0
154.09149169921875 154.0
139.95236206054688 132.0
126.0023193359375 124.0
101.5920181274414 112.0
150.50328063964844 119.0
153.73545837402344 139.0
170.3318634033203 167.0
153.48260498046875 135.0
173.56756591796875 160.0
137.24559020996094 122.0
151.67050170898438 118.0
118.05490112304688 176.0
167.674072265625 169.0
150.17738342285156 127.0
167.02532958984375 134.0
112.05908203125 121.0
106.62527465820312 122.0
156.67031860351562 128.0
170.18142700195312 154.0
131.91864013671875 108.0
160.4407501220703 155.0
162.27381896972656 167.0
158.28543090820312 130.0
136.47659301757812 115.0
163.39663696289062 167.0
102.60917663574219 148.0
192.05917358398438 171.0
137.9102020263672 111.0
155.94656372070312 122.0
158.03604125976562 106.0
135.16880798339844 114.0
156.1002197265625 143.0
162.75802612304688 144.0
180.32388305664062 114.0
183.96951293945312 125.0
161.93592834472656 111.0
178.66436767578125 146.0
172.38494873046875 130.0
150.96717834472656 120.0
153.67001342773438 134.0
93.19942474365234 126.0
145.47006225585938 136.0
167.7286376953125 153.0
125.79757690429688 167.0
144.81639099121094 133.0
155.46658325195312 116.0
131.65040588378906 106.0
141.25924682617188 120.0
155.51296997070312 161.0
102.982666015625 129.0
126.35209655761719 150.0
119.62374877929688 130.0
142.71133422851562 110.0
128.4188690185547 127.0
116.06449127197266 126.0
203.37503051757812 134.0
148.03558349609375 144.0
150.255615234375 114.0
152.42153930664062 111.0
144.03477478027344 134.0
153.10317993164062 128.0
135.2124786376953 158.0
152.77066040039062 110.0
160.60647583007812 153.0
156.34225463867188 149.0
171.53976440429688 162.0
156.8207550048828 132.0
88.93175506591797 117.0
255.10377502441406 122.0
94.91199493408203 159.0
74.0200424194336 126.0
91.03287506103516 154.0
64.20707702636719 132.0
61.27747344970703 124.0
39.667884826660156 112.0
60.56340789794922 119.0
92.98738098144531 139.0
113.34497833251953 167.0
62.700035095214844 135.0
115.02922058105469 160.0
69.28805541992188 122.0
61.34439468383789 118.0
93.26005554199219 176.0
110.30065155029297 169.0
69.6773681640625 127.0
60.523704528808594 134.0
60.87883377075195 121.0
37.639137268066406 122.0
57.719886779785156 128.0
83.93900299072266 154.0
69.23114013671875 108.0
106.70075988769531 155.0
82.00041198730469 167.0
55.72486114501953 130.0
73.59390258789062 115.0
117.2734146118164 167.0
80.8736572265625 148.0
81.89189147949219 171.0
66.281005859375 111.0
48.81698226928711 122.0
41.06211853027344 106.0
61.26639938354492 114.0
97.51184844970703 143.0
86.56369018554688 144.0
44.637168884277344 114.0
48.689823150634766 125.0
55.890419006347656 111.0
106.83031463623047 146.0
82.1280288696289 130.0
64.6142578125 120.0
89.67611694335938 134.0
48.52236557006836 126.0
70.97076416015625 136.0
108.53348541259766 153.0
96.2552719116211 167.0
64.08821105957031 133.0
50.582740783691406 116.0
67.18057250976562 106.0
70.43660736083984 120.0
102.64134216308594 161.0
61.34539794921875 129.0
95.12987518310547 150.0
70.8705062866211 130.0
64.09129333496094 110.0
52.567657470703125 127.0
66.33320617675781 126.0
68.3646469116211 134.0
83.50846862792969 144.0
54.888187408447266 114.0
58.91519546508789 111.0
76.08735656738281 134.0
73.61409759521484 128.0
84.26734924316406 158.0
55.06743240356445 110.0
102.27429962158203 153.0
70.6197738647461 149.0
76.97779846191406 162.0
70.91792297363281 132.0
62.03986740112305 117.0
16.06452178955078 122.0
151.83840942382812 159.0
125.13064575195312 126.0
145.78221130371094 154.0
117.51325988769531 132.0
106.82489013671875 124.0
72.7663345336914 112.0
125.32940673828125 119.0
143.07171630859375 139.0
166.65264892578125 167.0
129.80885314941406 135.0
164.50213623046875 160.0
118.54290771484375 122.0
123.42832946777344 118.0
132.66612243652344 176.0
173.38702392578125 169.0
130.35687255859375 127.0
136.95245361328125 134.0
76.65489959716797 121.0
75.51068878173828 122.0
126.7013168334961 128.0
139.65943908691406 154.0
117.16419982910156 108.0
162.8392791748047 155.0
140.40194702148438 167.0
127.571533203125 130.0
126.20610809326172 115.0
165.818359375 167.0
115.5012435913086 148.0
160.6876678466797 171.0
110.27549743652344 111.0
111.06298828125 122.0
100.75811767578125 106.0
109.27276611328125 114.0
147.8605499267578 143.0
153.5152587890625 144.0
119.10174560546875 114.0
121.15800476074219 125.0
114.382080078125 111.0
166.6141357421875 146.0
145.96986389160156 130.0
115.07827758789062 120.0
144.35374450683594 134.0
81.208251953125 126.0
127.27079772949219 136.0
162.5800018310547 153.0
148.94656372070312 167.0
130.09434509277344 133.0
115.8936767578125 116.0
118.07781219482422 106.0
118.83901977539062 120.0
154.48162841796875 161.0
98.28422546386719 129.0
123.9129409790039 150.0
124.76896667480469 130.0
110.73249816894531 110.0
98.80549621582031 127.0
116.82335662841797 126.0
129.02505493164062 134.0
94.94712829589844 144.0
114.0294189453125 114.0
110.94270324707031 111.0
123.7582015991211 134.0
134.41070556640625 128.0
143.1590576171875 158.0
122.82220458984375 110.0
150.42564392089844 153.0
140.27325439453125 149.0
139.85289001464844 162.0
134.5126190185547 132.0
94.68984985351562 117.0
86.57652282714844 122.0
179.6262664794922 159.0
139.88916015625 126.0
150.8704833984375 154.0
132.24124145507812 132.0
141.16172790527344 124.0
153.29739379882812 112.0
141.67855834960938 119.0
144.61619567871094 139.0
167.78004455566406 167.0
162.24081420898438 135.0
173.749755859375 160.0
146.0111083984375 122.0
145.88014221191406 118.0
170.29835510253906 176.0
181.83380126953125 169.0
150.31317138671875 127.0
165.66783142089844 134.0
172.24246215820312 121.0
155.27247619628906 122.0
161.81881713867188 128.0
166.8587646484375 154.0
135.74557495117188 108.0
159.57318115234375 155.0
186.8695526123047 167.0
167.26882934570312 130.0
133.52186584472656 115.0
177.26856994628906 167.0
144.01304626464844 148.0
191.7962188720703 171.0
120.25755310058594 111.0
148.7303466796875 122.0
158.3769989013672 106.0
130.7051544189453 114.0
148.3432159423828 143.0
161.26979064941406 144.0
170.2265625 114.0
189.501220703125 125.0
145.92239379882812 111.0
173.98812866210938 146.0
157.0634765625 130.0
133.8421630859375 120.0
146.62109375 134.0
151.2966766357422 126.0
156.3315887451172 136.0
173.52220153808594 153.0
155.86907958984375 167.0
176.1927490234375 133.0
148.95193481445312 116.0
128.8032684326172 106.0
131.510009765625 120.0
152.22122192382812 161.0
143.7398681640625 129.0
179.83738708496094 150.0
143.85342407226562 130.0
133.8436279296875 110.0
161.31826782226562 127.0
152.1490936279297 126.0
206.72244262695312 134.0
197.0996551513672 144.0
147.0755615234375 114.0
129.25721740722656 111.0
132.94656372070312 134.0
149.49716186523438 128.0
160.32763671875 158.0
160.74273681640625 110.0
166.53436279296875 153.0
165.26480102539062 149.0
159.43983459472656 162.0
151.28054809570312 132.0
135.05857849121094 117.0
219.19781494140625 122.0
150.37413024902344 159.0
118.19065856933594 126.0
129.24029541015625 154.0
110.05406951904297 132.0
106.1738510131836 124.0
113.28529357910156 112.0
108.11597442626953 119.0
119.54118347167969 139.0
142.95993041992188 167.0
126.33099365234375 135.0
151.32620239257812 160.0
117.07726287841797 122.0
113.48788452148438 118.0
142.60523986816406 176.0
146.84866333007812 169.0
118.93125915527344 127.0
130.30130004882812 134.0
117.61822509765625 121.0
122.04389953613281 122.0
127.06623077392578 128.0
135.80117797851562 154.0
110.44798278808594 108.0
137.81520080566406 155.0
155.65072631835938 167.0
122.84430694580078 130.0
109.87476348876953 115.0
154.60887145996094 167.0
126.03175354003906 148.0
153.56918334960938 171.0
98.09825897216797 111.0
109.94183349609375 122.0
104.92198181152344 106.0
108.96133422851562 114.0
125.49307250976562 143.0
131.765380859375 144.0
118.94104766845703 114.0
132.1595001220703 125.0
100.57925415039062 111.0
142.1916046142578 146.0
123.5193862915039 130.0
110.58389282226562 120.0
122.76564025878906 134.0
120.94532775878906 126.0
125.76301574707031 136.0
143.2776641845703 153.0
133.46958923339844 167.0
134.77407836914062 133.0
105.76445007324219 116.0
106.95629119873047 106.0
109.0893783569336 120.0
130.88037109375 161.0
117.71314239501953 129.0
135.8675537109375 150.0
128.05764770507812 130.0
112.30094909667969 110.0
125.9068832397461 127.0
120.89222717285156 126.0
142.68206787109375 134.0
151.327880859375 144.0
110.6883544921875 114.0
102.68204498291016 111.0
110.50704956054688 134.0
123.063232421875 128.0
140.0041046142578 158.0
124.85688781738281 110.0
145.9115447998047 153.0
144.43215942382812 149.0
132.5678253173828 162.0
116.97380065917969 132.0
108.9293212890625 117.0
117.1959228515625 122.0
218.02859497070312 159.0
170.73233032226562 126.0
193.52777099609375 154.0
162.12693786621094 132.0
150.92079162597656 124.0
159.73748779296875 112.0
196.20230102539062 119.0
178.08267211914062 139.0
200.95179748535156 167.0
185.87249755859375 135.0
195.3160858154297 160.0
169.23670959472656 122.0
182.55824279785156 118.0
196.33154296875 176.0
217.20162963867188 169.0
195.1479949951172 127.0
218.0355682373047 134.0
141.31781005859375 121.0
164.90699768066406 122.0
212.6138153076172 128.0
199.75259399414062 154.0
162.37362670898438 108.0
198.9889678955078 155.0
198.7459716796875 167.0
197.64108276367188 130.0
168.89010620117188 115.0
196.3815460205078 167.0
175.40750122070312 148.0
232.42446899414062 171.0
146.0702362060547 111.0
175.0799560546875 122.0
171.65333557128906 106.0
158.12353515625 114.0
184.66514587402344 143.0
210.2036590576172 144.0
204.75967407226562 114.0
200.95693969726562 125.0
176.29458618164062 111.0
202.0018310546875 146.0
197.89028930664062 130.0
165.25631713867188 120.0
187.09246826171875 134.0
158.47962951660156 126.0
180.69808959960938 136.0
191.84165954589844 153.0
194.35748291015625 167.0
203.91311645507812 133.0
196.23123168945312 116.0
169.98387145996094 106.0
168.9710235595703 120.0
188.4625701904297 161.0
150.70753479003906 129.0
182.2940673828125 150.0
174.69114685058594 130.0
161.60743713378906 110.0
167.3741455078125 127.0
173.03370666503906 126.0
195.62266540527344 134.0
177.13523864746094 144.0
187.68116760253906 114.0
163.99232482910156 111.0
170.97694396972656 134.0
200.1529998779297 128.0
199.05035400390625 158.0
200.11920166015625 110.0
186.88531494140625 153.0
211.15457153320312 149.0
208.85362243652344 162.0
203.03855895996094 132.0
145.94146728515625 117.0
210.25662231445312 122.0
159.15386962890625 159.0
150.00698852539062 126.0
158.55503845214844 154.0
136.64938354492188 132.0
126.41836547851562 124.0
129.38519287109375 112.0
153.61343383789062 119.0
140.96937561035156 139.0
164.09730529785156 167.0
147.87744140625 135.0
162.15736389160156 160.0
142.7355499267578 122.0
155.05850219726562 118.0
159.0682373046875 176.0
169.80665588378906 169.0
155.70352172851562 127.0
167.6368865966797 134.0
143.36917114257812 121.0
135.7603759765625 122.0
166.7418670654297 128.0
151.49005126953125 154.0
131.56480407714844 108.0
160.4437255859375 155.0
146.83511352539062 167.0
161.51248168945312 130.0
128.91937255859375 115.0
164.52481079101562 167.0
134.35247802734375 148.0
186.7273406982422 171.0
125.10110473632812 111.0
150.2685089111328 122.0
142.52374267578125 106.0
138.41030883789062 114.0
147.92544555664062 143.0
168.87008666992188 144.0
168.5348663330078 114.0
178.74371337890625 125.0
140.87844848632812 111.0
162.77890014648438 146.0
151.81454467773438 130.0
152.3310089111328 120.0
141.77639770507812 134.0
126.19647979736328 126.0
135.95797729492188 136.0
160.4620361328125 153.0
148.3336639404297 167.0
158.4776611328125 133.0
160.92105102539062 116.0
128.92176818847656 106.0
145.2214813232422 120.0
151.50721740722656 161.0
117.45021057128906 129.0
153.78538513183594 150.0
147.75950622558594 130.0
146.5968017578125 110.0
144.7097625732422 127.0
137.61276245117188 126.0
185.17921447753906 134.0
141.1630401611328 144.0
160.66969299316406 114.0
145.52125549316406 111.0
142.10629272460938 134.0
161.61619567871094 128.0
147.9300537109375 158.0
165.1874237060547 110.0
155.66433715820312 153.0
173.61073303222656 149.0
155.25341796875 162.0
161.60305786132812 132.0
114.45610046386719 117.0
213.3750762939453 122.0
139.42381286621094 159.0
102.07196807861328 126.0
116.95059204101562 154.0
98.18717193603516 132.0
93.9625473022461 124.0
87.10096740722656 112.0
101.20063781738281 119.0
129.49856567382812 139.0
151.64141845703125 167.0
109.82197570800781 135.0
147.0484619140625 160.0
97.29608154296875 122.0
100.6192855834961 118.0
155.45370483398438 176.0
145.29396057128906 169.0
101.22205352783203 127.0
106.14330291748047 134.0
92.97498321533203 121.0
95.2640380859375 122.0
100.67959594726562 128.0
133.72775268554688 154.0
93.70582580566406 108.0
148.11318969726562 155.0
134.03004455566406 167.0
101.7026596069336 130.0
99.59053802490234 115.0
152.4827880859375 167.0
122.79666137695312 148.0
140.93357849121094 171.0
89.54039001464844 111.0
96.17082977294922 122.0
92.8604965209961 106.0
93.73222351074219 114.0
127.73814392089844 143.0
122.36568450927734 144.0
87.96415710449219 114.0
104.74053192138672 125.0
91.93888092041016 111.0
134.254638671875 146.0
119.38045501708984 130.0
91.09593963623047 120.0
116.306396484375 134.0
95.69141387939453 126.0
112.76576232910156 136.0
140.530517578125 153.0
141.41424560546875 167.0
106.01374053955078 133.0
89.49148559570312 116.0
92.15504455566406 106.0
92.43203735351562 120.0
136.40823364257812 161.0
94.67427062988281 129.0
121.96237182617188 150.0
100.59598541259766 130.0
91.72411346435547 110.0
93.9408187866211 127.0
102.63128662109375 126.0
116.35338592529297 134.0
127.99610137939453 144.0
96.41586303710938 114.0
93.84709167480469 111.0
102.22870635986328 134.0
106.77275085449219 128.0
126.62887573242188 158.0
93.90238189697266 110.0
132.25782775878906 153.0
115.3362045288086 149.0
142.4998321533203 162.0
105.71639251708984 132.0
91.6484603881836 117.0
88.81803131103516 122.0
120.53861999511719 159.0
91.44110107421875 126.0
106.76295471191406 154.0
89.37542724609375 132.0
81.88822937011719 124.0
71.4520034790039 112.0
91.31062316894531 119.0
101.24661254882812 139.0
120.78426361083984 167.0
93.67132568359375 135.0
113.84280395507812 160.0
88.68873596191406 122.0
88.3114013671875 118.0
111.04705047607422 176.0
123.57394409179688 169.0
91.96551513671875 127.0
99.63170623779297 134.0
77.82413482666016 121.0
74.53485107421875 122.0
97.37132263183594 128.0
107.86753845214844 154.0
86.69187927246094 108.0
118.67180633544922 155.0
115.64705657958984 167.0
96.2519760131836 130.0
92.67011260986328 115.0
120.66153717041016 167.0
97.38356018066406 148.0
115.90367889404297 171.0
78.01887512207031 111.0
79.08541870117188 122.0
78.14508056640625 106.0
77.99822998046875 114.0
105.73934936523438 143.0
112.9655532836914 144.0
75.61093139648438 114.0
87.018798828125 125.0
89.40760803222656 111.0
113.59217834472656 146.0
103.7135009765625 130.0
82.78738403320312 120.0
106.27142333984375 134.0
79.60620880126953 126.0
102.55332946777344 136.0
113.10874938964844 153.0
115.38204956054688 167.0
98.05322265625 133.0
86.2459487915039 116.0
87.61835479736328 106.0
86.42518615722656 120.0
110.74272918701172 161.0
83.52703857421875 129.0
111.74333953857422 150.0
95.87157440185547 130.0
80.8211898803711 110.0
85.33824920654297 127.0
91.10032653808594 126.0
104.0301284790039 134.0
99.79974365234375 144.0
83.38983917236328 114.0
74.93244934082031 111.0
92.02210998535156 134.0
96.46611785888672 128.0
113.04773712158203 158.0
85.54307556152344 110.0
107.48767852783203 153.0
105.47210693359375 149.0
106.10112762451172 162.0
96.64485168457031 132.0
79.65992736816406 117.0
54.796966552734375 122.0
173.71412658691406 159.0
125.32780456542969 126.0
142.9883575439453 154.0
121.9561767578125 132.0
113.4956283569336 124.0
124.0129165649414 112.0
124.08447265625 119.0
146.11264038085938 139.0
173.1972198486328 167.0
128.5076141357422 135.0
170.26116943359375 160.0
116.74036407470703 122.0
119.7841796875 118.0
174.60440063476562 176.0
169.51853942871094 169.0
121.20153045654297 127.0
127.77224731445312 134.0
127.63566589355469 121.0
134.2534942626953 122.0
124.55482482910156 128.0
161.53897094726562 154.0
115.59171295166016 108.0
166.834716796875 155.0
169.3463134765625 167.0
123.26789093017578 130.0
120.17276000976562 115.0
178.16114807128906 167.0
156.56240844726562 148.0
159.17681884765625 171.0
107.94992065429688 111.0
110.93106079101562 122.0
116.89674377441406 106.0
114.90374755859375 114.0
148.9369659423828 143.0
147.23167419433594 144.0
109.58395385742188 114.0
135.5189208984375 125.0
119.74344635009766 111.0
156.99853515625 146.0
143.42210388183594 130.0
113.02468872070312 120.0
141.97528076171875 134.0
134.50119018554688 126.0
144.23809814453125 136.0
160.27801513671875 153.0
163.99624633789062 167.0
138.50877380371094 133.0
114.75138092041016 116.0
112.2176284790039 106.0
116.75525665283203 120.0
158.8543701171875 161.0
123.7842788696289 129.0
163.29078674316406 150.0
121.48048400878906 130.0
109.54378509521484 110.0
131.70477294921875 127.0
132.53256225585938 126.0
162.71844482421875 134.0
167.32907104492188 144.0
115.28887176513672 114.0
103.5356674194336 111.0
122.20689392089844 134.0
129.2833251953125 128.0
163.98724365234375 158.0
116.79911041259766 110.0
157.47393798828125 153.0
144.8507537841797 149.0
168.4254913330078 162.0
125.52054595947266 132.0
119.7223892211914 117.0
122.89205932617188 122.0
183.38858032226562 159.0
146.64720153808594 126.0
167.549560546875 154.0
142.01925659179688 132.0
139.1609649658203 124.0
126.01641845703125 112.0
142.74990844726562 119.0
164.23291015625 139.0
196.26016235351562 167.0
153.42660522460938 135.0
194.6668701171875 160.0
138.9986114501953 122.0
140.37986755371094 118.0
204.27040100097656 176.0
192.08157348632812 169.0
145.0540313720703 127.0
149.78195190429688 134.0
127.83316802978516 121.0
126.92449951171875 122.0
142.5459747314453 128.0
183.05572509765625 154.0
137.32725524902344 108.0
186.51889038085938 155.0
186.05345153808594 167.0
147.04132080078125 130.0
140.72154235839844 115.0
201.6624755859375 167.0
159.55450439453125 148.0
187.81924438476562 171.0
133.172119140625 111.0
141.4444580078125 122.0
138.44065856933594 106.0
135.84292602539062 114.0
167.80113220214844 143.0
173.54537963867188 144.0
136.2854766845703 114.0
152.86582946777344 125.0
140.8830108642578 111.0
176.65438842773438 146.0
165.67404174804688 130.0
133.92091369628906 120.0
161.4034423828125 134.0
127.64002990722656 126.0
158.5799560546875 136.0
183.8807830810547 153.0
198.19895935058594 167.0
155.20993041992188 133.0
133.5311737060547 116.0
130.96627807617188 106.0
133.5653076171875 120.0
176.89064025878906 161.0
132.53591918945312 129.0
164.3926239013672 150.0
148.52496337890625 130.0
129.3659210205078 110.0
127.12643432617188 127.0
144.88681030273438 126.0
169.96189880371094 134.0
181.67205810546875 144.0
136.50990295410156 114.0
131.14663696289062 111.0
146.68881225585938 134.0
151.47230529785156 128.0
179.06973266601562 158.0
135.66383361816406 110.0
179.45248413085938 153.0
160.89024353027344 149.0
192.10794067382812 162.0
151.61843872070312 132.0
130.02377319335938 117.0
135.82325744628906 122.0
163.05906677246094 159.0
112.22724914550781 126.0
127.73020935058594 154.0
109.72552490234375 132.0
103.25959777832031 124.0
107.06707763671875 112.0
109.9069595336914 119.0
124.6826171875 139.0
151.07102966308594 167.0
114.4746322631836 135.0
139.6561279296875 160.0
102.83121490478516 122.0
106.5759506225586 118.0
145.833740234375 176.0
145.52188110351562 169.0
113.82234191894531 127.0
130.6480255126953 134.0
104.9086685180664 121.0
112.30354309082031 122.0
124.69749450683594 128.0
145.5905303955078 154.0
101.94595336914062 108.0
147.48529052734375 155.0
150.11952209472656 167.0
121.24681091308594 130.0
105.60871124267578 115.0
149.3828582763672 167.0
137.9864959716797 148.0
145.2978973388672 171.0
95.754638671875 111.0
104.2979965209961 122.0
101.82524108886719 106.0
101.71415710449219 114.0
127.35454559326172 143.0
134.98245239257812 144.0
100.08087158203125 114.0
117.90166473388672 125.0
105.45244598388672 111.0
131.10385131835938 146.0
120.08966827392578 130.0
97.43273162841797 120.0
124.93490600585938 134.0
114.92273712158203 126.0
130.6715850830078 136.0
135.4491729736328 153.0
142.10728454589844 167.0
130.33905029296875 133.0
102.88273620605469 116.0
101.01409149169922 106.0
102.26233673095703 120.0
134.7054901123047 161.0
113.10387420654297 129.0
147.20748901367188 150.0
122.49198913574219 130.0
96.21888732910156 110.0
116.19247436523438 127.0
119.87136840820312 126.0
134.75189208984375 134.0
139.48101806640625 144.0
104.2905044555664 114.0
93.25492095947266 111.0
110.43315124511719 134.0
122.29386901855469 128.0
151.7675323486328 158.0
112.86651611328125 110.0
133.1604766845703 153.0
142.67164611816406 149.0
148.84335327148438 162.0
117.04765319824219 132.0
108.60639953613281 117.0
99.07740020751953 122.0
175.015625 159.0
129.54576110839844 126.0
151.4387664794922 154.0
131.08567810058594 132.0
121.89544677734375 124.0
118.51875305175781 112.0
130.2230987548828 119.0
143.30142211914062 139.0
178.4697723388672 167.0
136.62428283691406 135.0
167.17747497558594 160.0
128.04913330078125 122.0
126.02326965332031 118.0
188.97068786621094 176.0
178.1812286376953 169.0
126.78099822998047 127.0
135.3350372314453 134.0
122.1119155883789 121.0
121.95098114013672 122.0
130.4140167236328 128.0
162.4759063720703 154.0
127.01332092285156 108.0
170.4002227783203 155.0
167.98861694335938 167.0
132.72055053710938 130.0
131.10400390625 115.0
184.58627319335938 167.0
150.99102783203125 148.0
167.2355194091797 171.0
115.90729522705078 111.0
119.42949676513672 122.0
122.85973358154297 106.0
120.62816619873047 114.0
149.28565979003906 143.0
154.72479248046875 144.0
110.97283172607422 114.0
130.36923217773438 125.0
127.29840850830078 111.0
161.59310913085938 146.0
151.3150634765625 130.0
118.78288269042969 120.0
148.16357421875 134.0
124.50111389160156 126.0
145.74351501464844 136.0
167.5868377685547 153.0
180.98025512695312 167.0
142.677001953125 133.0
118.51921081542969 116.0
124.05563354492188 106.0
122.31053161621094 120.0
158.77340698242188 161.0
122.55296325683594 129.0
158.5914306640625 150.0
139.60255432128906 130.0
118.15744018554688 110.0
122.5169448852539 127.0
134.00692749023438 126.0
150.32789611816406 134.0
158.32174682617188 144.0
123.80266571044922 114.0
112.55178833007812 111.0
127.24598693847656 134.0
137.43495178222656 128.0
166.7617950439453 158.0
120.07429504394531 110.0
162.91552734375 153.0
146.7991180419922 149.0
168.28070068359375 162.0
137.60519409179688 132.0
121.00862121582031 117.0
105.9169692993164 122.0
134.11837768554688 159.0
88.76884460449219 126.0
108.73960876464844 154.0
92.38629913330078 132.0
84.95082092285156 124.0
85.0791015625 112.0
91.84117126464844 119.0
103.5474624633789 139.0
130.54928588867188 167.0
96.8463134765625 135.0
120.56098175048828 160.0
87.65234375 122.0
87.65533447265625 118.0
136.04624938964844 176.0
129.09669494628906 169.0
92.26497650146484 127.0
104.56431579589844 134.0
90.7839126586914 121.0
90.56123352050781 122.0
97.88057708740234 128.0
121.90509796142578 154.0
88.06416320800781 108.0
125.26526641845703 155.0
129.66046142578125 167.0
99.29827117919922 130.0
92.93052673339844 115.0
134.70530700683594 167.0
114.48021697998047 148.0
123.02881622314453 171.0
77.30349731445312 111.0
83.55375671386719 122.0
83.62684631347656 106.0
82.30440521240234 114.0
109.2385482788086 143.0
112.98748779296875 144.0
76.79135131835938 114.0
93.95072174072266 125.0
91.16507720947266 111.0
119.32896423339844 146.0
104.01871490478516 130.0
80.37089538574219 120.0
106.15473175048828 134.0
93.9933853149414 126.0
110.11122131347656 136.0
121.08224487304688 153.0
127.92451477050781 167.0
106.42897033691406 133.0
83.53410339355469 116.0
88.72470092773438 106.0
85.76539611816406 120.0
118.88792419433594 161.0
93.57445526123047 129.0
116.65380859375 150.0
102.9693832397461 130.0
79.39071655273438 110.0
93.39151763916016 127.0
98.83051300048828 126.0
111.67965698242188 134.0
125.32068634033203 144.0
83.50222778320312 114.0
72.81260681152344 111.0
89.93256378173828 134.0
98.74441528320312 128.0
124.86590576171875 158.0
86.60502624511719 110.0
119.32858276367188 153.0
110.174072265625 149.0
124.33839416503906 162.0
99.65980529785156 132.0
90.14070129394531 117.0
72.74100494384766 122.0
172.60369873046875 159.0
131.34912109375 126.0
146.55532836914062 154.0
126.28670501708984 132.0
117.17599487304688 124.0
125.76583862304688 112.0
133.24127197265625 119.0
135.0252685546875 139.0
163.33718872070312 167.0
132.19114685058594 135.0
158.16587829589844 160.0
121.01309967041016 122.0
125.63189697265625 118.0
171.46389770507812 176.0
166.91586303710938 169.0
132.93629455566406 127.0
146.23196411132812 134.0
120.72586059570312 121.0
131.02398681640625 122.0
140.64735412597656 128.0
155.13369750976562 154.0
119.19587707519531 108.0
159.1964569091797 155.0
169.23077392578125 167.0
135.418212890625 130.0
124.23214721679688 115.0
166.4090118408203 167.0
142.68701171875 148.0
171.17295837402344 171.0
110.23272705078125 111.0
115.7390365600586 122.0
121.6100845336914 106.0
121.19789123535156 114.0
140.2160186767578 143.0
156.80245971679688 144.0
121.1193618774414 114.0
137.10400390625 125.0
125.7042236328125 111.0
152.8126983642578 146.0
141.10304260253906 130.0
118.51341247558594 120.0
140.3875732421875 134.0
133.78196716308594 126.0
143.67723083496094 136.0
152.23822021484375 153.0
159.92840576171875 167.0
153.40725708007812 133.0
125.35960388183594 116.0
120.16532135009766 106.0
121.98063659667969 120.0
149.99530029296875 161.0
124.58010864257812 129.0
148.66818237304688 150.0
138.39932250976562 130.0
115.18885803222656 110.0
130.7484130859375 127.0
130.1791534423828 126.0
153.22608947753906 134.0
161.88555908203125 144.0
128.13873291015625 114.0
109.24526977539062 111.0
126.19403076171875 134.0
143.17112731933594 128.0
160.5946044921875 158.0
129.45420837402344 110.0
156.0247802734375 153.0
160.9981231689453 149.0
162.14596557617188 162.0
138.21438598632812 132.0
119.32450103759766 117.0
124.96691131591797 122.0
164.04222106933594 159.0
118.85829162597656 126.0
139.9060516357422 154.0
122.2342529296875 132.0
107.91902160644531 124.0
111.67729187011719 112.0
117.08291625976562 119.0
127.37228393554688 139.0
158.8546142578125 167.0
121.41212463378906 135.0
149.01327514648438 160.0
110.06925201416016 122.0
113.63127136230469 118.0
154.10830688476562 176.0
156.36502075195312 169.0
115.9429702758789 127.0
132.17881774902344 134.0
107.34227752685547 121.0
118.40058898925781 122.0
125.98236083984375 128.0
149.03395080566406 154.0
109.38497924804688 108.0
153.8998565673828 155.0
158.7086181640625 167.0
124.65444946289062 130.0
114.635498046875 115.0
160.77822875976562 167.0
139.35401916503906 148.0
155.23269653320312 171.0
104.23680114746094 111.0
108.54544830322266 122.0
107.40888214111328 106.0
109.59326934814453 114.0
138.43145751953125 143.0
143.092041015625 144.0
101.91924285888672 114.0
120.06324768066406 125.0
111.06684112548828 111.0
146.16265869140625 146.0
132.31802368164062 130.0
105.0145492553711 120.0
133.4736785888672 134.0
123.85601806640625 126.0
137.66090393066406 136.0
147.5612030029297 153.0
151.45013427734375 167.0
136.27354431152344 133.0
109.81243133544922 116.0
110.23118591308594 106.0
111.53468322753906 120.0
144.34689331054688 161.0
118.4024887084961 129.0
141.07537841796875 150.0
125.95463562011719 130.0
103.74565887451172 110.0
117.29302978515625 127.0
125.69445037841797 126.0
131.88766479492188 134.0
145.75857543945312 144.0
109.2561264038086 114.0
96.98448181152344 111.0
115.63089752197266 134.0
128.82862854003906 128.0
155.28543090820312 158.0
112.67278289794922 110.0
144.51446533203125 153.0
143.07772827148438 149.0
155.37986755371094 162.0
125.57499694824219 132.0
115.2255630493164 117.0
100.00282287597656 122.0
159.5970458984375 159.0
121.88814544677734 126.0
136.59828186035156 154.0
121.2327651977539 132.0
108.34725189208984 124.0
113.15210723876953 112.0
127.5132827758789 119.0
134.0848388671875 139.0
156.660400390625 167.0
121.45294189453125 135.0
152.33627319335938 160.0
118.38616943359375 122.0
118.62039184570312 118.0
168.7642822265625 176.0
158.45327758789062 169.0
121.48517608642578 127.0
135.07467651367188 134.0
114.24897003173828 121.0
118.24073791503906 122.0
131.28192138671875 128.0
148.8970184326172 154.0
115.19197845458984 108.0
157.39097595214844 155.0
151.1922607421875 167.0
124.29704284667969 130.0
122.0089111328125 115.0
160.26348876953125 167.0
142.27243041992188 148.0
154.33798217773438 171.0
105.23294067382812 111.0
110.24246978759766 122.0
111.1338119506836 106.0
113.95528411865234 114.0
138.09837341308594 143.0
145.4403839111328 144.0
105.38541412353516 114.0
121.28275299072266 125.0
118.22999572753906 111.0
147.2878875732422 146.0
134.66969299316406 130.0
116.92295837402344 120.0
138.11972045898438 134.0
123.81196594238281 126.0
130.86868286132812 136.0
145.59439086914062 153.0
152.58792114257812 167.0
135.6892547607422 133.0
119.31884002685547 116.0
119.04169464111328 106.0
116.64729309082031 120.0
147.8031463623047 161.0
115.70881652832031 129.0
146.82557678222656 150.0
131.68157958984375 130.0
113.15701293945312 110.0
120.7403793334961 127.0
124.99420166015625 126.0
138.7202911376953 134.0
142.33616638183594 144.0
121.68045806884766 114.0
104.45540618896484 111.0
121.91914367675781 134.0
131.422607421875 128.0
150.8046875 158.0
118.22158813476562 110.0
151.13352966308594 153.0
145.31056213378906 149.0
153.29428100585938 162.0
131.5921630859375 132.0
113.29400634765625 117.0
112.10868072509766 122.0
173.5085906982422 159.0
125.81016540527344 126.0
146.243408203125 154.0
124.18451690673828 132.0
114.228759765625 124.0
116.60112762451172 112.0
130.03517150878906 119.0
128.6658477783203 139.0
160.5391387939453 167.0
125.94869995117188 135.0
144.476318359375 160.0
116.99296569824219 122.0
119.69489288330078 118.0
152.82742309570312 176.0
161.57498168945312 169.0
128.14816284179688 127.0
150.31631469726562 134.0
120.14189147949219 121.0
122.6187744140625 122.0
143.0547332763672 128.0
154.92568969726562 154.0
113.39541625976562 108.0
157.97547912597656 155.0
162.149169921875 167.0
134.91262817382812 130.0
121.42523193359375 115.0
157.3358154296875 167.0
142.8017120361328 148.0
163.01950073242188 171.0
101.69457244873047 111.0
112.89313507080078 122.0
117.76074981689453 106.0
114.56842041015625 114.0
139.7187042236328 143.0
152.662841796875 144.0
110.89107513427734 114.0
133.0829315185547 125.0
124.35498809814453 111.0
144.6588897705078 146.0
137.01925659179688 130.0
111.825927734375 120.0
138.94107055664062 134.0
125.11871337890625 126.0
141.35816955566406 136.0
142.08267211914062 153.0
147.70091247558594 167.0
147.3064422607422 133.0
125.53648376464844 116.0
117.3389663696289 106.0
117.50526428222656 120.0
146.0138702392578 161.0
118.01799774169922 129.0
153.81137084960938 150.0
137.0614776611328 130.0
106.58580780029297 110.0
126.18284606933594 127.0
131.61253356933594 126.0
153.0191650390625 134.0
153.25863647460938 144.0
118.654052734375 114.0
97.48693084716797 111.0
119.3694076538086 134.0
140.23533630371094 128.0
164.5198211669922 158.0
128.29583740234375 110.0
144.93438720703125 153.0
156.3779754638672 149.0
161.04067993164062 162.0
136.15530395507812 132.0
115.69559478759766 117.0
122.75579833984375 122.0
132.0270233154297 159.0
104.79273986816406 126.0
122.0318832397461 154.0
103.15794372558594 132.0
94.71527862548828 124.0
82.3637924194336 112.0
90.78768920898438 119.0
116.41937255859375 139.0
144.5364227294922 167.0
104.27444458007812 135.0
136.71878051757812 160.0
94.93892669677734 122.0
97.29878997802734 118.0
135.67681884765625 176.0
141.9683837890625 169.0
97.73941040039062 127.0
99.91643524169922 134.0
93.59788513183594 121.0
89.74285888671875 122.0
95.48306274414062 128.0
129.21417236328125 154.0
94.76063537597656 108.0
137.8348388671875 155.0
140.13404846191406 167.0
94.8993911743164 130.0
100.00782775878906 115.0
148.12454223632812 167.0
117.44098663330078 148.0
136.81512451171875 171.0
88.74724578857422 111.0
91.09730529785156 122.0
87.1834945678711 106.0
94.24859619140625 114.0
124.48016357421875 143.0
124.15754699707031 144.0
82.04002380371094 114.0
100.76007843017578 125.0
94.32535552978516 111.0
131.7357635498047 146.0
117.04727935791016 130.0
88.69168853759766 120.0
118.12726593017578 134.0
98.30403900146484 126.0
114.09197235107422 136.0
133.97317504882812 153.0
128.07034301757812 167.0
103.94547271728516 133.0
90.48648071289062 116.0
91.32237243652344 106.0
93.67575073242188 120.0
131.4774932861328 161.0
94.51827239990234 129.0
122.13288879394531 150.0
98.71159362792969 130.0
86.15190887451172 110.0
97.36759948730469 127.0
103.16635131835938 126.0
118.7603759765625 134.0
131.0830078125 144.0
82.12403106689453 114.0
79.3305435180664 111.0
100.36890411376953 134.0
108.32382202148438 128.0
127.46888732910156 158.0
86.67465209960938 110.0
133.00563049316406 153.0
115.51940155029297 149.0
134.347900390625 162.0
104.35662841796875 132.0
94.52096557617188 117.0
76.49505615234375 122.0
173.666015625 159.0
150.64996337890625 126.0
173.6253662109375 154.0
144.53067016601562 132.0
131.30279541015625 124.0
116.3766860961914 112.0
135.13450622558594 119.0
169.61395263671875 139.0
198.51312255859375 167.0
156.43218994140625 135.0
194.3090057373047 160.0
148.49465942382812 122.0
148.69261169433594 118.0
172.41259765625 176.0
202.66021728515625 169.0
154.253173828125 127.0
144.53013610839844 134.0
111.85651397705078 121.0
124.26493072509766 122.0
142.760009765625 128.0
180.57908630371094 154.0
145.64320373535156 108.0
194.57510375976562 155.0
186.92507934570312 167.0
139.99794006347656 130.0
155.0915069580078 115.0
203.1570587158203 167.0
147.89190673828125 148.0
191.05592346191406 171.0
134.6961669921875 111.0
132.2006378173828 122.0
142.62225341796875 106.0
130.22691345214844 114.0
177.95046997070312 143.0
184.91497802734375 144.0
125.03446960449219 114.0
143.4443359375 125.0
147.51539611816406 111.0
190.32208251953125 146.0
171.07797241210938 130.0
136.29397583007812 120.0
176.03456115722656 134.0
134.70860290527344 126.0
149.49508666992188 136.0
188.4313507080078 153.0
184.275146484375 167.0
152.53863525390625 133.0
148.5991973876953 116.0
147.42416381835938 106.0
138.5259552001953 120.0
187.07350158691406 161.0
118.27400207519531 129.0
153.9521026611328 150.0
144.2501220703125 130.0
124.20953369140625 110.0
132.4689483642578 127.0
137.1544952392578 126.0
158.2853546142578 134.0
161.3743133544922 144.0
130.53817749023438 114.0
129.6263427734375 111.0
150.98011779785156 134.0
158.86358642578125 128.0
171.7056884765625 158.0
123.96653747558594 110.0
182.98046875 153.0
161.61741638183594 149.0
182.278564453125 162.0
156.91175842285156 132.0
120.30725860595703 117.0
110.26168060302734 122.0
171.0731658935547 159.0
125.42864227294922 126.0
144.72230529785156 154.0
125.2999496459961 132.0
115.25440979003906 124.0
115.97212219238281 112.0
121.3717041015625 119.0
137.55136108398438 139.0
165.47341918945312 167.0
126.82484436035156 135.0
158.15773010253906 160.0
116.86168670654297 122.0
119.26243591308594 118.0
178.41880798339844 176.0
166.24417114257812 169.0
121.4840087890625 127.0
131.45230102539062 134.0
116.1246337890625 121.0
122.23406982421875 122.0
125.28384399414062 128.0
160.65597534179688 154.0
115.3155746459961 108.0
161.6061248779297 155.0
163.19699096679688 167.0
126.56049346923828 130.0
120.41716766357422 115.0
169.4871826171875 167.0
145.8203125 148.0
160.83917236328125 171.0
110.63958740234375 111.0
115.39305877685547 122.0
113.8675765991211 106.0
116.24224090576172 114.0
145.01934814453125 143.0
149.71836853027344 144.0
106.24652099609375 114.0
125.88993072509766 125.0
119.16632080078125 111.0
151.9580078125 146.0
139.0060272216797 130.0
112.42413330078125 120.0
139.8106231689453 134.0
127.3289566040039 126.0
138.0424346923828 136.0
152.3287811279297 153.0
165.27374267578125 167.0
138.73385620117188 133.0
115.46171569824219 116.0
114.82879638671875 106.0
115.456787109375 120.0
153.5236053466797 161.0
117.91375732421875 129.0
151.96014404296875 150.0
130.6979522705078 130.0
107.20379638671875 110.0
120.65511322021484 127.0
127.86383056640625 126.0
143.45233154296875 134.0
154.83395385742188 144.0
114.1385498046875 114.0
104.25542449951172 111.0
122.69551086425781 134.0
131.3079833984375 128.0
161.34136962890625 158.0
113.41870880126953 110.0
152.68881225585938 153.0
145.66250610351562 149.0
164.32568359375 162.0
130.4253692626953 132.0
116.92979431152344 117.0
113.66321563720703 122.0
166.131591796875 159.0
121.99222564697266 126.0
141.58584594726562 154.0
122.74979400634766 132.0
112.35173034667969 124.0
111.69513702392578 112.0
116.97354125976562 119.0
133.2928009033203 139.0
162.1326141357422 167.0
123.43572998046875 135.0
154.0306396484375 160.0
114.03044128417969 122.0
115.26763916015625 118.0
170.65953063964844 176.0
162.9068145751953 169.0
117.43000030517578 127.0
128.50311279296875 134.0
112.4721908569336 121.0
116.88985443115234 122.0
121.09998321533203 128.0
155.0502471923828 154.0
112.66734313964844 108.0
157.8227081298828 155.0
160.59600830078125 167.0
122.66438293457031 130.0
117.64308166503906 115.0
166.1666259765625 167.0
141.0666961669922 148.0
157.39300537109375 171.0
105.93111419677734 111.0
110.674072265625 122.0
109.0687255859375 106.0
112.81593322753906 114.0
141.95101928710938 143.0
145.6727294921875 144.0
101.01185607910156 114.0
120.39234924316406 125.0
115.52924346923828 111.0
150.11415100097656 146.0
136.1163787841797 130.0
107.64419555664062 120.0
136.63125610351562 134.0
122.63471984863281 126.0
135.7677764892578 136.0
149.2255859375 153.0
159.39149475097656 167.0
135.50027465820312 133.0
110.76148986816406 116.0
111.7336196899414 106.0
112.37124633789062 120.0
150.5188751220703 161.0
114.70938873291016 129.0
146.3756103515625 150.0
126.48798370361328 130.0
102.74752807617188 110.0
117.87496948242188 127.0
124.5086441040039 126.0
136.9846954345703 134.0
148.70957946777344 144.0
108.62218475341797 114.0
98.68781280517578 111.0
118.39217376708984 134.0
127.72122192382812 128.0
157.04013061523438 158.0
109.91123962402344 110.0
150.38270568847656 153.0
141.6499481201172 149.0
159.52957153320312 162.0
126.71127319335938 132.0
113.3308334350586 117.0
105.9662094116211 122.0
164.38502502441406 159.0
123.14421844482422 126.0
142.025390625 154.0
123.40238189697266 132.0
113.08414459228516 124.0
109.93985748291016 112.0
117.87764739990234 119.0
133.53997802734375 139.0
162.75030517578125 167.0
124.33169555664062 135.0
156.2491455078125 160.0
114.34938049316406 122.0
116.60858917236328 118.0
174.27294921875 176.0
165.33937072753906 169.0
118.19340515136719 127.0
126.35267639160156 134.0
111.39387512207031 121.0
116.09004211425781 122.0
120.26234436035156 128.0
155.47308349609375 154.0
113.88241577148438 108.0
158.09710693359375 155.0
160.61141967773438 167.0
122.77245330810547 130.0
118.0787353515625 115.0
168.4249267578125 167.0
140.71408081054688 148.0
159.2830047607422 171.0
106.51014709472656 111.0
110.24901580810547 122.0
108.53260803222656 106.0
113.50514221191406 114.0
142.0286102294922 143.0
147.0274658203125 144.0
102.58927917480469 114.0
121.94343566894531 125.0
116.38424682617188 111.0
152.4327392578125 146.0
136.74195861816406 130.0
108.79264831542969 120.0
137.70899963378906 134.0
122.48681640625 126.0
134.20343017578125 136.0
151.848876953125 153.0
160.81077575683594 167.0
134.05419921875 133.0
111.92755126953125 116.0
112.36061096191406 106.0
112.71711730957031 120.0
151.13198852539062 161.0
113.81230926513672 129.0
145.51693725585938 150.0
126.84446716308594 130.0
103.52779388427734 110.0
117.24459838867188 127.0
124.66905212402344 126.0
138.96987915039062 134.0
150.09271240234375 144.0
109.21363830566406 114.0
98.61807250976562 111.0
118.78633117675781 134.0
128.70225524902344 128.0
154.66842651367188 158.0
109.41378021240234 110.0
152.9088897705078 153.0
140.59178161621094 149.0
159.95033264160156 162.0
126.29411315917969 132.0
112.5766830444336 117.0
108.27838897705078 122.0
164.02467346191406 159.0
121.16767883300781 126.0
142.5625 154.0
123.4996566772461 132.0
112.66736602783203 124.0
110.05975341796875 112.0
116.05382537841797 119.0
132.04771423339844 139.0
162.44578552246094 167.0
123.90847778320312 135.0
155.0788116455078 160.0
114.50410461425781 122.0
115.61289978027344 118.0
175.13168334960938 176.0
164.60986328125 169.0
117.80370330810547 127.0
125.58386993408203 134.0
110.80526733398438 121.0
116.13082885742188 122.0
119.89810180664062 128.0
155.7875518798828 154.0
114.1122817993164 108.0
157.7199249267578 155.0
158.2598876953125 167.0
122.73157501220703 130.0
117.7584457397461 115.0
168.1182403564453 167.0
140.5300750732422 148.0
157.99102783203125 171.0
106.2793197631836 111.0
109.46150970458984 122.0
108.14190673828125 106.0
112.82150268554688 114.0
141.5322723388672 143.0
146.49623107910156 144.0
100.45574188232422 114.0
120.5721435546875 125.0
115.61410522460938 111.0
152.24978637695312 146.0
136.21343994140625 130.0
107.38212585449219 120.0
137.4275665283203 134.0
121.94734191894531 126.0
133.4013671875 136.0
151.07369995117188 153.0
161.3372802734375 167.0
134.51914978027344 133.0
110.0765380859375 116.0
112.50206756591797 106.0
112.20867919921875 120.0
151.36549377441406 161.0
112.53728485107422 129.0
145.18212890625 150.0
128.74456787109375 130.0
102.8404769897461 110.0
117.30350494384766 127.0
123.82154846191406 126.0
137.0128631591797 134.0
149.0230255126953 144.0
107.1539306640625 114.0
96.76380157470703 111.0
118.01182556152344 134.0
127.94282531738281 128.0
155.15328979492188 158.0
108.8021011352539 110.0
152.2248992919922 153.0
140.5150909423828 149.0
158.74896240234375 162.0
124.73164367675781 132.0
111.97445678710938 117.0
105.23529815673828 122.0
165.25306701660156 159.0
123.47506713867188 126.0
142.33465576171875 154.0
123.76045227050781 132.0
113.62887573242188 124.0
112.7896728515625 112.0
116.55300903320312 119.0
133.57278442382812 139.0
160.62356567382812 167.0
124.16324615478516 135.0
155.1463623046875 160.0
114.10804748535156 122.0
117.20735168457031 118.0
171.99847412109375 176.0
162.8308563232422 169.0
119.38286590576172 127.0
128.49917602539062 134.0
112.78231811523438 121.0
118.84614562988281 122.0
121.8075942993164 128.0
155.86676025390625 154.0
113.46731567382812 108.0
156.5143280029297 155.0
160.8099365234375 167.0
124.55059814453125 130.0
116.90377044677734 115.0
166.65638732910156 167.0
140.22547912597656 148.0
157.9307098388672 171.0
109.02790832519531 111.0
112.48446655273438 122.0
111.04276275634766 106.0
114.62141418457031 114.0
140.7267303466797 143.0
147.4191436767578 144.0
103.84759521484375 114.0
123.36730194091797 125.0
116.00198364257812 111.0
149.87646484375 146.0
136.1766815185547 130.0
108.68998718261719 120.0
136.1403045654297 134.0
124.86416625976562 126.0
134.99884033203125 136.0
149.7235107421875 153.0
160.5416259765625 167.0
136.30955505371094 133.0
113.27356719970703 116.0
111.31595611572266 106.0
112.84133911132812 120.0
149.50115966796875 161.0
114.86332702636719 129.0
145.7881622314453 150.0
128.90020751953125 130.0
104.2694320678711 110.0
118.58688354492188 127.0
125.07025909423828 126.0
139.9376983642578 134.0
151.47299194335938 144.0
109.83960723876953 114.0
100.9889907836914 111.0
120.63133239746094 134.0
129.43899536132812 128.0
156.15626525878906 158.0
111.19880676269531 110.0
150.9918975830078 153.0
142.66531372070312 149.0
159.59991455078125 162.0
126.74917602539062 132.0
113.55303192138672 117.0
110.06056213378906 122.0
173.59983825683594 159.0
126.1880874633789 126.0
148.27182006835938 154.0
128.3518829345703 132.0
116.27056121826172 124.0
113.07107543945312 112.0
124.37114715576172 119.0
138.6243438720703 139.0
169.73538208007812 167.0
129.55120849609375 135.0
158.35757446289062 160.0
120.47410583496094 122.0
120.37159729003906 118.0
183.60336303710938 176.0
171.7261962890625 169.0
122.39285278320312 127.0
134.5192108154297 134.0
112.41963958740234 121.0
118.31925964355469 122.0
126.89042663574219 128.0
162.0760040283203 154.0
119.08828735351562 108.0
165.48052978515625 155.0
163.9825439453125 167.0
129.5924072265625 130.0
124.52009582519531 115.0
171.4130096435547 167.0
146.057373046875 148.0
166.22418212890625 171.0
109.62580871582031 111.0
114.8236312866211 122.0
113.14334869384766 106.0
118.40516662597656 114.0
148.59066772460938 143.0
152.92507934570312 144.0
105.87399291992188 114.0
124.13933563232422 125.0
121.86749267578125 111.0
157.53701782226562 146.0
142.4458770751953 130.0
113.71737670898438 120.0
143.8936767578125 134.0
124.19679260253906 126.0
138.92330932617188 136.0
154.9860076904297 153.0
168.01644897460938 167.0
141.11129760742188 133.0
116.8200912475586 116.0
119.09734344482422 106.0
117.93952941894531 120.0
158.0400390625 161.0
116.45219421386719 129.0
150.80667114257812 150.0
134.76913452148438 130.0
107.74705505371094 110.0
120.644287109375 127.0
129.35333251953125 126.0
139.1655731201172 134.0
150.99398803710938 144.0
114.96611022949219 114.0
102.98054504394531 111.0
123.49202728271484 134.0
134.1947021484375 128.0
163.0576934814453 158.0
115.6880874633789 110.0
156.69039916992188 153.0
146.8942108154297 149.0
166.171142578125 162.0
133.412353515625 132.0
114.61062622070312 117.0
111.47887420654297 122.0
167.70526123046875 159.0
124.07469940185547 126.0
143.33511352539062 154.0
124.93426513671875 132.0
113.2537612915039 124.0
111.80963134765625 112.0
118.46493530273438 119.0
133.61392211914062 139.0
161.9209747314453 167.0
124.25981140136719 135.0
154.3619842529297 160.0
114.45541381835938 122.0
116.42337799072266 118.0
172.0038299560547 176.0
164.68190002441406 169.0
118.27630615234375 127.0
130.5116424560547 134.0
112.19795989990234 121.0
117.85680389404297 122.0
123.35659790039062 128.0
155.24945068359375 154.0
113.4400863647461 108.0
158.09669494628906 155.0
161.61093139648438 167.0
124.26127624511719 130.0
117.73690032958984 115.0
166.1671142578125 167.0
140.72915649414062 148.0
160.04208374023438 171.0
107.09703063964844 111.0
111.06256866455078 122.0
108.6683349609375 106.0
114.98343658447266 114.0
141.2789764404297 143.0
147.6743927001953 144.0
102.94841003417969 114.0
122.4260025024414 125.0
116.54373168945312 111.0
151.14895629882812 146.0
135.90151977539062 130.0
109.23764038085938 120.0
137.7436981201172 134.0
124.35771179199219 126.0
136.33306884765625 136.0
149.6954345703125 153.0
159.8732452392578 167.0
137.59283447265625 133.0
112.81450653076172 116.0
112.40654754638672 106.0
113.78411865234375 120.0
150.64341735839844 161.0
116.41473388671875 129.0
145.74180603027344 150.0
129.1679229736328 130.0
104.07406616210938 110.0
120.10919189453125 127.0
126.84026336669922 126.0
139.18431091308594 134.0
150.0504150390625 144.0
109.63980865478516 114.0
99.00398254394531 111.0
120.22745513916016 134.0
130.51707458496094 128.0
157.8429718017578 158.0
111.73414611816406 110.0
152.12112426757812 153.0
145.21810913085938 149.0
159.4611358642578 162.0
127.88932037353516 132.0
113.13848114013672 117.0
109.06961059570312 122.0
166.19314575195312 159.0
122.92703247070312 126.0
142.21945190429688 154.0
123.65013885498047 132.0
114.75862121582031 124.0
111.02395629882812 112.0
119.59552764892578 119.0
132.84158325195312 139.0
160.7095947265625 167.0
124.79676055908203 135.0
152.1874542236328 160.0
114.27237701416016 122.0
117.73352813720703 118.0
175.85731506347656 176.0
163.04855346679688 169.0
118.57162475585938 127.0
130.3271026611328 134.0
111.61825561523438 121.0
117.45745849609375 122.0
123.84327697753906 128.0
155.80523681640625 154.0
113.08865356445312 108.0
156.97210693359375 155.0
157.46456909179688 167.0
125.8507308959961 130.0
116.54731750488281 115.0
164.8076171875 167.0
140.8675994873047 148.0
158.9078369140625 171.0
107.68599700927734 111.0
113.71881103515625 122.0
109.4912109375 106.0
114.68866729736328 114.0
140.4543914794922 143.0
146.82974243164062 144.0
104.09074401855469 114.0
122.03594207763672 125.0
115.95103454589844 111.0
149.33056640625 146.0
135.3931884765625 130.0
109.6219711303711 120.0
135.18240356445312 134.0
123.3167724609375 126.0
135.06103515625 136.0
148.40855407714844 153.0
161.76844787597656 167.0
135.97454833984375 133.0
112.68197631835938 116.0
111.05162048339844 106.0
113.0834732055664 120.0
149.45516967773438 161.0
115.05915069580078 129.0
145.4035186767578 150.0
131.08741760253906 130.0
104.29559326171875 110.0
117.8515853881836 127.0
125.96405792236328 126.0
138.31832885742188 134.0
148.88157653808594 144.0
111.96875 114.0
101.02970123291016 111.0
120.0064468383789 134.0
129.3682861328125 128.0
156.62680053710938 158.0
112.64592742919922 110.0
149.87100219726562 153.0
142.85772705078125 149.0
159.81155395507812 162.0
128.3297882080078 132.0
113.07710266113281 117.0
110.01168823242188 122.0
163.6422882080078 159.0
121.29060363769531 126.0
139.70083618164062 154.0
121.96834564208984 132.0
111.0118179321289 124.0
109.78805541992188 112.0
115.88247680664062 119.0
131.64239501953125 139.0
157.5415496826172 167.0
122.56456756591797 135.0
152.708984375 160.0
112.63510131835938 122.0
115.54315185546875 118.0
171.28485107421875 176.0
161.87364196777344 169.0
117.41203308105469 127.0
126.67036437988281 134.0
108.26573181152344 121.0
115.97978973388672 122.0
120.17919921875 128.0
153.0723114013672 154.0
111.72511291503906 108.0
154.8184356689453 155.0
157.936279296875 167.0
121.72930908203125 130.0
115.09481811523438 115.0
164.2880401611328 167.0
138.41209411621094 148.0
156.20286560058594 171.0
105.92752075195312 111.0
109.76985168457031 122.0
108.54658508300781 106.0
112.8060531616211 114.0
139.06153869628906 143.0
145.5286407470703 144.0
101.36002349853516 114.0
120.13526916503906 125.0
114.29615783691406 111.0
148.55270385742188 146.0
133.28758239746094 130.0
106.84547424316406 120.0
134.62367248535156 134.0
122.63414001464844 126.0
132.67123413085938 136.0
147.51853942871094 153.0
158.9604949951172 167.0
134.08718872070312 133.0
111.8728256225586 116.0
110.18624114990234 106.0
111.48872375488281 120.0
147.80662536621094 161.0
112.13682556152344 129.0
142.66152954101562 150.0
126.2476806640625 130.0
102.14778900146484 110.0
116.50386810302734 127.0
123.61686706542969 126.0
134.88388061523438 134.0
145.917236328125 144.0
108.21432495117188 114.0
98.4081802368164 111.0
118.7426986694336 134.0
127.92465209960938 128.0
154.1209259033203 158.0
108.77748107910156 110.0
149.05972290039062 153.0
141.8328857421875 149.0
157.01377868652344 162.0
125.14360046386719 132.0
110.91012573242188 117.0
106.44855499267578 122.0
172.57334899902344 159.0
123.85078430175781 126.0
145.30673217773438 154.0
124.87579345703125 132.0
113.87705993652344 124.0
111.45814514160156 112.0
120.03292083740234 119.0
134.0626678466797 139.0
163.77369689941406 167.0
125.42371368408203 135.0
154.33889770507812 160.0
115.08615112304688 122.0
117.02737426757812 118.0
174.3590087890625 176.0
165.93251037597656 169.0
120.0219955444336 127.0
133.98822021484375 134.0
112.8291015625 121.0
117.68330383300781 122.0
126.72480010986328 128.0
158.5684356689453 154.0
114.43231964111328 108.0
159.5289306640625 155.0
162.8326416015625 167.0
127.21009826660156 130.0
119.32550048828125 115.0
166.5984344482422 167.0
143.55535888671875 148.0
159.83175659179688 171.0
107.31529998779297 111.0
111.71426391601562 122.0
108.86976623535156 106.0
115.10580444335938 114.0
144.07815551757812 143.0
150.12789916992188 144.0
103.22642517089844 114.0
122.27377319335938 125.0
118.03302764892578 111.0
151.56341552734375 146.0
136.21609497070312 130.0
109.11148071289062 120.0
138.94329833984375 134.0
124.07740783691406 126.0
138.27838134765625 136.0
150.2243194580078 153.0
162.9862060546875 167.0
139.24398803710938 133.0
114.5295639038086 116.0
114.15116882324219 106.0
114.92298126220703 120.0
152.56578063964844 161.0
116.66075134277344 129.0
150.27601623535156 150.0
133.41525268554688 130.0
104.140380859375 110.0
121.23908233642578 127.0
128.1815643310547 126.0
139.91299438476562 134.0
150.4324951171875 144.0
110.48944091796875 114.0
99.09618377685547 111.0
121.00967407226562 134.0
132.5594482421875 128.0
162.9997100830078 158.0
113.71733093261719 110.0
151.2306365966797 153.0
148.47718811035156 149.0
161.0511474609375 162.0
129.4386444091797 132.0
114.25955963134766 117.0
106.32337188720703 122.0
160.38967895507812 159.0
121.25206756591797 126.0
141.29544067382812 154.0
122.18115234375 132.0
111.8666763305664 124.0
103.60763549804688 112.0
114.232421875 119.0
131.4189453125 139.0
160.0196533203125 167.0
121.964599609375 135.0
152.6026153564453 160.0
111.72178649902344 122.0
114.95744323730469 118.0
167.95498657226562 176.0
162.12399291992188 169.0
116.39459228515625 127.0
125.36560821533203 134.0
106.28002166748047 121.0
109.92095184326172 122.0
119.26853942871094 128.0
152.46963500976562 154.0
111.6904296875 108.0
155.12359619140625 155.0
156.62075805664062 167.0
120.84984588623047 130.0
115.33468627929688 115.0
165.031005859375 167.0
136.55087280273438 148.0
155.5935821533203 171.0
106.07853698730469 111.0
109.706298828125 122.0
105.03469848632812 106.0
112.22258758544922 114.0
140.6246795654297 143.0
144.75521850585938 144.0
100.7896499633789 114.0
118.0357894897461 125.0
113.91079711914062 111.0
148.60630798339844 146.0
133.6931610107422 130.0
106.63789367675781 120.0
133.94296264648438 134.0
116.98262786865234 126.0
131.9166259765625 136.0
148.56582641601562 153.0
157.45582580566406 167.0
130.0142364501953 133.0
111.02876281738281 116.0
109.56920623779297 106.0
111.40687561035156 120.0
148.43409729003906 161.0
110.23989868164062 129.0
140.63027954101562 150.0
125.76599884033203 130.0
102.54913330078125 110.0
113.77503204345703 127.0
122.93170166015625 126.0
133.1422882080078 134.0
144.7669677734375 144.0
106.20120239257812 114.0
97.77608489990234 111.0
118.70582580566406 134.0
127.1644058227539 128.0
152.99774169921875 158.0
107.38924407958984 110.0
148.55531311035156 153.0
138.8573760986328 149.0
156.08253479003906 162.0
126.06739807128906 132.0
109.12178039550781 117.0
103.72189331054688 122.0
166.22906494140625 159.0
122.93311309814453 126.0
142.89981079101562 154.0
123.02325439453125 132.0
113.01799011230469 124.0
109.1728286743164 112.0
117.84345245361328 119.0
134.0298309326172 139.0
162.517578125 167.0
124.38232421875 135.0
152.92507934570312 160.0
113.81629180908203 122.0
116.01963806152344 118.0
171.91497802734375 176.0
164.79324340820312 169.0
117.56668853759766 127.0
128.6630859375 134.0
108.5276870727539 121.0
114.08843231201172 122.0
121.65992736816406 128.0
154.90316772460938 154.0
112.90685272216797 108.0
158.66156005859375 155.0
157.80731201171875 167.0
122.66838073730469 130.0
117.946533203125 115.0
164.94830322265625 167.0
139.88316345214844 148.0
160.03271484375 171.0
105.93630981445312 111.0
110.80178833007812 122.0
108.41394805908203 106.0
113.80756378173828 114.0
142.8572235107422 143.0
146.7906951904297 144.0
101.943603515625 114.0
119.18445587158203 125.0
116.02352905273438 111.0
150.16236877441406 146.0
135.33877563476562 130.0
108.34789276123047 120.0
136.201416015625 134.0
120.0568618774414 126.0
132.64688110351562 136.0
148.879150390625 153.0
159.86660766601562 167.0
134.70053100585938 133.0
112.93013763427734 116.0
112.03759002685547 106.0
113.22639465332031 120.0
151.22703552246094 161.0
111.40496063232422 129.0
143.55384826660156 150.0
129.02938842773438 130.0
102.46868896484375 110.0
115.45758819580078 127.0
124.32675170898438 126.0
135.7486572265625 134.0
147.74600219726562 144.0
110.36248779296875 114.0
99.33153533935547 111.0
119.92253112792969 134.0
130.2026824951172 128.0
156.52487182617188 158.0
111.14667510986328 110.0
150.84524536132812 153.0
142.0689239501953 149.0
159.71755981445312 162.0
127.91262817382812 132.0
110.02044677734375 117.0
105.80015563964844 122.0
154.13217163085938 159.0
113.89761352539062 126.0
130.93963623046875 154.0
114.83746337890625 132.0
105.63021850585938 124.0
101.03466033935547 112.0
105.81242370605469 119.0
125.05288696289062 139.0
149.8585662841797 167.0
115.74525451660156 135.0
146.43630981445312 160.0
104.71212768554688 122.0
107.83393096923828 118.0
159.9530029296875 176.0
152.4226531982422 169.0
108.08050537109375 127.0
114.60855865478516 134.0
102.01051330566406 121.0
106.70773315429688 122.0
109.74372100830078 128.0
144.77880859375 154.0
105.09649658203125 108.0
145.89398193359375 155.0
148.8909454345703 167.0
111.92100524902344 130.0
107.2107925415039 115.0
156.143310546875 167.0
130.6013641357422 148.0
147.74322509765625 171.0
100.14894104003906 111.0
102.662353515625 122.0
99.00366973876953 106.0
106.56722259521484 114.0
131.42123413085938 143.0
135.4363555908203 144.0
94.13045501708984 114.0
113.18971252441406 125.0
104.7438735961914 111.0
140.6166229248047 146.0
125.3673324584961 130.0
98.79563903808594 120.0
125.42816162109375 134.0
113.08228302001953 126.0
124.62460327148438 136.0
141.06884765625 153.0
150.64788818359375 167.0
123.4448471069336 133.0
102.0618667602539 116.0
101.1395034790039 106.0
103.00111389160156 120.0
140.08502197265625 161.0
106.09429931640625 129.0
134.7053680419922 150.0
117.71650695800781 130.0
95.19711303710938 110.0
108.72750091552734 127.0
116.16622924804688 126.0
126.97771453857422 134.0
138.7975311279297 144.0
99.01848602294922 114.0
91.44989013671875 111.0
111.04337310791016 134.0
118.124267578125 128.0
145.38868713378906 158.0
100.30014038085938 110.0
141.78907775878906 153.0
129.74684143066406 149.0
148.69322204589844 162.0
115.27006530761719 132.0
103.16021728515625 117.0
99.4433364868164 122.0
155.27108764648438 159.0
115.6189193725586 126.0
132.6144256591797 154.0
115.95460510253906 132.0
107.84542846679688 124.0
102.71509552001953 112.0
107.11152648925781 119.0
126.50887298583984 139.0
152.13726806640625 167.0
115.94551086425781 135.0
147.59066772460938 160.0
105.1298599243164 122.0
109.10035705566406 118.0
163.65843200683594 176.0
153.953125 169.0
108.6675033569336 127.0
118.46955108642578 134.0
107.14713287353516 121.0
109.46305847167969 122.0
112.13038635253906 128.0
144.75794982910156 154.0
105.88884735107422 108.0
147.2967071533203 155.0
151.1099090576172 167.0
114.48556518554688 130.0
108.09162902832031 115.0
159.85951232910156 167.0
132.5413818359375 148.0
147.38992309570312 171.0
101.33265686035156 111.0
104.43510437011719 122.0
99.3830337524414 106.0
107.27801513671875 114.0
132.6749267578125 143.0
136.06517028808594 144.0
95.22183990478516 114.0
113.85385131835938 125.0
106.52401733398438 111.0
142.19540405273438 146.0
126.96424102783203 130.0
100.15922546386719 120.0
126.10183715820312 134.0
116.68186950683594 126.0
127.50469970703125 136.0
143.35728454589844 153.0
151.1297149658203 167.0
124.8946533203125 133.0
103.26223754882812 116.0
101.93562316894531 106.0
105.02861022949219 120.0
141.37396240234375 161.0
108.51716613769531 129.0
138.3357696533203 150.0
119.06593322753906 130.0
96.57078552246094 110.0
111.45391845703125 127.0
118.91747283935547 126.0
132.12677001953125 134.0
143.9864044189453 144.0
100.3326416015625 114.0
92.21781921386719 111.0
111.98155975341797 134.0
119.461181640625 128.0
146.51498413085938 158.0
101.8975830078125 110.0
143.8284912109375 153.0
133.03167724609375 149.0
148.8253631591797 162.0
117.1219253540039 132.0
106.9114990234375 117.0
100.12606048583984 122.0
160.7127685546875 159.0
118.02897644042969 126.0
137.78863525390625 154.0
119.65825653076172 132.0
111.31646728515625 124.0
106.3128662109375 112.0
112.44302368164062 119.0
130.9495849609375 139.0
158.24252319335938 167.0
120.79086303710938 135.0
154.24722290039062 160.0
109.69856262207031 122.0
113.68278503417969 118.0
176.6809844970703 176.0
161.84852600097656 169.0
114.37510681152344 127.0
123.71565246582031 134.0
108.42073059082031 121.0
112.59969329833984 122.0
117.20439910888672 128.0
152.0003662109375 154.0
110.29972839355469 108.0
153.5510711669922 155.0
155.04037475585938 167.0
120.33888244628906 130.0
113.350341796875 115.0
166.99583435058594 167.0
136.69479370117188 148.0
153.69882202148438 171.0
104.4850845336914 111.0
108.13571166992188 122.0
104.8666000366211 106.0
110.57864379882812 114.0
139.14073181152344 143.0
142.09616088867188 144.0
98.8558578491211 114.0
117.78565979003906 125.0
112.43263244628906 111.0
148.8502197265625 146.0
132.51687622070312 130.0
103.23072052001953 120.0
132.036376953125 134.0
119.84097290039062 126.0
131.24386596679688 136.0
149.39144897460938 153.0
161.6414794921875 167.0
130.06088256835938 133.0
108.93524169921875 116.0
108.0188217163086 106.0
108.96759796142578 120.0
148.4546356201172 161.0
110.38058471679688 129.0
139.3648223876953 150.0
124.16178894042969 130.0
99.45344543457031 110.0
114.2349853515625 127.0
122.77552032470703 126.0
135.34588623046875 134.0
146.49765014648438 144.0
105.16241455078125 114.0
96.36801147460938 111.0
116.09109497070312 134.0
124.1934814453125 128.0
151.60025024414062 158.0
105.64402770996094 110.0
150.12767028808594 153.0
137.5454864501953 149.0
155.6553192138672 162.0
123.67111206054688 132.0
109.60342407226562 117.0
102.27108764648438 122.0
167.37454223632812 159.0
123.09989166259766 126.0
141.5839385986328 154.0
123.59539794921875 132.0
112.35009765625 124.0
109.28609466552734 112.0
116.4227294921875 119.0
133.01527404785156 139.0
160.00228881835938 167.0
124.17051696777344 135.0
152.38551330566406 160.0
113.11897277832031 122.0
116.43941497802734 118.0
170.15719604492188 176.0
163.0369110107422 169.0
118.10123443603516 127.0
128.06211853027344 134.0
108.55558776855469 121.0
115.75422668457031 122.0
122.08234405517578 128.0
154.5692138671875 154.0
112.59175872802734 108.0
157.05300903320312 155.0
160.0230255126953 167.0
123.27240753173828 130.0
115.88138580322266 115.0
163.66201782226562 167.0
139.8660888671875 148.0
158.69607543945312 171.0
105.80793762207031 111.0
109.74566650390625 122.0
107.2422103881836 106.0
113.79129791259766 114.0
141.64987182617188 143.0
147.05313110351562 144.0
102.27410125732422 114.0
121.16133117675781 125.0
114.5782470703125 111.0
149.55670166015625 146.0
134.59661865234375 130.0
107.74040985107422 120.0
135.30323791503906 134.0
122.84444427490234 126.0
134.606689453125 136.0
148.11752319335938 153.0
159.6255340576172 167.0
134.63104248046875 133.0
113.02312469482422 116.0
109.94195556640625 106.0
112.24256134033203 120.0
149.51577758789062 161.0
114.56785583496094 129.0
144.28253173828125 150.0
127.42503356933594 130.0
102.78681182861328 110.0
117.91513061523438 127.0
125.84696960449219 126.0
135.24330139160156 134.0
145.41200256347656 144.0
108.84020233154297 114.0
98.31874084472656 111.0
119.65955352783203 134.0
129.13790893554688 128.0
158.00238037109375 158.0
111.07164001464844 110.0
149.36459350585938 153.0
143.20553588867188 149.0
158.79953002929688 162.0
126.45027160644531 132.0
110.99191284179688 117.0
106.74049377441406 122.0
172.6735382080078 159.0
123.35648345947266 126.0
145.52272033691406 154.0
124.4485855102539 132.0
117.008544921875 124.0
114.43675231933594 112.0
119.36636352539062 119.0
136.1893310546875 139.0
167.9444122314453 167.0
128.83555603027344 135.0
156.70050048828125 160.0
116.19320678710938 122.0
119.91636657714844 118.0
179.59674072265625 176.0
169.79098510742188 169.0
121.54328155517578 127.0
133.52049255371094 134.0
115.23280334472656 121.0
120.7264404296875 122.0
125.82442474365234 128.0
162.3595733642578 154.0
116.2592544555664 108.0
162.65504455566406 155.0
164.74835205078125 167.0
127.77520751953125 130.0
120.55642700195312 115.0
170.0587615966797 167.0
144.0159454345703 148.0
162.31716918945312 171.0
107.7703857421875 111.0
113.70932006835938 122.0
113.69091796875 106.0
115.03999328613281 114.0
146.9928741455078 143.0
149.60000610351562 144.0
104.66001892089844 114.0
125.30426788330078 125.0
122.01203155517578 111.0
153.8728485107422 146.0
140.6055145263672 130.0
108.94026947021484 120.0
140.4707794189453 134.0
127.03489685058594 126.0
138.9182891845703 136.0
153.25291442871094 153.0
166.94256591796875 167.0
139.29049682617188 133.0
115.39966583251953 116.0
114.91567993164062 106.0
114.76168823242188 120.0
155.09632873535156 161.0
115.63980102539062 129.0
151.3164520263672 150.0
131.1544647216797 130.0
103.83202362060547 110.0
119.9870376586914 127.0
128.5474395751953 126.0
145.04554748535156 134.0
154.61474609375 144.0
111.509765625 114.0
101.65373229980469 111.0
121.63184356689453 134.0
131.16973876953125 128.0
163.33587646484375 158.0
113.57058715820312 110.0
153.09701538085938 153.0
145.9803924560547 149.0
166.0216827392578 162.0
130.99111938476562 132.0
114.0452880859375 117.0
110.2806167602539 122.0
167.34141540527344 159.0
123.04872131347656 126.0
144.1199493408203 154.0
124.03311157226562 132.0
113.79732513427734 124.0
106.93879699707031 112.0
115.86891174316406 119.0
129.7008056640625 139.0
160.624755859375 167.0
122.9964599609375 135.0
151.54006958007812 160.0
112.48312377929688 122.0
115.77119445800781 118.0
173.16705322265625 176.0
162.9258270263672 169.0
117.69792938232422 127.0
128.2368927001953 134.0
109.9805908203125 121.0
113.46888732910156 122.0
122.07170867919922 128.0
154.2717742919922 154.0
113.03546142578125 108.0
155.13645935058594 155.0
159.5816650390625 167.0
124.08042907714844 130.0
116.26393127441406 115.0
164.9599609375 167.0
138.7533721923828 148.0
156.05181884765625 171.0
105.6097183227539 111.0
109.71165466308594 122.0
105.303466796875 106.0
114.07754516601562 114.0
140.08999633789062 143.0
146.716796875 144.0
100.92369079589844 114.0
120.23925018310547 125.0
114.25202941894531 111.0
148.9173583984375 146.0
134.4535675048828 130.0
107.61441040039062 120.0
135.89788818359375 134.0
120.53660583496094 126.0
135.85037231445312 136.0
148.04696655273438 153.0
161.22198486328125 167.0
134.22055053710938 133.0
111.44620513916016 116.0
111.44331359863281 106.0
113.63444519042969 120.0
148.79696655273438 161.0
114.7985610961914 129.0
146.0145721435547 150.0
130.05862426757812 130.0
102.69019317626953 110.0
117.50682830810547 127.0
126.31372833251953 126.0
136.8712921142578 134.0
146.92649841308594 144.0
107.39810180664062 114.0
97.65465545654297 111.0
118.96483612060547 134.0
129.57789611816406 128.0
159.56875610351562 158.0
110.91442108154297 110.0
148.98497009277344 153.0
144.1370849609375 149.0
157.70565795898438 162.0
126.77767181396484 132.0
111.3121566772461 117.0
104.51005554199219 122.0
162.16915893554688 159.0
120.27316284179688 126.0
134.95057678222656 154.0
119.26349639892578 132.0
111.60227966308594 124.0
109.74964904785156 112.0
111.82545471191406 119.0
130.5438995361328 139.0
153.59442138671875 167.0
120.88671875 135.0
150.64990234375 160.0
108.89696502685547 122.0
113.96113586425781 118.0
167.9073486328125 176.0
156.3350067138672 169.0
113.51788330078125 127.0
122.19354248046875 134.0
110.2822036743164 121.0
117.14839935302734 122.0
117.14746856689453 128.0
151.34506225585938 154.0
108.69255828857422 108.0
150.70391845703125 155.0
157.40850830078125 167.0
118.33528900146484 130.0
110.59895324707031 115.0
160.74752807617188 167.0
137.52352905273438 148.0
153.20355224609375 171.0
104.75852966308594 111.0
108.65623474121094 122.0
106.2979736328125 106.0
111.3541259765625 114.0
134.48243713378906 143.0
141.06826782226562 144.0
101.83668518066406 114.0
122.19461059570312 125.0
111.44744110107422 111.0
143.84542846679688 146.0
130.3741455078125 130.0
104.50334930419922 120.0
129.4021453857422 134.0
123.24820709228516 126.0
130.79742431640625 136.0
144.6133270263672 153.0
154.913330078125 167.0
131.3238525390625 133.0
110.01014709472656 116.0
104.91285705566406 106.0
107.82820129394531 120.0
143.9816131591797 161.0
112.57291412353516 129.0
142.82357788085938 150.0
121.46070098876953 130.0
100.21846008300781 110.0
117.16693115234375 127.0
123.3042984008789 126.0
140.43704223632812 134.0
150.66201782226562 144.0
105.71253967285156 114.0
96.9460678100586 111.0
116.39115905761719 134.0
124.64522552490234 128.0
151.8440399169922 158.0
107.3504638671875 110.0
146.10769653320312 153.0
139.06948852539062 149.0
154.2264862060547 162.0
120.49357604980469 132.0
110.19032287597656 117.0
110.6383056640625 122.0
156.40147399902344 159.0
117.2996826171875 126.0
134.54376220703125 154.0
117.53423309326172 132.0
107.38006591796875 124.0
102.83848571777344 112.0
108.1971664428711 119.0
127.4322280883789 139.0
154.27169799804688 167.0
116.31947326660156 135.0
148.84222412109375 160.0
107.64978790283203 122.0
109.93807983398438 118.0
168.73419189453125 176.0
156.19223022460938 169.0
109.98088073730469 127.0
117.31966400146484 134.0
104.45059204101562 121.0
111.2776870727539 122.0
112.96517944335938 128.0
146.142333984375 154.0
107.0712661743164 108.0
150.19406127929688 155.0
149.59201049804688 167.0
114.17251586914062 130.0
109.48765563964844 115.0
160.58474731445312 167.0
133.49615478515625 148.0
148.98928833007812 171.0
101.5711898803711 111.0
104.51172637939453 122.0
99.92119598388672 106.0
108.08882904052734 114.0
134.583251953125 143.0
138.89857482910156 144.0
94.93020629882812 114.0
113.65339660644531 125.0
105.50411224365234 111.0
143.4148712158203 146.0
128.22547912597656 130.0
101.6445083618164 120.0
129.4898681640625 134.0
117.45411682128906 126.0
127.02099609375 136.0
142.9490509033203 153.0
154.30615234375 167.0
126.7996597290039 133.0
104.65931701660156 116.0
103.68073272705078 106.0
106.1358642578125 120.0
144.26914978027344 161.0
108.3759994506836 129.0
137.76466369628906 150.0
120.54087829589844 130.0
97.79339599609375 110.0
111.11014556884766 127.0
119.83110809326172 126.0
129.33071899414062 134.0
140.4857177734375 144.0
101.78734588623047 114.0
92.40676879882812 111.0
113.74993896484375 134.0
122.13621520996094 128.0
148.21737670898438 158.0
103.28714752197266 110.0
144.776123046875 153.0
134.96371459960938 149.0
149.8677978515625 162.0
117.83936309814453 132.0
106.03801727294922 117.0
99.24331665039062 122.0
168.54205322265625 159.0
123.0696792602539 126.0
143.14047241210938 154.0
124.08052062988281 132.0
114.54161071777344 124.0
110.94990539550781 112.0
118.07981872558594 119.0
134.01101684570312 139.0
162.68569946289062 167.0
125.3069839477539 135.0
154.9161376953125 160.0
114.38578796386719 122.0
117.59291076660156 118.0
176.59500122070312 176.0
165.30239868164062 169.0
118.7679443359375 127.0
129.9134979248047 134.0
112.52294921875 121.0
117.9005355834961 122.0
123.59976959228516 128.0
157.432373046875 154.0
114.41415405273438 108.0
158.3441619873047 155.0
160.26272583007812 167.0
125.01078033447266 130.0
117.65714263916016 115.0
167.47003173828125 167.0
141.53562927246094 148.0
158.6854705810547 171.0
107.13264465332031 111.0
112.54766082763672 122.0
109.03150939941406 106.0
114.94573974609375 114.0
143.03282165527344 143.0
147.37538146972656 144.0
103.3646011352539 114.0
122.30355834960938 125.0
116.28965759277344 111.0
151.25433349609375 146.0
136.7516632080078 130.0
108.4600830078125 120.0
136.8811492919922 134.0
124.4314956665039 126.0
136.56944274902344 136.0
150.3105926513672 153.0
162.8095245361328 167.0
136.46188354492188 133.0
113.30753326416016 116.0
112.21886444091797 106.0
113.83351135253906 120.0
151.9491729736328 161.0
115.26457977294922 129.0
147.44309997558594 150.0
130.0441436767578 130.0
103.9935531616211 110.0
118.31716918945312 127.0
127.79080200195312 126.0
139.0501708984375 134.0
149.88629150390625 144.0
110.23531341552734 114.0
100.02532196044922 111.0
120.7959976196289 134.0
129.7447052001953 128.0
159.2657470703125 158.0
112.64282989501953 110.0
151.68150329589844 153.0
143.92529296875 149.0
160.40052795410156 162.0
128.54489135742188 132.0
113.01893615722656 117.0
108.47647857666016 122.0
164.92169189453125 159.0
121.57962799072266 126.0
140.75772094726562 154.0
122.397216796875 132.0
113.09103393554688 124.0
109.0361557006836 112.0
115.37432861328125 119.0
132.09060668945312 139.0
159.66592407226562 167.0
122.82652282714844 135.0
153.19053649902344 160.0
112.16348266601562 122.0
115.67475128173828 118.0
173.63613891601562 176.0
162.27294921875 169.0
116.66702270507812 127.0
126.96316528320312 134.0
110.49058532714844 121.0
116.22099304199219 122.0
121.09999084472656 128.0
154.7395477294922 154.0
112.36317443847656 108.0
155.44076538085938 155.0
158.248291015625 167.0
122.40764617919922 130.0
115.20976257324219 115.0
165.2042694091797 167.0
139.25413513183594 148.0
155.9335174560547 171.0
105.9652099609375 111.0
110.54461669921875 122.0
106.60394287109375 106.0
113.22211456298828 114.0
140.39215087890625 143.0
144.92111206054688 144.0
101.97560119628906 114.0
120.32843017578125 125.0
113.612060546875 111.0
148.92568969726562 146.0
133.82760620117188 130.0
106.54534149169922 120.0
134.3404541015625 134.0
123.17289733886719 126.0
134.37069702148438 136.0
148.15567016601562 153.0
159.69207763671875 167.0
133.87718200683594 133.0
111.4605712890625 116.0
109.80189514160156 106.0
111.75277709960938 120.0
149.40589904785156 161.0
113.94114685058594 129.0
144.81495666503906 150.0
127.29669952392578 130.0
102.32246398925781 110.0
116.93855285644531 127.0
125.98473358154297 126.0
137.47531127929688 134.0
148.42063903808594 144.0
107.77537536621094 114.0
97.9971923828125 111.0
118.91641235351562 134.0
127.58952331542969 128.0
155.7997589111328 158.0
110.22443389892578 110.0
149.44607543945312 153.0
141.91122436523438 149.0
157.3792724609375 162.0
125.71376037597656 132.0
111.49778747558594 117.0
106.9014892578125 122.0
163.9605712890625 159.0
119.82870483398438 126.0
140.03443908691406 154.0
121.28038787841797 132.0
112.06613159179688 124.0
107.505615234375 112.0
114.09054565429688 119.0
131.4111328125 139.0
159.14743041992188 167.0
122.2247314453125 135.0
151.96563720703125 160.0
110.86238861083984 122.0
114.51284790039062 118.0
170.64759826660156 176.0
161.26211547851562 169.0
115.4346923828125 127.0
125.51870727539062 134.0
109.17630767822266 121.0
114.46054077148438 122.0
119.35319519042969 128.0
153.95616149902344 154.0
111.26531219482422 108.0
154.62042236328125 155.0
156.55374145507812 167.0
121.23228454589844 130.0
114.24962615966797 115.0
163.651123046875 167.0
138.4676971435547 148.0
154.99583435058594 171.0
105.06866455078125 111.0
109.43541717529297 122.0
106.09504699707031 106.0
112.25398254394531 114.0
139.76065063476562 143.0
143.81008911132812 144.0
100.67357635498047 114.0
119.54825592041016 125.0
112.57266998291016 111.0
147.92221069335938 146.0
132.97348022460938 130.0
104.9495620727539 120.0
133.17160034179688 134.0
120.86075592041016 126.0
133.07333374023438 136.0
147.462890625 153.0
158.0945587158203 167.0
131.94677734375 133.0
110.03335571289062 116.0
108.42166137695312 106.0
110.50715637207031 120.0
148.53826904296875 161.0
112.04887390136719 129.0
143.80099487304688 150.0
125.22386169433594 130.0
100.8290023803711 110.0
115.13960266113281 127.0
124.5531997680664 126.0
136.73023986816406 134.0
147.36138916015625 144.0
105.90045928955078 114.0
96.74785614013672 111.0
117.64530181884766 134.0
125.89591217041016 128.0
154.89166259765625 158.0
108.57046508789062 110.0
147.90066528320312 153.0
139.8043212890625 149.0
157.2583770751953 162.0
124.6318359375 132.0
109.69770812988281 117.0
105.62374877929688 122.0
167.8033905029297 159.0
122.66167449951172 126.0
143.2691192626953 154.0
123.92085266113281 132.0
114.29463195800781 124.0
110.01872253417969 112.0
117.07744598388672 119.0
133.60360717773438 139.0
161.88970947265625 167.0
124.70967102050781 135.0
154.4967803955078 160.0
113.75048065185547 122.0
116.94493103027344 118.0
174.3759002685547 176.0
164.27474975585938 169.0
118.38294219970703 127.0
128.9903564453125 134.0
111.68074035644531 121.0
117.02657318115234 122.0
122.84580993652344 128.0
157.13800048828125 154.0
113.86599731445312 108.0
157.47647094726562 155.0
159.39381408691406 167.0
124.39276123046875 130.0
116.96949768066406 115.0
166.52621459960938 167.0
141.3009796142578 148.0
158.2151336669922 171.0
107.18724060058594 111.0
111.68008422851562 122.0
108.1934814453125 106.0
114.5413818359375 114.0
142.2987060546875 143.0
147.16937255859375 144.0
102.67025756835938 114.0
121.57830810546875 125.0
115.25088500976562 111.0
150.58055114746094 146.0
135.36300659179688 130.0
107.60212707519531 120.0
136.03720092773438 134.0
123.5725326538086 126.0
135.83355712890625 136.0
149.71591186523438 153.0
161.6414337158203 167.0
135.46629333496094 133.0
112.65988159179688 116.0
111.55817413330078 106.0
113.33321380615234 120.0
151.3221435546875 161.0
114.75133514404297 129.0
147.3711700439453 150.0
129.08326721191406 130.0
103.28178405761719 110.0
117.8510971069336 127.0
127.31759643554688 126.0
138.66282653808594 134.0
149.3605499267578 144.0
108.82330322265625 114.0
99.14142608642578 111.0
120.44515228271484 134.0
129.43389892578125 128.0
158.53338623046875 158.0
111.9018325805664 110.0
150.84031677246094 153.0
143.9378662109375 149.0
159.93869018554688 162.0
127.60845184326172 132.0
112.29052734375 117.0
106.8640365600586 122.0
169.88388061523438 159.0
125.18297576904297 126.0
145.32278442382812 154.0
126.01023864746094 132.0
116.72415161132812 124.0
112.57821655273438 112.0
119.92063903808594 119.0
135.90135192871094 139.0
164.41610717773438 167.0
127.09886932373047 135.0
156.7600555419922 160.0
115.9286880493164 122.0
119.45198822021484 118.0
177.01873779296875 176.0
167.1162872314453 169.0
121.0628890991211 127.0
132.36166381835938 134.0
113.94454956054688 121.0
119.33985900878906 122.0
125.78502655029297 128.0
159.54531860351562 154.0
115.729248046875 108.0
160.34432983398438 155.0
161.6024627685547 167.0
127.23342895507812 130.0
118.98919677734375 115.0
169.1616973876953 167.0
143.40296936035156 148.0
161.0110626220703 171.0
109.1156997680664 111.0
114.20820617675781 122.0
110.37765502929688 106.0
116.67263793945312 114.0
144.72682189941406 143.0
150.05125427246094 144.0
105.67212677001953 114.0
124.29309844970703 125.0
117.91228485107422 111.0
153.03990173339844 146.0
137.84140014648438 130.0
110.17477416992188 120.0
138.18568420410156 134.0
125.74684143066406 126.0
138.1186065673828 136.0
152.16261291503906 153.0
163.92489624023438 167.0
138.2572784423828 133.0
115.79106140136719 116.0
113.5509262084961 106.0
115.48126220703125 120.0
153.71426391601562 161.0
116.83177947998047 129.0
149.8329620361328 150.0
131.81756591796875 130.0
105.33428955078125 110.0
120.27007293701172 127.0
129.6024627685547 126.0
142.36160278320312 134.0
152.31887817382812 144.0
111.92822265625 114.0
101.53938293457031 111.0
122.6677474975586 134.0
132.26873779296875 128.0
160.4545440673828 158.0
114.61817932128906 110.0
152.93360900878906 153.0
146.9845733642578 149.0
162.44174194335938 162.0
130.2681121826172 132.0
114.1658935546875 117.0
110.59122467041016 122.0
164.98214721679688 159.0
121.04701232910156 126.0
141.4233856201172 154.0
122.57405090332031 132.0
112.46319580078125 124.0
107.6176528930664 112.0
114.95387268066406 119.0
131.57398986816406 139.0
159.56381225585938 167.0
122.77565002441406 135.0
153.08291625976562 160.0
112.15618896484375 122.0
115.54588317871094 118.0
174.12753295898438 176.0
162.50088500976562 169.0
116.98612976074219 127.0
127.57079315185547 134.0
109.40029907226562 121.0
114.69999694824219 122.0
121.01262664794922 128.0
154.8444061279297 154.0
112.38851165771484 108.0
155.6374969482422 155.0
157.519287109375 167.0
122.87765502929688 130.0
115.41714477539062 115.0
165.23056030273438 167.0
138.96044921875 148.0
156.4621124267578 171.0
105.13446044921875 111.0
109.98738098144531 122.0
106.45487213134766 106.0
113.02645111083984 114.0
140.144287109375 143.0
145.17947387695312 144.0
100.5728759765625 114.0
119.49920654296875 125.0
113.33621215820312 111.0
149.13307189941406 146.0
133.75376892089844 130.0
106.03752136230469 120.0
134.27862548828125 134.0
121.66561126708984 126.0
133.98577880859375 136.0
148.2968292236328 153.0
160.13609313964844 167.0
133.49537658691406 133.0
110.97357940673828 116.0
109.7758560180664 106.0
111.53609466552734 120.0
149.3546905517578 161.0
113.09994506835938 129.0
144.89505004882812 150.0
128.1644287109375 130.0
101.8658447265625 110.0
116.09671783447266 127.0
125.53466033935547 126.0
135.87188720703125 134.0
146.51332092285156 144.0
107.4502944946289 114.0
97.66564178466797 111.0
118.53612518310547 134.0
127.73609924316406 128.0
155.83421325683594 158.0
110.26343536376953 110.0
149.38381958007812 153.0
142.05758666992188 149.0
157.9837646484375 162.0
125.86162567138672 132.0
110.48371124267578 117.0
104.88363647460938 122.0
163.8192596435547 159.0
121.13434600830078 126.0
141.32310485839844 154.0
122.26521301269531 132.0
112.34622955322266 124.0
107.45098114013672 112.0
115.53178405761719 119.0
129.65707397460938 139.0
158.48777770996094 167.0
121.53240203857422 135.0
151.31399536132812 160.0
110.88681030273438 122.0
114.77789306640625 118.0
169.34962463378906 176.0
161.1339874267578 169.0
116.04730224609375 127.0
127.25465393066406 134.0
108.52433776855469 121.0
113.8984375 122.0
120.64127349853516 128.0
152.78231811523438 154.0
111.61983489990234 108.0
153.96182250976562 155.0
156.8226318359375 167.0
122.02344512939453 130.0
114.85968017578125 115.0
163.38302612304688 167.0
137.10736083984375 148.0
155.26416015625 171.0
104.59546661376953 111.0
109.12010192871094 122.0
105.0383071899414 106.0
112.67904663085938 114.0
139.19094848632812 143.0
144.94845581054688 144.0
100.6995849609375 114.0
119.03489685058594 125.0
112.8709716796875 111.0
148.06268310546875 146.0
132.69827270507812 130.0
105.94020080566406 120.0
133.75131225585938 134.0
120.84709930419922 126.0
133.70355224609375 136.0
146.8413848876953 153.0
156.96986389160156 167.0
133.00143432617188 133.0
110.85066986083984 116.0
109.49565124511719 106.0
111.71279907226562 120.0
147.980224609375 161.0
112.51995086669922 129.0
142.49746704101562 150.0
126.3645248413086 130.0
101.30585479736328 110.0
115.85772705078125 127.0
125.05559539794922 126.0
135.35855102539062 134.0
145.154052734375 144.0
106.65286254882812 114.0
96.51081848144531 111.0
117.84861755371094 134.0
127.6322021484375 128.0
154.63247680664062 158.0
109.76486206054688 110.0
148.27182006835938 153.0
141.66615295410156 149.0
156.08338928222656 162.0
126.0960922241211 132.0
109.8935775756836 117.0
104.3696060180664 122.0
163.0869140625 159.0
120.0771484375 126.0
140.0443572998047 154.0
121.09410095214844 132.0
111.87307739257812 124.0
107.11692810058594 112.0
114.13965606689453 119.0
130.06546020507812 139.0
158.30996704101562 167.0
121.20952606201172 135.0
151.06373596191406 160.0
110.58683776855469 122.0
114.09163665771484 118.0
170.73336791992188 176.0
160.71832275390625 169.0
115.08100891113281 127.0
125.68473815917969 134.0
108.88660430908203 121.0
113.7265625 122.0
119.4535140991211 128.0
153.3018341064453 154.0
111.02101135253906 108.0
153.86300659179688 155.0
155.71067810058594 167.0
121.16397857666016 130.0
114.12137603759766 115.0
163.02664184570312 167.0
137.4259490966797 148.0
154.5683135986328 171.0
104.4795150756836 111.0
108.9491958618164 122.0
105.08454132080078 106.0
111.9327621459961 114.0
139.06304931640625 143.0
144.0712432861328 144.0
99.90666198730469 114.0
118.45645141601562 125.0
112.05242919921875 111.0
147.57815551757812 146.0
132.276611328125 130.0
104.77995300292969 120.0
132.9180145263672 134.0
120.55274200439453 126.0
132.866943359375 136.0
146.45245361328125 153.0
158.06918334960938 167.0
132.11532592773438 133.0
109.57711791992188 116.0
108.23738098144531 106.0
110.59394073486328 120.0
148.00857543945312 161.0
111.75041198730469 129.0
143.05194091796875 150.0
126.10197448730469 130.0
100.43657684326172 110.0
115.09790802001953 127.0
124.00591278076172 126.0
135.8629150390625 134.0
145.85882568359375 144.0
105.92289733886719 114.0
96.23119354248047 111.0
117.37501525878906 134.0
126.17127990722656 128.0
154.10264587402344 158.0
108.7781982421875 110.0
147.680419921875 153.0
140.22610473632812 149.0
156.0823974609375 162.0
124.57652282714844 132.0
109.45416259765625 117.0
104.01465606689453 122.0
163.60000610351562 159.0
119.79717254638672 126.0
139.52586364746094 154.0
121.13233947753906 132.0
111.94501495361328 124.0
108.02987670898438 112.0
113.61183166503906 119.0
130.40504455566406 139.0
157.35528564453125 167.0
121.57626342773438 135.0
151.36993408203125 160.0
110.31385040283203 122.0
114.34956359863281 118.0
172.845703125 176.0
160.06553649902344 169.0
115.82568359375 127.0
126.16320037841797 134.0
109.43150329589844 121.0
114.72582244873047 122.0
120.04400634765625 128.0
153.91531372070312 154.0
111.11678314208984 108.0
153.06387329101562 155.0
156.4107666015625 167.0
122.1802749633789 130.0
113.69412994384766 115.0
162.99188232421875 167.0
137.4904022216797 148.0
154.1021728515625 171.0
105.16729736328125 111.0
109.55997467041016 122.0
105.72888946533203 106.0
112.02579498291016 114.0
138.5185089111328 143.0
143.79769897460938 144.0
100.57107543945312 114.0
119.01226043701172 125.0
112.36490631103516 111.0
147.05650329589844 146.0
131.74188232421875 130.0
105.00814056396484 120.0
132.12115478515625 134.0
121.5369873046875 126.0
133.07476806640625 136.0
146.35552978515625 153.0
159.6358642578125 167.0
132.62875366210938 133.0
110.23106384277344 116.0
108.2552261352539 106.0
110.32269287109375 120.0
147.3953857421875 161.0
112.15996551513672 129.0
143.4956817626953 150.0
127.22215270996094 130.0
100.87311553955078 110.0
115.43534088134766 127.0
124.3702163696289 126.0
136.36619567871094 134.0
146.65240478515625 144.0
106.46841430664062 114.0
97.26978302001953 111.0
117.75308990478516 134.0
126.08491516113281 128.0
154.46444702148438 158.0
109.42427825927734 110.0
147.36427307128906 153.0
140.72239685058594 149.0
156.24310302734375 162.0
124.49053955078125 132.0
109.98494720458984 117.0
104.99279022216797 122.0
164.6581268310547 159.0
120.94110107421875 126.0
140.52122497558594 154.0
122.24491882324219 132.0
112.2604751586914 124.0
108.41725158691406 112.0
114.46229553222656 119.0
131.4147491455078 139.0
159.16603088378906 167.0
122.42375183105469 135.0
152.6711883544922 160.0
111.17152404785156 122.0
114.74543762207031 118.0
172.6728057861328 176.0
161.72186279296875 169.0
116.04647827148438 127.0
126.28730773925781 134.0
109.01171875 121.0
115.21441650390625 122.0
120.0463638305664 128.0
154.36927795410156 154.0
111.7607421875 108.0
154.62086486816406 155.0
157.87893676757812 167.0
121.87982940673828 130.0
114.5650863647461 115.0
164.2217559814453 167.0
138.45074462890625 148.0
155.76629638671875 171.0
105.63090515136719 111.0
109.36984252929688 122.0
106.00743103027344 106.0
112.78788757324219 114.0
140.00596618652344 143.0
144.90673828125 144.0
100.79317474365234 114.0
119.56071472167969 125.0
112.712646484375 111.0
148.60446166992188 146.0
132.8914794921875 130.0
105.71551513671875 120.0
133.70849609375 134.0
121.99235534667969 126.0
133.76731872558594 136.0
147.47898864746094 153.0
159.70849609375 167.0
133.43099975585938 133.0
110.6834716796875 116.0
109.0225830078125 106.0
111.1456298828125 120.0
148.9604949951172 161.0
112.81866455078125 129.0
143.8172149658203 150.0
126.68077087402344 130.0
101.2706527709961 110.0
116.33212280273438 127.0
125.06158447265625 126.0
136.2797393798828 134.0
147.01553344726562 144.0
106.45994567871094 114.0
97.16325378417969 111.0
118.26927185058594 134.0
127.16203308105469 128.0
155.7291259765625 158.0
109.45172119140625 110.0
148.99102783203125 153.0
141.63360595703125 149.0
157.2897491455078 162.0
125.21060180664062 132.0
110.13796997070312 117.0
105.12788391113281 122.0
