90.46247863769531 159.0
102.85636901855469 126.0
104.83561706542969 154.0
93.81513977050781 132.0
86.37603759765625 124.0
99.69562530517578 112.0
106.0278549194336 119.0
92.98173522949219 139.0
102.05783081054688 167.0
97.11849975585938 135.0
99.0480728149414 160.0
90.0296859741211 122.0
100.82878112792969 118.0
86.2381820678711 176.0
116.07186126708984 169.0
102.54457092285156 127.0
112.74116516113281 134.0
87.75875854492188 121.0
92.14064025878906 122.0
106.52822875976562 128.0
91.56912994384766 154.0
89.26092529296875 108.0
95.42150115966797 155.0
105.91073608398438 167.0
102.21571350097656 130.0
99.15251159667969 115.0
97.97522735595703 167.0
61.803585052490234 148.0
128.88681030273438 171.0
83.31664276123047 111.0
87.27413940429688 122.0
110.19281768798828 106.0
89.38618469238281 114.0
98.87054443359375 143.0
110.25762939453125 144.0
123.29826354980469 114.0
135.23822021484375 125.0
118.90274810791016 111.0
115.47553253173828 146.0
119.09992218017578 130.0
95.81600189208984 120.0
107.94439697265625 134.0
90.30655670166016 126.0
96.87152862548828 136.0
101.88002014160156 153.0
89.34861755371094 167.0
121.08674621582031 133.0
122.29558563232422 116.0
95.02737426757812 106.0
98.6695556640625 120.0
97.19538879394531 161.0
75.83708953857422 129.0
68.52576446533203 150.0
91.27249145507812 130.0
83.42391204833984 110.0
104.1385498046875 127.0
81.4119644165039 126.0
131.738525390625 134.0
88.65499114990234 144.0
88.063720703125 114.0
81.61666870117188 111.0
89.51586151123047 134.0
112.095703125 128.0
90.48741149902344 158.0
99.6761245727539 110.0
93.32588958740234 153.0
114.1043701171875 149.0
93.69003295898438 162.0
109.62980651855469 132.0
69.2396240234375 117.0
177.70790100097656 122.0
103.0602035522461 159.0
72.06956481933594 126.0
80.68508911132812 154.0
64.20909881591797 132.0
62.358062744140625 124.0
51.08262634277344 112.0
62.88542938232422 119.0
90.10460662841797 139.0
103.67453002929688 167.0
70.74844360351562 135.0
96.84127044677734 160.0
64.59933471679688 122.0
61.88740539550781 118.0
108.89199829101562 176.0
98.26537322998047 169.0
78.23219299316406 127.0
85.80615997314453 134.0
72.0730972290039 121.0
54.91681671142578 122.0
80.68304443359375 128.0
98.31138610839844 154.0
66.20245361328125 108.0
100.04573059082031 155.0
97.87407684326172 167.0
74.3299560546875 130.0
70.46233367919922 115.0
98.32337951660156 167.0
85.01344299316406 148.0
90.10551452636719 171.0
58.53752899169922 111.0
62.21330261230469 122.0
52.44147872924805 106.0
58.73019790649414 114.0
96.62274932861328 143.0
89.02953338623047 144.0
66.26172637939453 114.0
74.22541809082031 125.0
64.31858825683594 111.0
95.59013366699219 146.0
81.65847778320312 130.0
64.22403717041016 120.0
88.5399398803711 134.0
56.453548431396484 126.0
82.58368682861328 136.0
88.51033020019531 153.0
97.1625747680664 167.0
75.8203125 133.0
65.27168273925781 116.0
70.30463409423828 106.0
63.656036376953125 120.0
98.61860656738281 161.0
68.85691833496094 129.0
91.56141662597656 150.0
89.0175552368164 130.0
60.41764831542969 110.0
72.08824157714844 127.0
72.43473052978516 126.0
95.78934478759766 134.0
102.412841796875 144.0
58.424007415771484 114.0
53.925724029541016 111.0
73.54309844970703 134.0
83.94756317138672 128.0
97.07269287109375 158.0
69.1356430053711 110.0
88.563720703125 153.0
89.15605163574219 149.0
89.87767028808594 162.0
77.21269226074219 132.0
66.82279205322266 117.0
48.99924850463867 122.0
148.01699829101562 159.0
112.213134765625 126.0
123.90245819091797 154.0
107.93455505371094 132.0
102.83854675292969 124.0
78.39461517333984 112.0
104.20320129394531 119.0
126.95710754394531 139.0
150.59375 167.0
114.66041564941406 135.0
153.14834594726562 160.0
105.90410614013672 122.0
108.20177459716797 118.0
143.87335205078125 176.0
151.14102172851562 169.0
117.53942108154297 127.0
124.21453094482422 134.0
96.13906860351562 121.0
79.84037017822266 122.0
117.90918731689453 128.0
137.39166259765625 154.0
102.66665649414062 108.0
147.56829833984375 155.0
144.93536376953125 167.0
117.72373962402344 130.0
106.216796875 115.0
154.46572875976562 167.0
112.58390045166016 148.0
143.60861206054688 171.0
95.9939193725586 111.0
110.43653106689453 122.0
86.05353546142578 106.0
100.94916534423828 114.0
131.60321044921875 143.0
135.4178466796875 144.0
112.2671127319336 114.0
120.1933364868164 125.0
98.50382232666016 111.0
145.83621215820312 146.0
120.57740783691406 130.0
105.20787811279297 120.0
123.81048583984375 134.0
86.71072387695312 126.0
122.58041381835938 136.0
147.02105712890625 153.0
144.17666625976562 167.0
115.87420654296875 133.0
101.53240966796875 116.0
105.66029357910156 106.0
103.89864349365234 120.0
137.06423950195312 161.0
100.57542419433594 129.0
130.1096649169922 150.0
130.3124237060547 130.0
100.90149688720703 110.0
107.9551010131836 127.0
115.28312683105469 126.0
138.5358428955078 134.0
130.833251953125 144.0
97.02851867675781 114.0
98.02032470703125 111.0
110.2369613647461 134.0
121.92390441894531 128.0
132.88243103027344 158.0
109.23480224609375 110.0
143.15896606445312 153.0
131.95262145996094 149.0
134.8865966796875 162.0
118.34100341796875 132.0
98.46873474121094 117.0
110.63481140136719 122.0
117.89646911621094 159.0
79.29570007324219 126.0
90.19291687011719 154.0
75.62722778320312 132.0
71.20379638671875 124.0
83.47159576416016 112.0
66.23226165771484 119.0
88.87572479248047 139.0
109.49516296386719 167.0
78.77848815917969 135.0
120.51424407958984 160.0
80.00017547607422 122.0
70.81746673583984 118.0
122.49345397949219 176.0
117.58274841308594 169.0
82.4285659790039 127.0
82.39723205566406 134.0
85.66145324707031 121.0
88.75869750976562 122.0
81.73278045654297 128.0
92.20938110351562 154.0
84.0138931274414 108.0
106.53274536132812 155.0
113.55270385742188 167.0
76.39320373535156 130.0
82.76443481445312 115.0
122.96834564208984 167.0
94.56732177734375 148.0
99.89947509765625 171.0
63.72162628173828 111.0
54.98871612548828 122.0
63.477989196777344 106.0
70.92694091796875 114.0
94.69650268554688 143.0
93.66786193847656 144.0
56.97553634643555 114.0
72.8477783203125 125.0
73.96156311035156 111.0
113.72066497802734 146.0
86.21238708496094 130.0
70.06704711914062 120.0
98.90898132324219 134.0
91.8415298461914 126.0
93.88631439208984 136.0
109.25150299072266 153.0
116.62774658203125 167.0
97.95116424560547 133.0
61.838497161865234 116.0
86.03491973876953 106.0
71.52820587158203 120.0
105.03404235839844 161.0
85.2982177734375 129.0
93.16754150390625 150.0
97.97019958496094 130.0
67.49252319335938 110.0
92.28996276855469 127.0
86.97534942626953 126.0
91.30076599121094 134.0
105.95018768310547 144.0
59.541648864746094 114.0
57.05531311035156 111.0
76.2608642578125 134.0
88.2545166015625 128.0
101.8365478515625 158.0
71.42774963378906 110.0
110.99644470214844 153.0
104.23407745361328 149.0
85.83818054199219 162.0
73.4594955444336 132.0
81.8221435546875 117.0
23.347137451171875 122.0
134.51971435546875 159.0
90.92646026611328 126.0
106.05347442626953 154.0
89.94603729248047 132.0
86.01161193847656 124.0
92.21884155273438 112.0
99.701171875 119.0
104.09972381591797 139.0
121.10172271728516 167.0
98.7020034790039 135.0
125.30172729492188 160.0
92.68122100830078 122.0
94.71371459960938 118.0
131.35372924804688 176.0
129.23660278320312 169.0
99.072998046875 127.0
110.40829467773438 134.0
104.32649230957031 121.0
99.18901062011719 122.0
104.68489074707031 128.0
115.7813949584961 154.0
90.62500762939453 108.0
118.52973937988281 155.0
122.43716430664062 167.0
103.21859741210938 130.0
93.68622589111328 115.0
127.79434204101562 167.0
106.62763214111328 148.0
124.15778350830078 171.0
81.88664245605469 111.0
88.67762756347656 122.0
86.45643615722656 106.0
88.21229553222656 114.0
105.30818176269531 143.0
109.74163055419922 144.0
95.55945587158203 114.0
105.66468048095703 125.0
95.71023559570312 111.0
121.84796142578125 146.0
106.50247192382812 130.0
90.1711654663086 120.0
104.59681701660156 134.0
96.32807922363281 126.0
107.51815795898438 136.0
120.63703918457031 153.0
123.36033630371094 167.0
112.60521697998047 133.0
95.40576934814453 116.0
93.88197326660156 106.0
91.50035095214844 120.0
113.90000915527344 161.0
94.08314514160156 129.0
118.57427978515625 150.0
105.95756530761719 130.0
86.4737777709961 110.0
99.36104583740234 127.0
100.03372192382812 126.0
126.66011810302734 134.0
126.59225463867188 144.0
92.65879821777344 114.0
83.07244110107422 111.0
93.34671783447266 134.0
102.30818176269531 128.0
116.99258422851562 158.0
100.3572006225586 110.0
117.35916137695312 153.0
114.0272216796875 149.0
115.35133361816406 162.0
103.78990936279297 132.0
88.21730041503906 117.0
94.29428100585938 122.0
163.67807006835938 159.0
100.54338836669922 126.0
125.28611755371094 154.0
103.73050689697266 132.0
93.26708221435547 124.0
92.0356216430664 112.0
114.6551513671875 119.0
122.30168151855469 139.0
148.234130859375 167.0
113.7777099609375 135.0
138.3290557861328 160.0
108.66616821289062 122.0
102.37255859375 118.0
153.77227783203125 176.0
151.2150115966797 169.0
108.11103820800781 127.0
129.5386199951172 134.0
95.89576721191406 121.0
91.7590103149414 122.0
119.7335205078125 128.0
132.54745483398438 154.0
104.7791976928711 108.0
145.3093719482422 155.0
138.43353271484375 167.0
116.8136978149414 130.0
114.29313659667969 115.0
142.1541290283203 167.0
119.68800354003906 148.0
142.2926483154297 171.0
88.77182006835938 111.0
95.2726821899414 122.0
93.14189910888672 106.0
95.46118927001953 114.0
129.38204956054688 143.0
129.0744171142578 144.0
91.16792297363281 114.0
105.82341003417969 125.0
109.6523666381836 111.0
142.242919921875 146.0
125.09117126464844 130.0
104.4063720703125 120.0
126.97705078125 134.0
93.27629089355469 126.0
125.86184692382812 136.0
133.97415161132812 153.0
149.3238525390625 167.0
126.29611206054688 133.0
101.84076690673828 116.0
114.83206176757812 106.0
104.62736511230469 120.0
136.12826538085938 161.0
102.11991119384766 129.0
133.56910705566406 150.0
125.91962432861328 130.0
94.6831283569336 110.0
101.11589050292969 127.0
112.80789947509766 126.0
113.54359436035156 134.0
120.57545471191406 144.0
98.80052185058594 114.0
91.264892578125 111.0
102.79241943359375 134.0
114.9156723022461 128.0
143.57666015625 158.0
109.25259399414062 110.0
131.77725219726562 153.0
126.40371704101562 149.0
129.52020263671875 162.0
122.7059097290039 132.0
97.64157104492188 117.0
75.86650848388672 122.0
169.409423828125 159.0
114.59647369384766 126.0
139.30780029296875 154.0
113.73577117919922 132.0
110.40437316894531 124.0
117.28865814208984 112.0
133.43690490722656 119.0
137.77786254882812 139.0
159.2746124267578 167.0
126.64392852783203 135.0
146.96287536621094 160.0
123.92835235595703 122.0
126.14346313476562 118.0
176.58209228515625 176.0
170.33807373046875 169.0
129.7283477783203 127.0
147.16806030273438 134.0
129.9330596923828 121.0
121.7083969116211 122.0
139.336181640625 128.0
146.64976501464844 154.0
117.77964782714844 108.0
156.22064208984375 155.0
143.67098999023438 167.0
140.7299346923828 130.0
124.06964874267578 115.0
156.61428833007812 167.0
128.21109008789062 148.0
153.5683135986328 171.0
105.54104614257812 111.0
122.80847930908203 122.0
122.22559356689453 106.0
110.04605102539062 114.0
143.0057373046875 143.0
151.29611206054688 144.0
117.05865478515625 114.0
126.8036117553711 125.0
125.22872161865234 111.0
155.15008544921875 146.0
147.6327362060547 130.0
118.70074462890625 120.0
138.20831298828125 134.0
120.14662170410156 126.0
132.1957550048828 136.0
147.00228881835938 153.0
169.4258270263672 167.0
148.8164825439453 133.0
125.22323608398438 116.0
123.04766082763672 106.0
119.46260070800781 120.0
146.74684143066406 161.0
103.5000991821289 129.0
143.8000946044922 150.0
147.68814086914062 130.0
107.8516616821289 110.0
112.25257873535156 127.0
120.65251159667969 126.0
152.9705047607422 134.0
147.55955505371094 144.0
124.9387435913086 114.0
117.39220428466797 111.0
119.5270767211914 134.0
135.58197021484375 128.0
150.34449768066406 158.0
132.4161376953125 110.0
140.90528869628906 153.0
145.83778381347656 149.0
148.4942169189453 162.0
147.77639770507812 132.0
108.7781982421875 117.0
103.41627502441406 122.0
152.97518920898438 159.0
113.45518493652344 126.0
123.46784973144531 154.0
110.67017364501953 132.0
121.44835662841797 124.0
130.24282836914062 112.0
121.85443115234375 119.0
126.59114074707031 139.0
137.89158630371094 167.0
125.42049407958984 135.0
144.1068572998047 160.0
112.15338134765625 122.0
126.45463562011719 118.0
153.65663146972656 176.0
146.35279846191406 169.0
126.17218780517578 127.0
140.96142578125 134.0
125.72273254394531 121.0
132.19454956054688 122.0
134.05303955078125 128.0
142.67990112304688 154.0
110.00617980957031 108.0
135.66310119628906 155.0
150.44190979003906 167.0
133.81289672851562 130.0
106.58795928955078 115.0
147.9727325439453 167.0
128.9690399169922 148.0
151.1796875 171.0
108.92819213867188 111.0
127.65975952148438 122.0
128.40904235839844 106.0
111.46257781982422 114.0
121.40473937988281 143.0
130.6721649169922 144.0
137.5412139892578 114.0
146.5227813720703 125.0
131.54119873046875 111.0
132.36851501464844 146.0
129.84490966796875 130.0
109.5810546875 120.0
117.31832122802734 134.0
125.36614990234375 126.0
128.1409149169922 136.0
140.63565063476562 153.0
147.54124450683594 167.0
147.99365234375 133.0
124.94039916992188 116.0
104.50325775146484 106.0
108.9092788696289 120.0
126.68267059326172 161.0
117.47029113769531 129.0
128.71900939941406 150.0
132.4123992919922 130.0
107.13592529296875 110.0
125.0496826171875 127.0
121.11114501953125 126.0
158.5066375732422 134.0
159.6774444580078 144.0
120.22293090820312 114.0
121.04963684082031 111.0
117.33779907226562 134.0
129.1019287109375 128.0
136.82186889648438 158.0
137.1908721923828 110.0
133.91868591308594 153.0
144.70089721679688 149.0
146.971435546875 162.0
127.55973815917969 132.0
113.59468841552734 117.0
146.65255737304688 122.0
147.53195190429688 159.0
107.48351287841797 126.0
123.88744354248047 154.0
107.05792236328125 132.0
96.24214935302734 124.0
89.95452880859375 112.0
107.20010375976562 119.0
123.5561752319336 139.0
143.4869842529297 167.0
111.44425964355469 135.0
139.17776489257812 160.0
102.13140106201172 122.0
107.61767578125 118.0
139.66067504882812 176.0
140.5491943359375 169.0
108.22010803222656 127.0
120.99539184570312 134.0
88.09222412109375 121.0
94.89655303955078 122.0
113.33235168457031 128.0
135.1845703125 154.0
99.05245971679688 108.0
139.61276245117188 155.0
142.0159912109375 167.0
110.78706359863281 130.0
103.49051666259766 115.0
144.3941650390625 167.0
116.4962158203125 148.0
142.74453735351562 171.0
96.40924835205078 111.0
103.93761444091797 122.0
94.65403747558594 106.0
97.8576431274414 114.0
126.45744323730469 143.0
126.60262298583984 144.0
98.83914184570312 114.0
118.52403259277344 125.0
100.1771469116211 111.0
132.79551696777344 146.0
120.49873352050781 130.0
103.08858489990234 120.0
117.87954711914062 134.0
97.98016357421875 126.0
121.84173583984375 136.0
134.9541015625 153.0
141.3899688720703 167.0
118.29188537597656 133.0
100.03553009033203 116.0
98.32711029052734 106.0
101.0109634399414 120.0
131.15432739257812 161.0
101.18394470214844 129.0
122.5255126953125 150.0
111.76786804199219 130.0
95.24053192138672 110.0
104.42724609375 127.0
108.54425811767578 126.0
120.09967041015625 134.0
122.51441192626953 144.0
99.38959503173828 114.0
98.80844116210938 111.0
105.58851623535156 134.0
116.50638580322266 128.0
137.6330108642578 158.0
107.83219909667969 110.0
130.37612915039062 153.0
125.84750366210938 149.0
138.578369140625 162.0
113.89458465576172 132.0
96.32164764404297 117.0
95.769775390625 122.0
184.7906951904297 159.0
123.95991516113281 126.0
145.34414672851562 154.0
124.17799377441406 132.0
117.08589172363281 124.0
124.00341033935547 112.0
120.61366271972656 119.0
147.31321716308594 139.0
178.34002685546875 167.0
130.03530883789062 135.0
172.80979919433594 160.0
117.4449462890625 122.0
117.15142822265625 118.0
175.15838623046875 176.0
170.66114807128906 169.0
118.19009399414062 127.0
132.43240356445312 134.0
123.62844848632812 121.0
132.88882446289062 122.0
126.062255859375 128.0
158.93618774414062 154.0
117.2762680053711 108.0
170.50250244140625 155.0
176.72898864746094 167.0
122.25982666015625 130.0
122.84664154052734 115.0
182.95941162109375 167.0
151.95281982421875 148.0
165.95553588867188 171.0
111.41941833496094 111.0
110.29553985595703 122.0
111.56661224365234 106.0
113.52702331542969 114.0
153.23117065429688 143.0
145.82574462890625 144.0
103.20294952392578 114.0
135.4860076904297 125.0
115.6961898803711 111.0
158.40179443359375 146.0
141.1320343017578 130.0
111.72856140136719 120.0
143.27792358398438 134.0
132.10272216796875 126.0
146.91659545898438 136.0
167.16558837890625 153.0
172.51815795898438 167.0
145.04190063476562 133.0
108.83232116699219 116.0
115.03562927246094 106.0
115.17738342285156 120.0
161.9667205810547 161.0
127.51626586914062 129.0
153.23825073242188 150.0
130.51852416992188 130.0
104.64927673339844 110.0
131.83399963378906 127.0
134.5861358642578 126.0
153.70053100585938 134.0
167.05836486816406 144.0
104.51416778564453 114.0
101.1197280883789 111.0
121.39075469970703 134.0
133.8374481201172 128.0
168.5732421875 158.0
117.67369079589844 110.0
163.16334533691406 153.0
150.502685546875 149.0
162.84861755371094 162.0
126.7331314086914 132.0
124.89722442626953 117.0
97.17882537841797 122.0
164.86361694335938 159.0
125.83930969238281 126.0
139.5198974609375 154.0
122.98889923095703 132.0
115.43803405761719 124.0
113.34130096435547 112.0
118.53182983398438 119.0
135.79302978515625 139.0
167.23001098632812 167.0
124.57987213134766 135.0
168.5196075439453 160.0
119.11680603027344 122.0
123.61485290527344 118.0
176.57073974609375 176.0
164.7443084716797 169.0
120.00657653808594 127.0
117.11128997802734 134.0
111.66871643066406 121.0
119.88565826416016 122.0
116.21224212646484 128.0
147.0414581298828 154.0
116.10626220703125 108.0
159.45335388183594 155.0
156.38307189941406 167.0
118.9676742553711 130.0
116.59130096435547 115.0
180.96102905273438 167.0
143.33810424804688 148.0
157.81219482421875 171.0
116.05825805664062 111.0
113.04297637939453 122.0
108.79138946533203 106.0
120.15476989746094 114.0
140.2445068359375 143.0
148.79396057128906 144.0
104.95977020263672 114.0
128.37132263183594 125.0
104.61943054199219 111.0
149.0057830810547 146.0
137.076416015625 130.0
109.05580139160156 120.0
131.79388427734375 134.0
121.84820556640625 126.0
134.334716796875 136.0
160.07684326171875 153.0
168.14015197753906 167.0
131.54795837402344 133.0
105.13095092773438 116.0
107.20413208007812 106.0
112.87559509277344 120.0
149.3819122314453 161.0
122.21917724609375 129.0
144.56919860839844 150.0
130.67611694335938 130.0
108.43771362304688 110.0
119.80316925048828 127.0
126.64508056640625 126.0
132.24884033203125 134.0
143.8156280517578 144.0
109.55699157714844 114.0
107.34618377685547 111.0
119.93994903564453 134.0
133.4152374267578 128.0
154.2015380859375 158.0
110.44795227050781 110.0
159.3958740234375 153.0
140.54635620117188 149.0
155.42385864257812 162.0
120.06147003173828 132.0
115.64288330078125 117.0
93.30497741699219 122.0
128.4092559814453 159.0
93.0603256225586 126.0
108.22433471679688 154.0
95.41239166259766 132.0
91.20117950439453 124.0
80.76943969726562 112.0
87.08351135253906 119.0
101.9608383178711 139.0
125.62936401367188 167.0
97.01268005371094 135.0
126.11273956298828 160.0
87.59359741210938 122.0
92.28265380859375 118.0
130.7389373779297 176.0
123.65840148925781 169.0
90.92700958251953 127.0
95.72895812988281 134.0
83.02851867675781 121.0
84.18550109863281 122.0
89.55037689208984 128.0
115.37478637695312 154.0
85.48863220214844 108.0
119.65243530273438 155.0
126.72552490234375 167.0
93.66415405273438 130.0
87.68717956542969 115.0
135.30987548828125 167.0
104.1392822265625 148.0
124.95187377929688 171.0
85.77461242675781 111.0
91.17253875732422 122.0
81.83465576171875 106.0
85.45059967041016 114.0
104.39632415771484 143.0
110.29855346679688 144.0
78.91595458984375 114.0
96.53148651123047 125.0
85.216796875 111.0
117.89373016357422 146.0
102.19325256347656 130.0
82.6377944946289 120.0
101.4814682006836 134.0
89.10420989990234 126.0
103.14161682128906 136.0
122.90284729003906 153.0
131.2648162841797 167.0
100.84121704101562 133.0
82.2001953125 116.0
82.99832153320312 106.0
85.91361236572266 120.0
113.2783203125 161.0
87.8309097290039 129.0
109.3834228515625 150.0
99.41816711425781 130.0
78.97637939453125 110.0
88.1131820678711 127.0
96.06982421875 126.0
106.63563537597656 134.0
117.08038330078125 144.0
77.02217102050781 114.0
79.69647216796875 111.0
89.92373657226562 134.0
95.68464660644531 128.0
116.2582015991211 158.0
85.40384674072266 110.0
121.26112365722656 153.0
105.4925765991211 149.0
120.47940826416016 162.0
95.76530456542969 132.0
86.84497833251953 117.0
77.70267486572266 122.0
142.17564392089844 159.0
106.7490463256836 126.0
129.5957489013672 154.0
110.6448974609375 132.0
100.74235534667969 124.0
84.55654907226562 112.0
107.44970703125 119.0
121.98810577392578 139.0
154.67869567871094 167.0
112.31974029541016 135.0
148.52899169921875 160.0
109.91514587402344 122.0
105.65872192382812 118.0
161.49563598632812 176.0
154.34332275390625 169.0
101.23482513427734 127.0
101.04273986816406 134.0
90.29872131347656 121.0
86.15341186523438 122.0
97.83914184570312 128.0
128.77813720703125 154.0
104.53733825683594 108.0
146.80145263671875 155.0
136.3999786376953 167.0
102.49290466308594 130.0
111.11671447753906 115.0
159.2643585205078 167.0
119.0875473022461 148.0
141.28616333007812 171.0
96.79512786865234 111.0
95.45460510253906 122.0
96.21769714355469 106.0
99.80074310302734 114.0
131.32281494140625 143.0
130.0446014404297 144.0
86.60661315917969 114.0
99.78280639648438 125.0
101.06208038330078 111.0
146.40614318847656 146.0
126.29869079589844 130.0
102.1821060180664 120.0
123.13363647460938 134.0
91.94754028320312 126.0
114.02064514160156 136.0
147.56106567382812 153.0
156.74253845214844 167.0
110.33655548095703 133.0
95.9234848022461 116.0
104.34355926513672 106.0
106.40181732177734 120.0
143.8598175048828 161.0
96.27825927734375 129.0
127.73310852050781 150.0
108.44527435302734 130.0
97.40338897705078 110.0
93.50730895996094 127.0
106.99889373779297 126.0
113.73897552490234 134.0
127.18515014648438 144.0
94.40316772460938 114.0
89.72932434082031 111.0
102.98896789550781 134.0
108.9036636352539 128.0
128.9392852783203 158.0
90.79483032226562 110.0
146.5861053466797 153.0
112.4533920288086 149.0
135.1041717529297 162.0
115.81048583984375 132.0
95.79573822021484 117.0
72.94070434570312 122.0
121.81092834472656 159.0
91.62195587158203 126.0
110.8239517211914 154.0
94.12491607666016 132.0
87.25236511230469 124.0
77.87346649169922 112.0
87.8408432006836 119.0
108.74884033203125 139.0
131.89544677734375 167.0
95.16320037841797 135.0
133.9341583251953 160.0
90.03227233886719 122.0
91.46587371826172 118.0
137.97039794921875 176.0
130.73060607910156 169.0
90.37115478515625 127.0
85.15648651123047 134.0
83.24885559082031 121.0
84.26366424560547 122.0
83.80975341796875 128.0
116.4035873413086 154.0
85.56665802001953 108.0
127.23214721679688 155.0
123.44908905029297 167.0
84.74516296386719 130.0
90.22492218017578 115.0
142.49850463867188 167.0
112.58464050292969 148.0
123.15289306640625 171.0
84.52307891845703 111.0
82.82949829101562 122.0
80.31855773925781 106.0
84.5473403930664 114.0
113.68035888671875 143.0
111.8338851928711 144.0
74.35384368896484 114.0
91.69200134277344 125.0
82.06289672851562 111.0
124.091796875 146.0
106.0538330078125 130.0
83.39883422851562 120.0
104.16937255859375 134.0
88.70133209228516 126.0
97.84089660644531 136.0
130.17185974121094 153.0
133.85569763183594 167.0
92.43202209472656 133.0
82.11067199707031 116.0
83.1139144897461 106.0
87.55975341796875 120.0
121.8038330078125 161.0
83.36036682128906 129.0
108.42442321777344 150.0
90.71139526367188 130.0
81.05525207519531 110.0
83.76099395751953 127.0
90.60655975341797 126.0
102.65834045410156 134.0
119.90959167480469 144.0
77.19649505615234 114.0
75.73284912109375 111.0
89.66590881347656 134.0
95.18687438964844 128.0
113.43260192871094 158.0
76.61326599121094 110.0
125.88317108154297 153.0
99.49494934082031 149.0
120.2352294921875 162.0
94.14801788330078 132.0
85.64986419677734 117.0
64.78058624267578 122.0
156.16998291015625 159.0
113.37740325927734 126.0
135.1661376953125 154.0
115.85372924804688 132.0
107.04097747802734 124.0
101.70508575439453 112.0
116.01983642578125 119.0
129.15213012695312 139.0
155.2812042236328 167.0
115.91478729248047 135.0
149.153076171875 160.0
110.33273315429688 122.0
111.79063415527344 118.0
156.07061767578125 176.0
153.97694396972656 169.0
111.2510757446289 127.0
124.67037963867188 134.0
99.7569580078125 121.0
107.05689239501953 122.0
117.16567993164062 128.0
139.03233337402344 154.0
106.88182830810547 108.0
151.07333374023438 155.0
149.8583984375 167.0
111.98428344726562 130.0
114.59602355957031 115.0
156.60507202148438 167.0
133.12863159179688 148.0
151.8046417236328 171.0
101.89058685302734 111.0
104.85026550292969 122.0
104.01812744140625 106.0
104.89165496826172 114.0
136.82632446289062 143.0
135.71409606933594 144.0
97.32916259765625 114.0
116.67701721191406 125.0
107.9164047241211 111.0
142.91848754882812 146.0
126.73588562011719 130.0
106.53434753417969 120.0
128.34231567382812 134.0
111.14030456542969 126.0
124.79688262939453 136.0
144.09146118164062 153.0
151.38685607910156 167.0
127.03460693359375 133.0
107.62444305419922 116.0
109.88587188720703 106.0
110.83053588867188 120.0
142.39662170410156 161.0
108.13522338867188 129.0
131.4461669921875 150.0
119.54594421386719 130.0
101.38843536376953 110.0
109.2447738647461 127.0
116.72429656982422 126.0
125.25249481201172 134.0
136.53590393066406 144.0
100.58387756347656 114.0
97.3621597290039 111.0
111.88916015625 134.0
123.60896301269531 128.0
142.5873260498047 158.0
108.40369415283203 110.0
143.988037109375 153.0
135.74119567871094 149.0
145.12596130371094 162.0
120.85231018066406 132.0
104.18234252929688 117.0
96.83429718017578 122.0
161.26593017578125 159.0
113.93443298339844 126.0
135.25323486328125 154.0
113.41928100585938 132.0
108.11209106445312 124.0
100.92082977294922 112.0
117.76900482177734 119.0
126.664794921875 139.0
154.65342712402344 167.0
115.40107727050781 135.0
147.6361541748047 160.0
105.15049743652344 122.0
111.49055480957031 118.0
164.89599609375 176.0
153.9500274658203 169.0
113.2322998046875 127.0
127.80731964111328 134.0
106.24122619628906 121.0
105.379150390625 122.0
120.41883850097656 128.0
138.90586853027344 154.0
102.67475128173828 108.0
147.88803100585938 155.0
151.70819091796875 167.0
117.88899230957031 130.0
109.23900604248047 115.0
159.3602752685547 167.0
127.67332458496094 148.0
153.7282257080078 171.0
100.87516784667969 111.0
106.82196044921875 122.0
96.3939208984375 106.0
105.12017059326172 114.0
131.1206512451172 143.0
137.95851135253906 144.0
101.37960052490234 114.0
117.00857543945312 125.0
104.65522003173828 111.0
145.52890014648438 146.0
123.88636016845703 130.0
107.0536880493164 120.0
122.26457214355469 134.0
108.32583618164062 126.0
129.85183715820312 136.0
145.1883544921875 153.0
159.18624877929688 167.0
126.71543884277344 133.0
106.10214233398438 116.0
103.69539642333984 106.0
110.09156799316406 120.0
140.0741424560547 161.0
113.60391235351562 129.0
136.188720703125 150.0
126.48796081542969 130.0
100.93433380126953 110.0
109.97114562988281 127.0
118.03759765625 126.0
134.73634338378906 134.0
143.1838836669922 144.0
104.76408386230469 114.0
96.77938842773438 111.0
112.70367431640625 134.0
123.64118194580078 128.0
143.55233764648438 158.0
112.816650390625 110.0
147.45481872558594 153.0
135.34854125976562 149.0
144.0954132080078 162.0
123.77278900146484 132.0
106.35330963134766 117.0
99.29118347167969 122.0
163.42071533203125 159.0
111.36978149414062 126.0
138.88182067871094 154.0
117.71623229980469 132.0
105.95861053466797 124.0
98.28402709960938 112.0
122.95578002929688 119.0
135.1402130126953 139.0
160.50662231445312 167.0
120.54249572753906 135.0
148.74313354492188 160.0
114.47344207763672 122.0
112.55313110351562 118.0
173.03271484375 176.0
160.2363739013672 169.0
111.72726440429688 127.0
128.10202026367188 134.0
96.51190185546875 121.0
103.49835205078125 122.0
121.1568603515625 128.0
145.41392517089844 154.0
108.92111206054688 108.0
155.58316040039062 155.0
146.4449462890625 167.0
116.25508117675781 130.0
119.7083740234375 115.0
157.62562561035156 167.0
138.82521057128906 148.0
154.69993591308594 171.0
102.5429916381836 111.0
102.99215698242188 122.0
103.76133728027344 106.0
104.77301025390625 114.0
142.7402801513672 143.0
139.5077667236328 144.0
94.88642120361328 114.0
113.88895416259766 125.0
111.3034439086914 111.0
146.3582000732422 146.0
128.4674530029297 130.0
108.08057403564453 120.0
130.02130126953125 134.0
107.71393585205078 126.0
125.842529296875 136.0
148.0843505859375 153.0
159.79901123046875 167.0
128.1061248779297 133.0
108.08301544189453 116.0
113.73379516601562 106.0
113.65502166748047 120.0
149.27462768554688 161.0
106.89828491210938 129.0
137.8235626220703 150.0
128.09596252441406 130.0
104.38955688476562 110.0
108.60706329345703 127.0
116.60930633544922 126.0
124.91770935058594 134.0
137.37928771972656 144.0
104.38683319091797 114.0
95.1383285522461 111.0
114.38917541503906 134.0
125.53987884521484 128.0
149.2052459716797 158.0
107.45978546142578 110.0
145.60220336914062 153.0
135.16209411621094 149.0
150.6676025390625 162.0
124.62628936767578 132.0
106.96843719482422 117.0
88.15873718261719 122.0
143.66697692871094 159.0
106.03357696533203 126.0
125.81153106689453 154.0
107.60346984863281 132.0
103.82559204101562 124.0
94.38249969482422 112.0
112.09642028808594 119.0
117.42828369140625 139.0
142.22085571289062 167.0
109.54975891113281 135.0
130.95164489746094 160.0
100.41090393066406 122.0
105.74434661865234 118.0
141.4259796142578 176.0
139.47581481933594 169.0
104.47962951660156 127.0
118.96705627441406 134.0
100.11280822753906 121.0
100.58476257324219 122.0
112.22276306152344 128.0
130.30538940429688 154.0
97.62742614746094 108.0
136.17425537109375 155.0
136.08126831054688 167.0
106.62317657470703 130.0
104.90262603759766 115.0
141.22523498535156 167.0
121.41615295410156 148.0
140.32696533203125 171.0
95.05044555664062 111.0
101.33563232421875 122.0
94.75651550292969 106.0
99.4234390258789 114.0
124.87980651855469 143.0
126.00798034667969 144.0
96.35377502441406 114.0
113.08596801757812 125.0
101.77691650390625 111.0
129.2740020751953 146.0
117.53054809570312 130.0
100.47007751464844 120.0
113.64762878417969 134.0
102.75431823730469 126.0
117.69393920898438 136.0
130.09535217285156 153.0
136.6604461669922 167.0
117.14968872070312 133.0
103.00367736816406 116.0
97.46971130371094 106.0
105.68832397460938 120.0
129.69247436523438 161.0
103.00050354003906 129.0
125.07918548583984 150.0
111.89804077148438 130.0
95.15672302246094 110.0
100.84754180908203 127.0
107.44144439697266 126.0
124.30946350097656 134.0
132.87881469726562 144.0
100.20066833496094 114.0
90.80878448486328 111.0
104.95268249511719 134.0
116.06957244873047 128.0
132.67784118652344 158.0
103.77890014648438 110.0
129.57583618164062 153.0
124.6094970703125 149.0
136.3277130126953 162.0
116.93394470214844 132.0
98.6209487915039 117.0
96.58265686035156 122.0
150.40257263183594 159.0
113.463623046875 126.0
127.96785736083984 154.0
111.45248413085938 132.0
107.12661743164062 124.0
97.8271713256836 112.0
109.26447296142578 119.0
125.04315185546875 139.0
146.0994110107422 167.0
114.37678527832031 135.0
142.44146728515625 160.0
104.14833068847656 122.0
110.65481567382812 118.0
148.46043395996094 176.0
144.59815979003906 169.0
110.82577514648438 127.0
119.59693908691406 134.0
102.07467651367188 121.0
105.28678894042969 122.0
113.47258758544922 128.0
141.296875 154.0
100.5823974609375 108.0
141.27285766601562 155.0
146.73544311523438 167.0
111.62054443359375 130.0
105.96563720703125 115.0
152.22586059570312 167.0
128.73992919921875 148.0
150.64035034179688 171.0
101.41716003417969 111.0
107.40362548828125 122.0
99.16325378417969 106.0
102.99310302734375 114.0
128.41900634765625 143.0
132.37619018554688 144.0
97.48763275146484 114.0
116.80899047851562 125.0
104.51934814453125 111.0
137.06033325195312 146.0
120.0048828125 130.0
103.0181884765625 120.0
120.6505355834961 134.0
109.18126678466797 126.0
121.94786071777344 136.0
138.2139892578125 153.0
144.521728515625 167.0
121.03105163574219 133.0
107.75402069091797 116.0
99.297607421875 106.0
105.17169189453125 120.0
135.1827392578125 161.0
106.75495910644531 129.0
132.54879760742188 150.0
113.7784194946289 130.0
98.1386947631836 110.0
106.89073944091797 127.0
114.38280487060547 126.0
127.6747817993164 134.0
138.631103515625 144.0
100.24513244628906 114.0
95.10951232910156 111.0
112.92716217041016 134.0
121.94649505615234 128.0
138.8551788330078 158.0
105.97831726074219 110.0
137.6756591796875 153.0
131.71742248535156 149.0
144.2680206298828 162.0
116.69493865966797 132.0
104.24488067626953 117.0
101.1109390258789 122.0
178.1768798828125 159.0
136.76229858398438 126.0
163.8292694091797 154.0
138.2363739013672 132.0
129.62319946289062 124.0
112.07626342773438 112.0
129.23779296875 119.0
156.7362518310547 139.0
189.2739715576172 167.0
146.67532348632812 135.0
180.9933319091797 160.0
135.5909423828125 122.0
136.59002685546875 118.0
168.92652893066406 176.0
189.05545043945312 169.0
138.94827270507812 127.0
142.11648559570312 134.0
112.55442810058594 121.0
119.0889663696289 122.0
137.3859100341797 128.0
170.06617736816406 154.0
128.76773071289062 108.0
181.67117309570312 155.0
179.64425659179688 167.0
134.07093811035156 130.0
137.2754364013672 115.0
189.18569946289062 167.0
145.41671752929688 148.0
184.76730346679688 171.0
125.74970245361328 111.0
125.20824432373047 122.0
127.95703125 106.0
120.37413024902344 114.0
168.18492126464844 143.0
168.9144744873047 144.0
116.20314025878906 114.0
136.01351928710938 125.0
131.95208740234375 111.0
174.55868530273438 146.0
153.55487060546875 130.0
127.54352569580078 120.0
156.03659057617188 134.0
125.99894714355469 126.0
147.07931518554688 136.0
175.88711547851562 153.0
180.00457763671875 167.0
144.38133239746094 133.0
134.16580200195312 116.0
130.07801818847656 106.0
131.07286071777344 120.0
175.43202209472656 161.0
122.4850082397461 129.0
155.15560913085938 150.0
138.2959442138672 130.0
120.14009857177734 110.0
124.87586212158203 127.0
132.9554901123047 126.0
147.79580688476562 134.0
155.12478637695312 144.0
119.273681640625 114.0
114.97442626953125 111.0
137.3817138671875 134.0
148.35133361816406 128.0
169.7972412109375 158.0
123.0204086303711 110.0
170.84713745117188 153.0
155.81918334960938 149.0
174.82337951660156 162.0
146.6442108154297 132.0
121.12511444091797 117.0
91.25169372558594 122.0
172.71080017089844 159.0
122.63335418701172 126.0
144.06605529785156 154.0
125.34518432617188 132.0
119.27322387695312 124.0
111.65198516845703 112.0
122.19036865234375 119.0
138.61924743652344 139.0
165.47677612304688 167.0
126.26931762695312 135.0
158.5037384033203 160.0
116.48567199707031 122.0
121.34120178222656 118.0
175.75405883789062 176.0
165.78858947753906 169.0
121.37495422363281 127.0
134.11436462402344 134.0
113.92166137695312 121.0
118.07368469238281 122.0
125.28353881835938 128.0
157.8828582763672 154.0
113.25354766845703 108.0
160.00357055664062 155.0
163.22760009765625 167.0
127.32083892822266 130.0
119.85220336914062 115.0
170.24700927734375 167.0
144.02386474609375 148.0
165.5261993408203 171.0
112.96258544921875 111.0
117.67731475830078 122.0
111.31282806396484 106.0
113.01213836669922 114.0
145.42703247070312 143.0
147.0788116455078 144.0
105.07547760009766 114.0
126.18782043457031 125.0
117.1163330078125 111.0
153.54542541503906 146.0
134.38690185546875 130.0
113.2381362915039 120.0
135.50318908691406 134.0
123.41895294189453 126.0
137.90460205078125 136.0
154.1639404296875 153.0
169.23367309570312 167.0
136.18295288085938 133.0
117.7325439453125 116.0
112.87396240234375 106.0
116.92257690429688 120.0
154.7132110595703 161.0
118.10120391845703 129.0
149.09239196777344 150.0
134.9767608642578 130.0
107.85900115966797 110.0
116.26085662841797 127.0
126.50436401367188 126.0
138.21701049804688 134.0
152.3966064453125 144.0
111.78357696533203 114.0
104.34622192382812 111.0
123.62641143798828 134.0
131.161376953125 128.0
159.22512817382812 158.0
116.32373809814453 110.0
155.4503173828125 153.0
145.76425170898438 149.0
162.86231994628906 162.0
130.34872436523438 132.0
117.24986267089844 117.0
105.21568298339844 122.0
168.40960693359375 159.0
118.4323959350586 126.0
139.99322509765625 154.0
120.63581848144531 132.0
115.02729034423828 124.0
107.59927368164062 112.0
119.55152893066406 119.0
135.41415405273438 139.0
162.03065490722656 167.0
122.402587890625 135.0
153.48086547851562 160.0
112.6545639038086 122.0
117.25753784179688 118.0
169.93246459960938 176.0
160.9288787841797 169.0
117.30988311767578 127.0
130.3514862060547 134.0
108.82437133789062 121.0
113.68930053710938 122.0
121.55076599121094 128.0
153.892578125 154.0
108.93949890136719 108.0
156.6615447998047 155.0
160.35833740234375 167.0
122.83219909667969 130.0
116.71170043945312 115.0
164.97288513183594 167.0
140.2458038330078 148.0
161.48458862304688 171.0
107.56132507324219 111.0
113.12028503417969 122.0
107.80950164794922 106.0
109.09295654296875 114.0
142.72564697265625 143.0
142.6148681640625 144.0
101.75630950927734 114.0
122.53364562988281 125.0
113.92406463623047 111.0
149.2167510986328 146.0
131.2843475341797 130.0
109.42008972167969 120.0
131.5727081298828 134.0
118.86935424804688 126.0
134.19515991210938 136.0
149.5679473876953 153.0
163.33924865722656 167.0
132.3238525390625 133.0
115.14897155761719 116.0
109.2826919555664 106.0
113.21728515625 120.0
151.59710693359375 161.0
113.50801086425781 129.0
143.85916137695312 150.0
128.5778350830078 130.0
103.85836029052734 110.0
111.59072875976562 127.0
122.10930633544922 126.0
132.8679656982422 134.0
149.34335327148438 144.0
108.8592758178711 114.0
99.57271575927734 111.0
119.22128295898438 134.0
127.25617980957031 128.0
155.73635864257812 158.0
112.36042785644531 110.0
150.4859161376953 153.0
139.8880157470703 149.0
158.80621337890625 162.0
127.12812805175781 132.0
113.17007446289062 117.0
102.42953491210938 122.0
168.3881072998047 159.0
120.18038177490234 126.0
140.9606170654297 154.0
122.42034912109375 132.0
115.71498107910156 124.0
107.33766174316406 112.0
119.86202239990234 119.0
135.33328247070312 139.0
162.15771484375 167.0
123.09571075439453 135.0
155.83383178710938 160.0
113.22077941894531 122.0
118.09759521484375 118.0
171.9512939453125 176.0
162.37054443359375 169.0
118.04570007324219 127.0
129.53843688964844 134.0
111.19876098632812 121.0
114.29843139648438 122.0
121.38923645019531 128.0
153.7034149169922 154.0
110.03520202636719 108.0
156.50250244140625 155.0
161.4002227783203 167.0
122.75569152832031 130.0
116.98786163330078 115.0
168.2054443359375 167.0
140.5450439453125 148.0
162.73594665527344 171.0
108.37567138671875 111.0
112.6190185546875 122.0
106.76158905029297 106.0
110.73272705078125 114.0
142.1302032470703 143.0
143.94970703125 144.0
101.40113830566406 114.0
122.22808837890625 125.0
113.86700439453125 111.0
152.07553100585938 146.0
131.32711791992188 130.0
109.85759735107422 120.0
132.28012084960938 134.0
120.82525634765625 126.0
134.32496643066406 136.0
152.1465301513672 153.0
164.078125 167.0
131.89169311523438 133.0
114.62794494628906 116.0
109.90180206298828 106.0
114.69025421142578 120.0
151.8981170654297 161.0
116.08003997802734 129.0
145.92572021484375 150.0
129.08428955078125 130.0
105.08521270751953 110.0
113.8720474243164 127.0
123.88713836669922 126.0
134.6182098388672 134.0
148.72239685058594 144.0
108.26081848144531 114.0
99.07643127441406 111.0
119.86701965332031 134.0
128.47203063964844 128.0
155.01759338378906 158.0
112.08454132080078 110.0
153.8127899169922 153.0
140.8470458984375 149.0
158.88613891601562 162.0
126.61348724365234 132.0
114.50492095947266 117.0
102.3416748046875 122.0
172.71835327148438 159.0
122.2772216796875 126.0
144.3941192626953 154.0
124.34284973144531 132.0
118.85238647460938 124.0
108.32393646240234 112.0
122.531005859375 119.0
139.1070556640625 139.0
167.27700805664062 167.0
126.5677261352539 135.0
157.7146453857422 160.0
116.19789123535156 122.0
120.88267517089844 118.0
177.17684936523438 176.0
166.64108276367188 169.0
121.09224700927734 127.0
133.68728637695312 134.0
110.9370346069336 121.0
114.75816345214844 122.0
124.89840698242188 128.0
159.7813262939453 154.0
112.1131362915039 108.0
161.04669189453125 155.0
162.60630798339844 167.0
127.24958801269531 130.0
119.75613403320312 115.0
170.91172790527344 167.0
144.19061279296875 148.0
167.70849609375 171.0
111.47079467773438 111.0
116.84989929199219 122.0
110.45643615722656 106.0
112.37322998046875 114.0
146.62612915039062 143.0
147.5867462158203 144.0
103.72767639160156 114.0
123.9453353881836 125.0
117.11602783203125 111.0
154.85784912109375 146.0
135.3372039794922 130.0
112.49810028076172 120.0
135.37095642089844 134.0
120.41905212402344 126.0
137.28224182128906 136.0
154.47348022460938 153.0
169.17208862304688 167.0
134.6709442138672 133.0
118.12742614746094 116.0
111.88109588623047 106.0
116.23074340820312 120.0
156.42047119140625 161.0
116.0792007446289 129.0
148.90335083007812 150.0
133.21412658691406 130.0
106.89877319335938 110.0
113.65232849121094 127.0
125.15897369384766 126.0
135.60906982421875 134.0
150.61074829101562 144.0
112.28074645996094 114.0
101.4812240600586 111.0
123.2522201538086 134.0
130.82752990722656 128.0
160.45664978027344 158.0
114.82907104492188 110.0
155.42718505859375 153.0
142.0568084716797 149.0
164.0778350830078 162.0
130.76422119140625 132.0
115.9822998046875 117.0
104.40638732910156 122.0
163.54249572753906 159.0
119.74371337890625 126.0
138.35366821289062 154.0
121.35664367675781 132.0
114.53416442871094 124.0
105.67286682128906 112.0
116.61823272705078 119.0
132.90306091308594 139.0
156.72898864746094 167.0
121.42193603515625 135.0
152.18295288085938 160.0
110.42605590820312 122.0
116.80181884765625 118.0
164.61819458007812 176.0
156.1182861328125 169.0
116.17648315429688 127.0
127.77105712890625 134.0
109.10150146484375 121.0
113.337646484375 122.0
119.92765045166016 128.0
150.80361938476562 154.0
107.341064453125 108.0
152.04078674316406 155.0
158.49755859375 167.0
121.00685119628906 130.0
112.97130584716797 115.0
162.4632110595703 167.0
137.12600708007812 148.0
160.6061248779297 171.0
108.27789306640625 111.0
112.36678314208984 122.0
105.56175231933594 106.0
110.26289367675781 114.0
137.2449493408203 143.0
141.78541564941406 144.0
100.83383178710938 114.0
123.33736419677734 125.0
110.59882354736328 111.0
146.64036560058594 146.0
128.010498046875 130.0
107.64274597167969 120.0
127.97138977050781 134.0
118.28242492675781 126.0
132.17623901367188 136.0
148.05096435546875 153.0
158.81341552734375 167.0
130.34548950195312 133.0
113.25078582763672 116.0
105.040771484375 106.0
111.30973815917969 120.0
146.9586944580078 161.0
115.21357727050781 129.0
141.19859313964844 150.0
127.02275085449219 130.0
102.6348876953125 110.0
113.10931396484375 127.0
122.38804626464844 126.0
134.40504455566406 134.0
147.8493194580078 144.0
107.44011688232422 114.0
98.2369155883789 111.0
118.11100769042969 134.0
128.43585205078125 128.0
151.18104553222656 158.0
111.10332489013672 110.0
149.27230834960938 153.0
139.18170166015625 149.0
155.98971557617188 162.0
122.86095428466797 132.0
111.94076538085938 117.0
104.16780090332031 122.0
173.8936004638672 159.0
120.85319519042969 126.0
143.84127807617188 154.0
123.9979248046875 132.0
117.17645263671875 124.0
108.18724060058594 112.0
119.86489868164062 119.0
136.4323272705078 139.0
166.62278747558594 167.0
125.62709045410156 135.0
154.24447631835938 160.0
114.80127716064453 122.0
118.53082275390625 118.0
175.37159729003906 176.0
164.44369506835938 169.0
119.60363006591797 127.0
133.048095703125 134.0
111.37238311767578 121.0
114.7994155883789 122.0
123.62931060791016 128.0
158.62008666992188 154.0
111.5089111328125 108.0
159.73931884765625 155.0
165.4054718017578 167.0
125.76170349121094 130.0
118.28982543945312 115.0
167.87728881835938 167.0
145.1385040283203 148.0
166.4368133544922 171.0
109.39454650878906 111.0
113.65068817138672 122.0
107.58395385742188 106.0
111.77081298828125 114.0
145.05357360839844 143.0
146.45912170410156 144.0
101.36194610595703 114.0
123.5869140625 125.0
114.44574737548828 111.0
152.60882568359375 146.0
132.09225463867188 130.0
111.1884765625 120.0
133.03688049316406 134.0
120.2775650024414 126.0
136.75189208984375 136.0
151.7529296875 153.0
166.01040649414062 167.0
135.18919372558594 133.0
116.17860412597656 116.0
110.88800048828125 106.0
114.59831237792969 120.0
154.79684448242188 161.0
116.6361312866211 129.0
150.73777770996094 150.0
134.05868530273438 130.0
104.87144470214844 110.0
114.14060974121094 127.0
124.9918441772461 126.0
134.48802185058594 134.0
153.35919189453125 144.0
109.8072509765625 114.0
98.50096130371094 111.0
121.33793640136719 134.0
130.8536834716797 128.0
161.69325256347656 158.0
114.5023193359375 110.0
153.4278564453125 153.0
143.81455993652344 149.0
162.28671264648438 162.0
127.84199523925781 132.0
114.90135192871094 117.0
102.97662353515625 122.0
166.4221649169922 159.0
120.82565307617188 126.0
143.02935791015625 154.0
124.00889587402344 132.0
115.74015808105469 124.0
104.22882080078125 112.0
119.13764953613281 119.0
135.5037841796875 139.0
163.8754119873047 167.0
123.84831237792969 135.0
154.64468383789062 160.0
113.2341079711914 122.0
117.50550842285156 118.0
165.64649963378906 176.0
163.21896362304688 169.0
117.30128479003906 127.0
129.4941864013672 134.0
107.52704620361328 121.0
111.01333618164062 122.0
121.1587142944336 128.0
154.10980224609375 154.0
110.6343994140625 108.0
157.90689086914062 155.0
161.66152954101562 167.0
120.73258972167969 130.0
117.65084075927734 115.0
166.63674926757812 167.0
140.47132873535156 148.0
165.16531372070312 171.0
108.29435729980469 111.0
111.66609191894531 122.0
105.44490051269531 106.0
110.72750854492188 114.0
143.7371063232422 143.0
145.80052185058594 144.0
99.78152465820312 114.0
120.46189880371094 125.0
112.68040466308594 111.0
152.353759765625 146.0
131.54888916015625 130.0
109.79279327392578 120.0
133.0107879638672 134.0
117.30564880371094 126.0
133.93359375 136.0
151.44662475585938 153.0
159.12242126464844 167.0
131.5855712890625 133.0
114.49459838867188 116.0
110.11679077148438 106.0
114.99456787109375 120.0
153.08755493164062 161.0
113.8372802734375 129.0
143.24920654296875 150.0
126.13980102539062 130.0
104.47496032714844 110.0
112.65513610839844 127.0
122.82322692871094 126.0
131.28160095214844 134.0
148.06825256347656 144.0
107.46829223632812 114.0
96.75321960449219 111.0
119.92950439453125 134.0
129.86297607421875 128.0
154.8359832763672 158.0
110.85013580322266 110.0
153.61712646484375 153.0
140.00111389160156 149.0
158.58035278320312 162.0
126.86888885498047 132.0
112.42051696777344 117.0
99.38959503173828 122.0
160.95254516601562 159.0
116.13406372070312 126.0
136.5210418701172 154.0
118.49706268310547 132.0
113.17930603027344 124.0
103.4882583618164 112.0
114.09733581542969 119.0
129.80722045898438 139.0
155.3963623046875 167.0
118.94264221191406 135.0
147.8985595703125 160.0
107.7409896850586 122.0
113.66630554199219 118.0
164.62271118164062 176.0
154.3979034423828 169.0
113.39017486572266 127.0
125.39573669433594 134.0
107.44979858398438 121.0
110.093994140625 122.0
117.32989501953125 128.0
148.46693420410156 154.0
105.24514770507812 108.0
149.70883178710938 155.0
155.46337890625 167.0
118.48371124267578 130.0
110.95157623291016 115.0
159.673095703125 167.0
135.11627197265625 148.0
157.45216369628906 171.0
105.42570495605469 111.0
110.18089294433594 122.0
103.11329650878906 106.0
107.33845520019531 114.0
135.30963134765625 143.0
138.4781036376953 144.0
98.12372589111328 114.0
119.45777893066406 125.0
107.81644439697266 111.0
144.44668579101562 146.0
125.20008850097656 130.0
105.3926010131836 120.0
125.4305419921875 134.0
115.80844116210938 126.0
129.3119659423828 136.0
145.27891540527344 153.0
156.47633361816406 167.0
127.17780303955078 133.0
110.2705307006836 116.0
102.68555450439453 106.0
109.17364501953125 120.0
145.15756225585938 161.0
111.41569519042969 129.0
138.98733520507812 150.0
125.04469299316406 130.0
100.23159790039062 110.0
108.97398376464844 127.0
119.63790130615234 126.0
130.8114013671875 134.0
145.81536865234375 144.0
104.73832702636719 114.0
95.13606262207031 111.0
115.43421936035156 134.0
123.85443115234375 128.0
148.99652099609375 158.0
108.44933319091797 110.0
146.97305297851562 153.0
134.8741455078125 149.0
153.12989807128906 162.0
120.86283874511719 132.0
109.78207397460938 117.0
100.82048034667969 122.0
162.2977294921875 159.0
120.31038665771484 126.0
140.13304138183594 154.0
121.56817626953125 132.0
115.45819091796875 124.0
106.50050354003906 112.0
117.70588684082031 119.0
133.98751831054688 139.0
160.04095458984375 167.0
122.63079833984375 135.0
154.40411376953125 160.0
111.87086486816406 122.0
117.61396789550781 118.0
172.5966033935547 176.0
161.4527130126953 169.0
117.7527084350586 127.0
126.68780517578125 134.0
109.48468017578125 121.0
113.18668365478516 122.0
118.93672180175781 128.0
151.96786499023438 154.0
108.7556381225586 108.0
154.23263549804688 155.0
159.68902587890625 167.0
120.73602294921875 130.0
114.91867065429688 115.0
166.8626708984375 167.0
137.95989990234375 148.0
162.84698486328125 171.0
107.75263977050781 111.0
111.9713363647461 122.0
107.10946655273438 106.0
110.55865478515625 114.0
139.59559631347656 143.0
143.49441528320312 144.0
100.63261413574219 114.0
122.9104995727539 125.0
112.41167449951172 111.0
151.19122314453125 146.0
131.04318237304688 130.0
109.6009521484375 120.0
129.9807586669922 134.0
119.00703430175781 126.0
131.1055908203125 136.0
150.76611328125 153.0
162.90924072265625 167.0
129.27420043945312 133.0
114.95524597167969 116.0
107.10123443603516 106.0
112.92471313476562 120.0
150.02256774902344 161.0
112.94869995117188 129.0
140.6255645751953 150.0
126.30171966552734 130.0
103.26423645019531 110.0
110.58756256103516 127.0
121.17341613769531 126.0
134.31936645507812 134.0
149.30462646484375 144.0
108.36033630371094 114.0
98.19840240478516 111.0
118.81381225585938 134.0
128.00588989257812 128.0
151.33457946777344 158.0
110.20722961425781 110.0
153.252197265625 153.0
137.6387481689453 149.0
157.84756469726562 162.0
125.26336669921875 132.0
111.73918914794922 117.0
104.69117736816406 122.0
177.57473754882812 159.0
127.15515899658203 126.0
149.34329223632812 154.0
129.31451416015625 132.0
123.35746765136719 124.0
114.55140686035156 112.0
128.510986328125 119.0
144.74417114257812 139.0
171.17747497558594 167.0
132.09671020507812 135.0
161.06329345703125 160.0
120.95865631103516 122.0
125.81764221191406 118.0
178.53758239746094 176.0
170.5341033935547 169.0
126.35973358154297 127.0
138.76210021972656 134.0
116.93318176269531 121.0
122.07078552246094 122.0
130.67823791503906 128.0
166.11082458496094 154.0
117.00550842285156 108.0
165.36477661132812 155.0
167.78448486328125 167.0
130.99635314941406 130.0
123.65316009521484 115.0
173.34344482421875 167.0
149.85769653320312 148.0
173.18014526367188 171.0
117.00080871582031 111.0
122.11390686035156 122.0
116.40531921386719 106.0
118.37741088867188 114.0
150.41127014160156 143.0
154.447509765625 144.0
110.23265838623047 114.0
131.8566436767578 125.0
121.93706512451172 111.0
158.32908630371094 146.0
141.4420166015625 130.0
118.23147583007812 120.0
139.89425659179688 134.0
126.90650939941406 126.0
140.5591583251953 136.0
157.984130859375 153.0
169.6615753173828 167.0
140.65493774414062 133.0
125.96278381347656 116.0
115.34039306640625 106.0
120.58621215820312 120.0
159.94268798828125 161.0
120.06057739257812 129.0
155.29205322265625 150.0
136.1654052734375 130.0
111.99341583251953 110.0
117.88681030273438 127.0
130.26832580566406 126.0
144.37451171875 134.0
157.455078125 144.0
119.95404815673828 114.0
107.77922058105469 111.0
128.92196655273438 134.0
137.77947998046875 128.0
165.22265625 158.0
121.11038208007812 110.0
159.15725708007812 153.0
147.76443481445312 149.0
170.10098266601562 162.0
135.18966674804688 132.0
119.17764282226562 117.0
115.40618133544922 122.0
162.39341735839844 159.0
120.73849487304688 126.0
143.55496215820312 154.0
122.53289794921875 132.0
115.24295806884766 124.0
103.79664611816406 112.0
119.93135833740234 119.0
133.52223205566406 139.0
161.36288452148438 167.0
122.43883514404297 135.0
152.46279907226562 160.0
112.9936752319336 122.0
117.9529037475586 118.0
169.853271484375 176.0
160.99827575683594 169.0
119.3878402709961 127.0
129.16476440429688 134.0
106.96521759033203 121.0
109.73231506347656 122.0
121.80094909667969 128.0
151.5631561279297 154.0
109.781494140625 108.0
154.8602294921875 155.0
156.8113555908203 167.0
121.52466583251953 130.0
117.6607894897461 115.0
163.83090209960938 167.0
136.78504943847656 148.0
163.90451049804688 171.0
108.72535705566406 111.0
112.97636413574219 122.0
106.81403350830078 106.0
110.62349700927734 114.0
141.14402770996094 143.0
146.88192749023438 144.0
100.58917999267578 114.0
119.52239227294922 125.0
112.15938568115234 111.0
149.6707000732422 146.0
130.45542907714844 130.0
111.68128204345703 120.0
131.74671936035156 134.0
116.90902709960938 126.0
130.51351928710938 136.0
148.61923217773438 153.0
162.92291259765625 167.0
129.46029663085938 133.0
115.66124725341797 116.0
109.62774658203125 106.0
115.1163330078125 120.0
150.31373596191406 161.0
110.86078643798828 129.0
139.6326904296875 150.0
128.988525390625 130.0
104.48754119873047 110.0
109.760986328125 127.0
120.78475952148438 126.0
130.81585693359375 134.0
143.84921264648438 144.0
110.01090240478516 114.0
99.6387939453125 111.0
121.02739715576172 134.0
131.45513916015625 128.0
152.91473388671875 158.0
112.2317123413086 110.0
150.8765869140625 153.0
140.25509643554688 149.0
156.53233337402344 162.0
129.047119140625 132.0
110.24188232421875 117.0
100.42967224121094 122.0
162.406494140625 159.0
116.90406799316406 126.0
139.47299194335938 154.0
120.101318359375 132.0
112.60924530029297 124.0
100.47817993164062 112.0
114.47831726074219 119.0
131.19020080566406 139.0
159.38833618164062 167.0
119.15876770019531 135.0
147.98297119140625 160.0
108.65380096435547 122.0
113.88129425048828 118.0
163.8348388671875 176.0
156.5958251953125 169.0
112.91464233398438 127.0
125.29705810546875 134.0
105.12078857421875 121.0
106.08038330078125 122.0
116.59983825683594 128.0
149.7024383544922 154.0
105.49144744873047 108.0
152.41062927246094 155.0
154.69732666015625 167.0
118.65255737304688 130.0
112.8656997680664 115.0
160.08880615234375 167.0
136.67257690429688 148.0
159.65707397460938 171.0
105.61168670654297 111.0
109.60076904296875 122.0
102.09727478027344 106.0
107.49532318115234 114.0
138.08778381347656 143.0
140.1042022705078 144.0
96.4240951538086 114.0
116.3463363647461 125.0
107.97606658935547 111.0
146.57382202148438 146.0
125.90582275390625 130.0
107.02420806884766 120.0
127.37713623046875 134.0
113.04258728027344 126.0
129.40174865722656 136.0
145.8867950439453 153.0
155.55259704589844 167.0
125.93769073486328 133.0
110.0589370727539 116.0
104.62307739257812 106.0
110.23281860351562 120.0
148.81517028808594 161.0
109.49586486816406 129.0
140.2931365966797 150.0
124.67329406738281 130.0
100.29402923583984 110.0
107.25934600830078 127.0
119.1390609741211 126.0
127.84281158447266 134.0
143.03286743164062 144.0
104.38569641113281 114.0
94.31158447265625 111.0
117.08875274658203 134.0
125.48709869384766 128.0
151.6983642578125 158.0
107.80412292480469 110.0
148.50978088378906 153.0
135.59564208984375 149.0
154.2646942138672 162.0
123.12186431884766 132.0
108.33987426757812 117.0
97.60552215576172 122.0
165.44937133789062 159.0
120.5885009765625 126.0
143.23828125 154.0
123.17491912841797 132.0
116.02706909179688 124.0
106.74798583984375 112.0
117.67950439453125 119.0
133.46856689453125 139.0
162.2388458251953 167.0
123.21395111083984 135.0
152.34425354003906 160.0
113.3852310180664 122.0
117.6976547241211 118.0
166.59072875976562 176.0
161.9794464111328 169.0
118.72789001464844 127.0
129.4618682861328 134.0
109.14746856689453 121.0
112.31255340576172 122.0
120.99920654296875 128.0
152.80960083007812 154.0
109.73117065429688 108.0
155.9680633544922 155.0
159.04159545898438 167.0
122.70769500732422 130.0
116.55857849121094 115.0
164.64564514160156 167.0
138.4237060546875 148.0
165.1271209716797 171.0
108.05175018310547 111.0
112.4724349975586 122.0
106.9283447265625 106.0
110.3856430053711 114.0
140.46176147460938 143.0
145.9912109375 144.0
99.90437316894531 114.0
121.6405029296875 125.0
112.17633819580078 111.0
150.67544555664062 146.0
130.31298828125 130.0
110.16097259521484 120.0
131.12294006347656 134.0
118.22099304199219 126.0
132.9903106689453 136.0
149.11029052734375 153.0
161.25726318359375 167.0
131.90245056152344 133.0
114.24899291992188 116.0
108.45759582519531 106.0
113.94483947753906 120.0
151.44619750976562 161.0
113.47471618652344 129.0
142.20884704589844 150.0
129.40859985351562 130.0
103.12655639648438 110.0
111.42369079589844 127.0
122.47015380859375 126.0
131.28216552734375 134.0
145.8417510986328 144.0
108.54905700683594 114.0
97.39823150634766 111.0
120.15567016601562 134.0
130.54025268554688 128.0
154.8834228515625 158.0
111.91314697265625 110.0
151.82339477539062 153.0
141.4900665283203 149.0
157.79766845703125 162.0
126.0763931274414 132.0
111.79673767089844 117.0
100.6483154296875 122.0
161.3983154296875 159.0
114.40779113769531 126.0
135.5104217529297 154.0
117.18907928466797 132.0
111.71797180175781 124.0
100.0893783569336 112.0
110.67682647705078 119.0
129.04049682617188 139.0
156.62677001953125 167.0
118.32066345214844 135.0
148.1202850341797 160.0
106.17135620117188 122.0
110.81797790527344 118.0
162.89117431640625 176.0
155.23019409179688 169.0
111.68110656738281 127.0
121.9457778930664 134.0
106.67524719238281 121.0
106.6999740600586 122.0
114.12889099121094 128.0
148.80699157714844 154.0
103.61355590820312 108.0
149.32513427734375 155.0
157.94175720214844 167.0
116.24873352050781 130.0
109.70558166503906 115.0
160.91152954101562 167.0
135.42889404296875 148.0
158.23712158203125 171.0
102.43196868896484 111.0
106.37835693359375 122.0
99.76364135742188 106.0
104.91938018798828 114.0
134.62313842773438 143.0
137.20162963867188 144.0
94.32546997070312 114.0
116.90878295898438 125.0
105.76163482666016 111.0
145.6752166748047 146.0
123.4049301147461 130.0
103.29966735839844 120.0
124.84056091308594 134.0
113.18559265136719 126.0
129.0666046142578 136.0
145.63333129882812 153.0
155.40994262695312 167.0
123.10588836669922 133.0
106.24948120117188 116.0
101.79708862304688 106.0
107.32259368896484 120.0
145.84185791015625 161.0
111.02592468261719 129.0
139.2779998779297 150.0
121.30120849609375 130.0
97.11459350585938 110.0
107.69569396972656 127.0
119.51148223876953 126.0
129.76364135742188 134.0
147.06137084960938 144.0
100.8994140625 114.0
91.13105010986328 111.0
113.53138732910156 134.0
121.84410095214844 128.0
150.57308959960938 158.0
105.32665252685547 110.0
148.17434692382812 153.0
133.52890014648438 149.0
153.43572998046875 162.0
117.58230590820312 132.0
109.01994323730469 117.0
96.77284240722656 122.0
156.90313720703125 159.0
112.41181945800781 126.0
134.20840454101562 154.0
116.58098602294922 132.0
108.64033508300781 124.0
96.37796783447266 112.0
109.7559814453125 119.0
125.88325500488281 139.0
154.28030395507812 167.0
113.83738708496094 135.0
144.43621826171875 160.0
104.90630340576172 122.0
108.51677703857422 118.0
162.83363342285156 176.0
151.42308044433594 169.0
108.48884582519531 127.0
118.41570281982422 134.0
102.20068359375 121.0
102.98976135253906 122.0
111.52190399169922 128.0
142.46746826171875 154.0
102.89311981201172 108.0
147.3930206298828 155.0
149.6150360107422 167.0
113.29991149902344 130.0
108.13904571533203 115.0
158.6746826171875 167.0
133.41421508789062 148.0
152.85914611816406 171.0
101.23158264160156 111.0
103.56340026855469 122.0
94.45466613769531 106.0
103.5316390991211 114.0
132.86288452148438 143.0
134.73367309570312 144.0
91.50177764892578 114.0
110.28766632080078 125.0
102.01041412353516 111.0
142.44264221191406 146.0
121.41580200195312 130.0
102.74459075927734 120.0
122.529541015625 134.0
109.7131576538086 126.0
125.48912048339844 136.0
142.65525817871094 153.0
153.95455932617188 167.0
120.09825134277344 133.0
103.06957244873047 116.0
100.34923553466797 106.0
106.33354949951172 120.0
144.05796813964844 161.0
107.61962127685547 129.0
137.31570434570312 150.0
119.96282958984375 130.0
97.13859558105469 110.0
104.16637420654297 127.0
116.57786560058594 126.0
122.07156372070312 134.0
138.93919372558594 144.0
100.26803588867188 114.0
88.36231994628906 111.0
112.03990936279297 134.0
118.98621368408203 128.0
146.7548065185547 158.0
102.67002868652344 110.0
144.70269775390625 153.0
129.3059844970703 149.0
147.2987823486328 162.0
116.52027893066406 132.0
106.19586944580078 117.0
88.5605239868164 122.0
168.7650604248047 159.0
123.18811798095703 126.0
144.3906707763672 154.0
124.82830810546875 132.0
117.72858428955078 124.0
107.00213623046875 112.0
120.91793823242188 119.0
134.8740692138672 139.0
162.23374938964844 167.0
125.01530456542969 135.0
150.32992553710938 160.0
114.06363677978516 122.0
119.0522689819336 118.0
165.22030639648438 176.0
160.3336944580078 169.0
120.6131591796875 127.0
132.90560913085938 134.0
111.368408203125 121.0
114.19273376464844 122.0
125.23588562011719 128.0
156.20896911621094 154.0
111.10664367675781 108.0
156.0615997314453 155.0
163.6895751953125 167.0
123.62476348876953 130.0
117.2932357788086 115.0
162.84381103515625 167.0
141.17813110351562 148.0
167.10848999023438 171.0
108.94801330566406 111.0
113.97152709960938 122.0
107.26264953613281 106.0
112.31361389160156 114.0
141.52401733398438 143.0
147.78775024414062 144.0
102.73465728759766 114.0
124.64871215820312 125.0
114.08915710449219 111.0
150.44497680664062 146.0
131.92800903320312 130.0
111.49951934814453 120.0
132.6453399658203 134.0
120.8768310546875 126.0
135.89138793945312 136.0
148.69358825683594 153.0
158.2281494140625 167.0
133.45938110351562 133.0
118.15829467773438 116.0
109.85188293457031 106.0
115.76533508300781 120.0
151.58792114257812 161.0
116.03723907470703 129.0
146.05490112304688 150.0
128.60089111328125 130.0
104.76773834228516 110.0
114.81344604492188 127.0
126.23017120361328 126.0
135.2216033935547 134.0
149.8032989501953 144.0
110.36604309082031 114.0
98.20088958740234 111.0
121.64557647705078 134.0
134.5394287109375 128.0
157.17996215820312 158.0
115.00992584228516 110.0
150.8843536376953 153.0
145.3548583984375 149.0
160.80227661132812 162.0
128.50296020507812 132.0
114.31706237792969 117.0
102.85238647460938 122.0
171.34027099609375 159.0
123.1190185546875 126.0
145.09654235839844 154.0
124.65522003173828 132.0
119.97311401367188 124.0
112.05812072753906 112.0
120.7032699584961 119.0
140.29434204101562 139.0
167.806884765625 167.0
129.11764526367188 135.0
157.12835693359375 160.0
116.6665267944336 122.0
121.83338928222656 118.0
174.7394561767578 176.0
166.45079040527344 169.0
122.33915710449219 127.0
131.93582153320312 134.0
113.32527160644531 121.0
119.50556945800781 122.0
124.41317749023438 128.0
162.4835662841797 154.0
113.15269470214844 108.0
160.94309997558594 155.0
166.15476989746094 167.0
125.1763916015625 130.0
119.69485473632812 115.0
170.07049560546875 167.0
145.2615966796875 148.0
170.6246795654297 171.0
111.28347778320312 111.0
116.70028686523438 122.0
113.88374328613281 106.0
113.3817138671875 114.0
145.70516967773438 143.0
149.07203674316406 144.0
104.09375762939453 114.0
128.39724731445312 125.0
117.74064636230469 111.0
154.12738037109375 146.0
137.28915405273438 130.0
113.61083984375 120.0
135.3190155029297 134.0
124.27962493896484 126.0
135.45355224609375 136.0
153.6096649169922 153.0
166.4189453125 167.0
134.94418334960938 133.0
120.05226135253906 116.0
111.37452697753906 106.0
115.93138885498047 120.0
156.13906860351562 161.0
115.02083587646484 129.0
148.60618591308594 150.0
131.35789489746094 130.0
106.45225524902344 110.0
113.58818054199219 127.0
125.28179931640625 126.0
138.50827026367188 134.0
154.8133544921875 144.0
113.05956268310547 114.0
101.78182983398438 111.0
123.23394775390625 134.0
132.80044555664062 128.0
160.5261688232422 158.0
114.75167846679688 110.0
156.09738159179688 153.0
143.75650024414062 149.0
167.37965393066406 162.0
130.13397216796875 132.0
115.29550170898438 117.0
108.1983871459961 122.0
169.7935028076172 159.0
126.27931213378906 126.0
149.1843719482422 154.0
127.23634338378906 132.0
119.4770278930664 124.0
107.96355438232422 112.0
124.74435424804688 119.0
137.06536865234375 139.0
165.4310760498047 167.0
125.79854583740234 135.0
154.2443084716797 160.0
116.11048126220703 122.0
120.82978820800781 118.0
170.67027282714844 176.0
163.52781677246094 169.0
123.20854187011719 127.0
136.84521484375 134.0
113.97015380859375 121.0
114.4645767211914 122.0
128.7019500732422 128.0
156.85621643066406 154.0
113.29622650146484 108.0
158.7016143798828 155.0
163.72950744628906 167.0
127.99449157714844 130.0
120.62853240966797 115.0
167.4337921142578 167.0
140.9044189453125 148.0
167.63279724121094 171.0
112.4775619506836 111.0
116.47859191894531 122.0
108.51213836669922 106.0
115.44218444824219 114.0
144.41970825195312 143.0
150.83082580566406 144.0
105.66705322265625 114.0
126.21148681640625 125.0
117.09712982177734 111.0
153.10508728027344 146.0
134.77078247070312 130.0
116.06378173828125 120.0
135.70193481445312 134.0
120.90892028808594 126.0
137.90382385253906 136.0
151.56759643554688 153.0
163.4496307373047 167.0
135.29531860351562 133.0
120.8292465209961 116.0
112.77149963378906 106.0
119.4654541015625 120.0
154.56570434570312 161.0
117.94647979736328 129.0
146.91656494140625 150.0
135.0811767578125 130.0
108.6492919921875 110.0
115.97254943847656 127.0
128.14991760253906 126.0
138.56570434570312 134.0
149.91854858398438 144.0
114.29759216308594 114.0
102.21873474121094 111.0
125.17548370361328 134.0
136.61439514160156 128.0
159.19700622558594 158.0
117.93912506103516 110.0
154.0277557373047 153.0
148.040771484375 149.0
161.5018310546875 162.0
132.71316528320312 132.0
114.59611511230469 117.0
106.919921875 122.0
154.5249786376953 159.0
114.56590270996094 126.0
132.53553771972656 154.0
116.11074829101562 132.0
110.11210632324219 124.0
98.43168640136719 112.0
108.09593963623047 119.0
126.20980834960938 139.0
150.51028442382812 167.0
115.53765869140625 135.0
145.4554901123047 160.0
104.2668685913086 122.0
110.26158905029297 118.0
160.91932678222656 176.0
149.64840698242188 169.0
109.69671630859375 127.0
115.46251678466797 134.0
106.46298217773438 121.0
106.63021850585938 122.0
109.90675354003906 128.0
144.08810424804688 154.0
102.08815002441406 108.0
144.95596313476562 155.0
151.9817352294922 167.0
113.13668060302734 130.0
106.6111068725586 115.0
158.1275634765625 167.0
132.0068817138672 148.0
153.66500854492188 171.0
104.3443374633789 111.0
106.54154968261719 122.0
96.29634857177734 106.0
105.54083251953125 114.0
128.780029296875 143.0
135.19534301757812 144.0
95.19878387451172 114.0
117.39631652832031 125.0
103.98155212402344 111.0
141.64764404296875 146.0
120.57109832763672 130.0
101.99118041992188 120.0
120.22911834716797 134.0
112.99713897705078 126.0
124.10501861572266 136.0
142.65499877929688 153.0
152.3760986328125 167.0
118.95397186279297 133.0
106.9138412475586 116.0
97.6469955444336 106.0
104.92318725585938 120.0
141.8709716796875 161.0
109.31690979003906 129.0
136.8211669921875 150.0
118.98725128173828 130.0
97.65719604492188 110.0
106.26360321044922 127.0
116.83109283447266 126.0
130.53778076171875 134.0
141.68783569335938 144.0
100.58207702636719 114.0
91.96172332763672 111.0
113.26049041748047 134.0
120.9207763671875 128.0
143.04092407226562 158.0
102.57903289794922 110.0
144.99758911132812 153.0
131.0398406982422 149.0
149.802490234375 162.0
114.3958740234375 132.0
106.74618530273438 117.0
99.36578369140625 122.0
154.46151733398438 159.0
113.90863037109375 126.0
135.13905334472656 154.0
117.08006286621094 132.0
109.9816665649414 124.0
98.8852310180664 112.0
109.94027709960938 119.0
124.60238647460938 139.0
152.4968719482422 167.0
116.06918334960938 135.0
144.21343994140625 160.0
105.79096984863281 122.0
110.68684387207031 118.0
156.32765197753906 176.0
151.66427612304688 169.0
110.28096771240234 127.0
120.11160278320312 134.0
103.60428619384766 121.0
105.2502212524414 122.0
112.42792510986328 128.0
145.13427734375 154.0
103.69157409667969 108.0
145.91978454589844 155.0
151.7808380126953 167.0
115.10150146484375 130.0
109.07574462890625 115.0
157.06509399414062 167.0
131.14378356933594 148.0
155.8233642578125 171.0
102.0892333984375 111.0
106.53118896484375 122.0
98.47509765625 106.0
104.59815216064453 114.0
131.9331512451172 143.0
136.86814880371094 144.0
93.8048095703125 114.0
112.80619812011719 125.0
104.81153106689453 111.0
142.34413146972656 146.0
122.26729583740234 130.0
103.06431579589844 120.0
122.84180450439453 134.0
112.98991394042969 126.0
124.80517578125 136.0
142.36386108398438 153.0
150.84512329101562 167.0
122.08226013183594 133.0
106.311279296875 116.0
101.49044036865234 106.0
107.44488525390625 120.0
142.79495239257812 161.0
107.33193969726562 129.0
133.43344116210938 150.0
120.43952941894531 130.0
98.0572509765625 110.0
105.464599609375 127.0
116.40562438964844 126.0
124.50313568115234 134.0
139.31484985351562 144.0
100.40117645263672 114.0
90.24337768554688 111.0
112.80973815917969 134.0
121.55146026611328 128.0
144.38063049316406 158.0
104.5473861694336 110.0
145.91159057617188 153.0
132.33639526367188 149.0
148.74398803710938 162.0
118.4686279296875 132.0
106.2945556640625 117.0
93.03817749023438 122.0
169.03561401367188 159.0
123.48622131347656 126.0
145.5438232421875 154.0
125.63951110839844 132.0
118.77630615234375 124.0
108.5925064086914 112.0
120.77169799804688 119.0
136.47911071777344 139.0
165.9623260498047 167.0
126.16908264160156 135.0
154.1014862060547 160.0
115.00322723388672 122.0
119.49513244628906 118.0
170.9007110595703 176.0
164.17031860351562 169.0
120.36077880859375 127.0
132.03170776367188 134.0
112.10344696044922 121.0
115.14176940917969 122.0
123.95698547363281 128.0
157.28231811523438 154.0
111.92313385009766 108.0
158.75518798828125 155.0
163.68983459472656 167.0
124.95974731445312 130.0
118.49392700195312 115.0
167.55210876464844 167.0
141.95729064941406 148.0
168.84523010253906 171.0
110.33830261230469 111.0
115.15202331542969 122.0
108.76226806640625 106.0
113.06078338623047 114.0
143.68492126464844 143.0
147.9334716796875 144.0
102.13601684570312 114.0
123.9583511352539 125.0
114.83562469482422 111.0
153.3919219970703 146.0
133.2720947265625 130.0
112.54086303710938 120.0
133.4598388671875 134.0
121.50846099853516 126.0
135.55393981933594 136.0
152.2198028564453 153.0
163.72950744628906 167.0
132.65054321289062 133.0
116.67901611328125 116.0
110.33238983154297 106.0
116.18447875976562 120.0
154.6491241455078 161.0
116.0721435546875 129.0
144.89573669433594 150.0
130.24014282226562 130.0
105.61917877197266 110.0
113.69877624511719 127.0
125.80990600585938 126.0
135.138916015625 134.0
150.00814819335938 144.0
111.13982391357422 114.0
98.99736785888672 111.0
122.29204559326172 134.0
132.51669311523438 128.0
158.17442321777344 158.0
114.3675765991211 110.0
155.53453063964844 153.0
143.06143188476562 149.0
162.2601776123047 162.0
129.14071655273438 132.0
114.4378433227539 117.0
104.0378189086914 122.0
164.4619903564453 159.0
120.155029296875 126.0
140.9512939453125 154.0
122.5640869140625 132.0
115.96099853515625 124.0
105.37738037109375 112.0
116.78471374511719 119.0
133.34091186523438 139.0
161.01231384277344 167.0
122.82184600830078 135.0
151.43434143066406 160.0
111.63414001464844 122.0
116.61666870117188 118.0
169.091796875 176.0
159.36843872070312 169.0
116.71796417236328 127.0
127.63190460205078 134.0
110.43243408203125 121.0
112.56306457519531 122.0
119.98876953125 128.0
153.8393096923828 154.0
108.61932373046875 108.0
154.4918212890625 155.0
160.23126220703125 167.0
121.31861877441406 130.0
114.66151428222656 115.0
164.42510986328125 167.0
139.35279846191406 148.0
164.11480712890625 171.0
107.99331665039062 111.0
112.44119262695312 122.0
105.19085693359375 106.0
110.36087799072266 114.0
139.38035583496094 143.0
143.39456176757812 144.0
99.20249938964844 114.0
120.53157043457031 125.0
111.0094985961914 111.0
148.96856689453125 146.0
129.2416229248047 130.0
109.06527709960938 120.0
129.16439819335938 134.0
119.3213119506836 126.0
131.89404296875 136.0
149.0870361328125 153.0
160.65988159179688 167.0
128.82797241210938 133.0
113.27648162841797 116.0
106.30583190917969 106.0
112.51380920410156 120.0
150.50926208496094 161.0
113.78994750976562 129.0
142.2959442138672 150.0
127.1429214477539 130.0
103.02206420898438 110.0
111.42185974121094 127.0
122.95274353027344 126.0
132.44149780273438 134.0
147.53799438476562 144.0
108.0927734375 114.0
96.71204376220703 111.0
119.23968505859375 134.0
128.66748046875 128.0
153.72259521484375 158.0
110.8307113647461 110.0
152.22581481933594 153.0
139.50238037109375 149.0
158.48590087890625 162.0
124.6553726196289 132.0
112.15718078613281 117.0
100.74378967285156 122.0
161.5961456298828 159.0
117.56918334960938 126.0
139.58804321289062 154.0
120.46305847167969 132.0
113.68240356445312 124.0
102.8597412109375 112.0
114.63162994384766 119.0
130.3942108154297 139.0
158.5032958984375 167.0
119.993408203125 135.0
147.5938720703125 160.0
109.05828857421875 122.0
113.54051208496094 118.0
164.677734375 176.0
156.52047729492188 169.0
114.10726165771484 127.0
125.9085464477539 134.0
106.14849853515625 121.0
108.86013793945312 122.0
117.60044860839844 128.0
150.50119018554688 154.0
106.75187683105469 108.0
151.78936767578125 155.0
156.1995391845703 167.0
119.4080810546875 130.0
112.79480743408203 115.0
161.12881469726562 167.0
136.1846923828125 148.0
160.751953125 171.0
105.70405578613281 111.0
110.13108825683594 122.0
102.5888671875 106.0
107.91362762451172 114.0
137.38885498046875 143.0
140.83900451660156 144.0
96.86576080322266 114.0
117.26741027832031 125.0
109.37648010253906 111.0
146.48622131347656 146.0
126.94270324707031 130.0
107.03016662597656 120.0
127.46211242675781 134.0
115.2596435546875 126.0
129.6484375 136.0
145.9661865234375 153.0
157.23757934570312 167.0
126.7546157836914 133.0
110.75633239746094 116.0
105.1610107421875 106.0
110.72423553466797 120.0
148.0793914794922 161.0
110.55509185791016 129.0
138.80026245117188 150.0
124.85408020019531 130.0
100.74988555908203 110.0
107.9862060546875 127.0
120.0609359741211 126.0
128.7370147705078 134.0
143.6583251953125 144.0
105.01876831054688 114.0
93.7796401977539 111.0
116.94522857666016 134.0
125.43547058105469 128.0
151.2284698486328 158.0
108.38095092773438 110.0
149.09042358398438 153.0
136.57608032226562 149.0
155.1219024658203 162.0
123.17861938476562 132.0
109.33659362792969 117.0
97.6958236694336 122.0
166.33843994140625 159.0
121.59861755371094 126.0
143.48980712890625 154.0
124.26219940185547 132.0
117.14867401123047 124.0
106.72611999511719 112.0
118.5224609375 119.0
134.97642517089844 139.0
163.0184326171875 167.0
123.78056335449219 135.0
152.32191467285156 160.0
112.9414291381836 122.0
117.19485473632812 118.0
168.2260284423828 176.0
160.83665466308594 169.0
117.85528564453125 127.0
129.79405212402344 134.0
110.57119750976562 121.0
113.1931381225586 122.0
121.58194732666016 128.0
154.90078735351562 154.0
110.39239501953125 108.0
156.40855407714844 155.0
160.7469940185547 167.0
122.80658721923828 130.0
116.58463287353516 115.0
165.4409942626953 167.0
140.81134033203125 148.0
165.5096435546875 171.0
109.2642822265625 111.0
113.60447692871094 122.0
106.02481079101562 106.0
111.72709655761719 114.0
141.47239685058594 143.0
145.1704864501953 144.0
100.28335571289062 114.0
121.49036407470703 125.0
112.93545532226562 111.0
150.5596160888672 146.0
130.88890075683594 130.0
110.64491271972656 120.0
131.41262817382812 134.0
119.86591339111328 126.0
133.3494873046875 136.0
150.11614990234375 153.0
160.9449920654297 167.0
131.06539916992188 133.0
114.67784881591797 116.0
108.59495544433594 106.0
114.34223175048828 120.0
152.36952209472656 161.0
114.64982604980469 129.0
143.94940185546875 150.0
128.93170166015625 130.0
104.28959655761719 110.0
112.0414810180664 127.0
124.03410339355469 126.0
133.154296875 134.0
147.68792724609375 144.0
108.88954162597656 114.0
97.45599365234375 111.0
120.95458221435547 134.0
129.9257049560547 128.0
155.81629943847656 158.0
112.39751434326172 110.0
153.41363525390625 153.0
141.27859497070312 149.0
159.56991577148438 162.0
126.779052734375 132.0
112.97606658935547 117.0
101.57491302490234 122.0
166.84019470214844 159.0
121.7526626586914 126.0
143.7648468017578 154.0
124.20875549316406 132.0
117.27278900146484 124.0
106.97797393798828 112.0
118.64906311035156 119.0
135.8009796142578 139.0
163.62913513183594 167.0
124.41064453125 135.0
152.94798278808594 160.0
113.3293685913086 122.0
117.89935302734375 118.0
168.61474609375 176.0
161.73191833496094 169.0
118.81982421875 127.0
130.56382751464844 134.0
110.08817291259766 121.0
113.40752410888672 122.0
122.4912109375 128.0
156.0919189453125 154.0
110.5142593383789 108.0
157.147705078125 155.0
161.53012084960938 167.0
123.35684204101562 130.0
116.74613952636719 115.0
165.6631622314453 167.0
140.73973083496094 148.0
166.31787109375 171.0
109.50077819824219 111.0
113.92185974121094 122.0
107.33103942871094 106.0
111.74213409423828 114.0
142.0987548828125 143.0
146.17276000976562 144.0
100.92701721191406 114.0
122.551513671875 125.0
113.30728912353516 111.0
151.27455139160156 146.0
131.37513732910156 130.0
110.63906860351562 120.0
131.83131408691406 134.0
119.71077728271484 126.0
133.45896911621094 136.0
150.5291748046875 153.0
161.0465087890625 167.0
131.65475463867188 133.0
115.4752426147461 116.0
108.73831939697266 106.0
114.23626708984375 120.0
153.01153564453125 161.0
114.18854522705078 129.0
143.51376342773438 150.0
129.5321502685547 130.0
104.06556701660156 110.0
112.30847930908203 127.0
124.40103149414062 126.0
133.9821014404297 134.0
148.77374267578125 144.0
109.48136901855469 114.0
97.90155792236328 111.0
121.21257781982422 134.0
131.01438903808594 128.0
155.9533233642578 158.0
112.86518859863281 110.0
153.51119995117188 153.0
142.0807342529297 149.0
160.44345092773438 162.0
126.8744125366211 132.0
112.8935546875 117.0
102.62828063964844 122.0
166.6678466796875 159.0
122.04647064208984 126.0
143.23362731933594 154.0
124.27992248535156 132.0
117.73255920410156 124.0
107.28510284423828 112.0
119.02241516113281 119.0
135.036376953125 139.0
162.8158721923828 167.0
124.33670806884766 135.0
152.66183471679688 160.0
113.54603576660156 122.0
118.40737915039062 118.0
170.3136444091797 176.0
161.44638061523438 169.0
118.86289978027344 127.0
130.6792449951172 134.0
111.15403747558594 121.0
113.77010345458984 122.0
122.67416381835938 128.0
156.05520629882812 154.0
110.65938568115234 108.0
156.49278259277344 155.0
161.22677612304688 167.0
123.94751739501953 130.0
116.69229888916016 115.0
165.7997283935547 167.0
141.0138702392578 148.0
166.153076171875 171.0
109.65995025634766 111.0
114.76062774658203 122.0
107.30807495117188 106.0
111.96126556396484 114.0
141.40391540527344 143.0
145.70494079589844 144.0
101.29302978515625 114.0
122.45783996582031 125.0
113.56369018554688 111.0
151.1625213623047 146.0
131.58615112304688 130.0
111.05966186523438 120.0
131.38059997558594 134.0
120.65032196044922 126.0
133.84878540039062 136.0
150.41207885742188 153.0
162.06524658203125 167.0
131.299072265625 133.0
115.87458801269531 116.0
108.41073608398438 106.0
114.17768859863281 120.0
152.49436950683594 161.0
115.17851257324219 129.0
144.26889038085938 150.0
129.78219604492188 130.0
104.59449005126953 110.0
112.46318817138672 127.0
124.72865295410156 126.0
133.00927734375 134.0
147.77577209472656 144.0
110.38153839111328 114.0
98.45145416259766 111.0
121.20848846435547 134.0
130.7357177734375 128.0
155.86448669433594 158.0
113.24605560302734 110.0
153.2780303955078 153.0
141.80242919921875 149.0
160.5009765625 162.0
127.36710357666016 132.0
113.6772232055664 117.0
102.52931213378906 122.0
163.0077667236328 159.0
118.90205383300781 126.0
139.9664306640625 154.0
121.16787719726562 132.0
114.45245361328125 124.0
104.2191390991211 112.0
115.71361541748047 119.0
131.7373504638672 139.0
159.20114135742188 167.0
120.69435119628906 135.0
148.88711547851562 160.0
110.07278442382812 122.0
114.54410552978516 118.0
165.34698486328125 176.0
157.1541748046875 169.0
115.26792907714844 127.0
126.56068420410156 134.0
107.96671295166016 121.0
110.48005676269531 122.0
118.55420684814453 128.0
151.17431640625 154.0
107.79972839355469 108.0
152.43211364746094 155.0
157.29116821289062 167.0
120.07441711425781 130.0
113.69942474365234 115.0
161.9239501953125 167.0
137.282470703125 148.0
161.52040100097656 171.0
106.79084777832031 111.0
110.98258972167969 122.0
103.46891021728516 106.0
108.99298095703125 114.0
137.84078979492188 143.0
141.78004455566406 144.0
98.08480834960938 114.0
118.95594787597656 125.0
109.99424743652344 111.0
147.3754119873047 146.0
128.03338623046875 130.0
108.21358489990234 120.0
128.38661193847656 134.0
117.11188507080078 126.0
130.4341278076172 136.0
146.69094848632812 153.0
157.8334197998047 167.0
127.5267105102539 133.0
112.17610168457031 116.0
105.60982513427734 106.0
111.3303451538086 120.0
148.779296875 161.0
111.85128784179688 129.0
140.2420654296875 150.0
125.95765686035156 130.0
101.64757537841797 110.0
108.98741149902344 127.0
121.2520523071289 126.0
129.6341094970703 134.0
144.27713012695312 144.0
106.75582885742188 114.0
95.3033676147461 111.0
118.29602813720703 134.0
126.97921752929688 128.0
152.4720916748047 158.0
109.56288146972656 110.0
149.96209716796875 153.0
137.59649658203125 149.0
155.93359375 162.0
123.77096557617188 132.0
110.49224090576172 117.0
99.43190002441406 122.0
164.83226013183594 159.0
120.21249389648438 126.0
142.14076232910156 154.0
122.76314544677734 132.0
115.74301147460938 124.0
105.82186889648438 112.0
116.83612823486328 119.0
133.44020080566406 139.0
161.39627075195312 167.0
121.83912658691406 135.0
151.06468200683594 160.0
111.1360092163086 122.0
115.68768310546875 118.0
166.02017211914062 176.0
159.23765563964844 169.0
116.7215805053711 127.0
128.3714141845703 134.0
108.73297119140625 121.0
111.99594116210938 122.0
120.19773864746094 128.0
153.38540649414062 154.0
109.00859069824219 108.0
154.5775909423828 155.0
159.3917236328125 167.0
121.51222229003906 130.0
115.12942504882812 115.0
164.04307556152344 167.0
138.74526977539062 148.0
163.33094787597656 171.0
108.10507202148438 111.0
112.31526184082031 122.0
105.14977264404297 106.0
110.09831237792969 114.0
140.10911560058594 143.0
144.329833984375 144.0
99.14755249023438 114.0
120.70537567138672 125.0
111.65131378173828 111.0
149.42127990722656 146.0
129.74855041503906 130.0
109.26456451416016 120.0
130.2680206298828 134.0
118.29508972167969 126.0
132.19635009765625 136.0
148.4688720703125 153.0
159.32249450683594 167.0
129.67274475097656 133.0
113.55859375 116.0
106.8939208984375 106.0
112.7255859375 120.0
150.98953247070312 161.0
113.1427230834961 129.0
141.90122985839844 150.0
127.1969223022461 130.0
102.58517456054688 110.0
110.39311981201172 127.0
122.34738159179688 126.0
131.99082946777344 134.0
146.3304901123047 144.0
107.54549407958984 114.0
96.1776123046875 111.0
119.77554321289062 134.0
128.4707794189453 128.0
154.484130859375 158.0
110.62076568603516 110.0
151.74436950683594 153.0
139.60716247558594 149.0
157.7603759765625 162.0
125.2930679321289 132.0
111.58650970458984 117.0
101.04635620117188 122.0
164.39971923828125 159.0
119.39629364013672 126.0
140.50865173339844 154.0
121.53099822998047 132.0
115.2661361694336 124.0
105.40708923339844 112.0
115.94669342041016 119.0
132.44142150878906 139.0
160.0912322998047 167.0
122.06584167480469 135.0
149.8834686279297 160.0
110.72144317626953 122.0
115.53321075439453 118.0
165.89950561523438 176.0
158.4745330810547 169.0
116.67803192138672 127.0
128.11923217773438 134.0
108.26587677001953 121.0
111.94192504882812 122.0
120.09381866455078 128.0
153.18923950195312 154.0
108.38717651367188 108.0
153.423828125 155.0
159.00363159179688 167.0
121.2983627319336 130.0
114.30623626708984 115.0
162.299560546875 167.0
138.20205688476562 148.0
163.17849731445312 171.0
107.3114013671875 111.0
112.08833312988281 122.0
105.41313934326172 106.0
109.2573471069336 114.0
138.59829711914062 143.0
143.36251831054688 144.0
98.73255920410156 114.0
120.461181640625 125.0
111.43428039550781 111.0
147.839111328125 146.0
128.6600799560547 130.0
108.21092987060547 120.0
129.35755920410156 134.0
117.96952056884766 126.0
131.43344116210938 136.0
147.26495361328125 153.0
159.0111083984375 167.0
129.2427978515625 133.0
113.75861358642578 116.0
106.55351257324219 106.0
111.56642150878906 120.0
149.13613891601562 161.0
112.23199462890625 129.0
140.9224853515625 150.0
126.90898132324219 130.0
101.79231262207031 110.0
109.86319732666016 127.0
121.89769744873047 126.0
131.00205993652344 134.0
145.6507110595703 144.0
107.44794464111328 114.0
95.89935302734375 111.0
118.86272430419922 134.0
128.2731170654297 128.0
154.063720703125 158.0
110.66508483886719 110.0
150.38595581054688 153.0
139.61912536621094 149.0
157.68011474609375 162.0
124.54048156738281 132.0
111.11607360839844 117.0
100.18919372558594 122.0
166.06399536132812 159.0
121.21208190917969 126.0
142.68896484375 154.0
123.42147827148438 132.0
117.48818969726562 124.0
107.11554718017578 112.0
117.96522521972656 119.0
134.2594451904297 139.0
162.25271606445312 167.0
123.97383880615234 135.0
151.6018829345703 160.0
112.74512481689453 122.0
117.57699584960938 118.0
168.36415100097656 176.0
160.7144317626953 169.0
118.15576171875 127.0
129.94566345214844 134.0
109.9140853881836 121.0
113.7006607055664 122.0
121.98954010009766 128.0
155.62136840820312 154.0
110.1300048828125 108.0
155.55308532714844 155.0
160.69715881347656 167.0
123.45177459716797 130.0
116.22203063964844 115.0
164.99813842773438 167.0
140.36978149414062 148.0
165.34561157226562 171.0
108.95523071289062 111.0
114.1165771484375 122.0
107.15955352783203 106.0
111.01962280273438 114.0
140.83311462402344 143.0
145.0194091796875 144.0
100.40330505371094 114.0
121.81631469726562 125.0
113.31061553955078 111.0
150.0779571533203 146.0
131.09521484375 130.0
110.22705078125 120.0
131.16043090820312 134.0
119.96792602539062 126.0
133.24012756347656 136.0
149.54696655273438 153.0
161.21714782714844 167.0
131.26800537109375 133.0
115.3502426147461 116.0
108.29443359375 106.0
113.60712432861328 120.0
151.51966857910156 161.0
113.96717834472656 129.0
143.39390563964844 150.0
128.98561096191406 130.0
103.60963439941406 110.0
111.40641784667969 127.0
123.5643310546875 126.0
132.27597045898438 134.0
147.88421630859375 144.0
109.10783386230469 114.0
97.26097869873047 111.0
120.77688598632812 134.0
129.6148223876953 128.0
155.8190460205078 158.0
112.22119140625 110.0
152.61215209960938 153.0
140.90773010253906 149.0
159.87596130371094 162.0
126.90748596191406 132.0
113.01557922363281 117.0
101.46644592285156 122.0
