27.220394134521484 159.0
38.5601806640625 126.0
54.299041748046875 154.0
31.302043914794922 132.0
31.544322967529297 124.0
16.1531925201416 112.0
48.72319030761719 119.0
42.06419372558594 139.0
56.41008758544922 167.0
40.25830078125 135.0
36.306427001953125 160.0
42.85038757324219 122.0
32.05296325683594 118.0
27.384920120239258 176.0
63.6890983581543 169.0
39.894622802734375 127.0
55.0981559753418 134.0
18.040184020996094 121.0
15.616012573242188 122.0
46.85871887207031 128.0
29.288991928100586 154.0
38.97681427001953 108.0
50.77111053466797 155.0
46.96881103515625 167.0
38.45731735229492 130.0
62.5552978515625 115.0
34.93281555175781 167.0
15.814922332763672 148.0
53.27799606323242 171.0
22.5130558013916 111.0
26.254724502563477 122.0
25.82311248779297 106.0
25.385761260986328 114.0
54.29848098754883 143.0
48.330589294433594 144.0
36.153961181640625 114.0
32.32951354980469 125.0
63.71662902832031 111.0
57.25545120239258 146.0
48.39338684082031 130.0
41.007080078125 120.0
61.88202667236328 134.0
16.26350212097168 126.0
32.858734130859375 136.0
47.92448806762695 153.0
26.39264678955078 167.0
32.43000793457031 133.0
50.26358413696289 116.0
51.38345718383789 106.0
43.6280403137207 120.0
50.42180252075195 161.0
21.991310119628906 129.0
23.707189559936523 150.0
27.94972038269043 130.0
30.002182006835938 110.0
20.9459171295166 127.0
23.367088317871094 126.0
51.267730712890625 134.0
26.720579147338867 144.0
27.201568603515625 114.0
19.32421112060547 111.0
37.856719970703125 134.0
45.46030044555664 128.0
30.146211624145508 158.0
37.476722717285156 110.0
36.785884857177734 153.0
39.664833068847656 149.0
26.782939910888672 162.0
53.71795654296875 132.0
15.958065032958984 117.0
40.6595458984375 122.0
175.83444213867188 159.0
140.8155517578125 126.0
153.97023010253906 154.0
132.938232421875 132.0
127.65460205078125 124.0
122.13421630859375 112.0
153.14004516601562 119.0
148.92431640625 139.0
172.31861877441406 167.0
157.84121704101562 135.0
164.79405212402344 160.0
143.69239807128906 122.0
151.8005828857422 118.0
153.7961883544922 176.0
176.76329040527344 169.0
149.4427947998047 127.0
170.0697784423828 134.0
126.5080337524414 121.0
129.16184997558594 122.0
161.167236328125 128.0
164.40699768066406 154.0
132.0519256591797 108.0
164.872802734375 155.0
153.6034393310547 167.0
153.610595703125 130.0
133.56661987304688 115.0
163.1755828857422 167.0
151.93577575683594 148.0
191.298828125 171.0
118.28195190429688 111.0
147.17398071289062 122.0
127.44148254394531 106.0
137.420166015625 114.0
154.90391540527344 143.0
163.73342895507812 144.0
165.0462188720703 114.0
154.48536682128906 125.0
126.1906967163086 111.0
167.67962646484375 146.0
158.63858032226562 130.0
146.3548126220703 120.0
143.50607299804688 134.0
125.38260650634766 126.0
143.8466339111328 136.0
166.37646484375 153.0
143.0498504638672 167.0
153.6112823486328 133.0
148.8109588623047 116.0
129.79891967773438 106.0
137.1223907470703 120.0
155.15701293945312 161.0
130.79124450683594 129.0
163.52944946289062 150.0
147.52291870117188 130.0
144.36534118652344 110.0
131.6139373779297 127.0
140.80067443847656 126.0
152.30499267578125 134.0
156.48622131347656 144.0
157.32931518554688 114.0
137.82952880859375 111.0
138.92483520507812 134.0
156.78439331054688 128.0
156.5847930908203 158.0
160.2206573486328 110.0
159.88092041015625 153.0
161.33724975585938 149.0
162.89028930664062 162.0
164.00823974609375 132.0
124.60272216796875 117.0
169.8169708251953 122.0
145.80178833007812 159.0
131.8571319580078 126.0
135.18289184570312 154.0
123.04096984863281 132.0
122.77262878417969 124.0
128.92990112304688 112.0
115.31623840332031 119.0
118.6256103515625 139.0
139.87045288085938 167.0
137.73690795898438 135.0
146.33660888671875 160.0
114.49348449707031 122.0
133.2012176513672 118.0
130.50706481933594 176.0
142.5357666015625 169.0
133.40330505371094 127.0
147.6982421875 134.0
127.6147232055664 121.0
129.9191436767578 122.0
139.63795471191406 128.0
134.45677185058594 154.0
107.95828247070312 108.0
131.96107482910156 155.0
167.72488403320312 167.0
128.97044372558594 130.0
105.99775695800781 115.0
144.41372680664062 167.0
123.63968658447266 148.0
174.5125732421875 171.0
106.12535095214844 111.0
127.85102844238281 122.0
130.48550415039062 106.0
119.49610900878906 114.0
120.3673324584961 143.0
140.39340209960938 144.0
139.96356201171875 114.0
162.9008331298828 125.0
125.52043151855469 111.0
133.43917846679688 146.0
124.94822692871094 130.0
119.02582550048828 120.0
120.99311828613281 134.0
124.7602767944336 126.0
132.6285858154297 136.0
141.57794189453125 153.0
123.82122802734375 167.0
147.3006591796875 133.0
132.46029663085938 116.0
104.95821380615234 106.0
114.3070068359375 120.0
124.44544982910156 161.0
123.04674530029297 129.0
126.59947204589844 150.0
119.8094711303711 130.0
114.97554779052734 110.0
145.7042694091797 127.0
130.59902954101562 126.0
161.31387329101562 134.0
160.58094787597656 144.0
117.42503356933594 114.0
113.5664291381836 111.0
114.7435302734375 134.0
143.72079467773438 128.0
129.69549560546875 158.0
139.26513671875 110.0
142.76329040527344 153.0
162.6566162109375 149.0
138.16241455078125 162.0
122.35563659667969 132.0
116.09557342529297 117.0
175.78936767578125 122.0
125.53097534179688 159.0
87.20719146728516 126.0
103.68515014648438 154.0
82.04924774169922 132.0
77.89466857910156 124.0
69.79995727539062 112.0
77.61836242675781 119.0
102.59969329833984 139.0
125.15017700195312 167.0
91.02954864501953 135.0
127.84677124023438 160.0
82.5553207397461 122.0
82.37815856933594 118.0
108.53638458251953 176.0
125.32284545898438 169.0
90.93836212158203 127.0
92.06163787841797 134.0
83.814697265625 121.0
73.740966796875 122.0
90.9794692993164 128.0
109.25228881835938 154.0
80.27462768554688 108.0
120.51797485351562 155.0
131.71475219726562 167.0
87.0819091796875 130.0
84.72794342041016 115.0
131.89356994628906 167.0
91.83675384521484 148.0
112.42242431640625 171.0
74.7115707397461 111.0
74.57489013671875 122.0
76.0736083984375 106.0
73.9853286743164 114.0
108.06282806396484 143.0
112.09944915771484 144.0
68.86680603027344 114.0
87.79866027832031 125.0
82.7178726196289 111.0
116.78791809082031 146.0
97.7820053100586 130.0
77.49427032470703 120.0
103.06361389160156 134.0
84.39183044433594 126.0
104.51554107666016 136.0
119.12895202636719 153.0
121.043212890625 167.0
95.26013946533203 133.0
79.09425354003906 116.0
82.3660888671875 106.0
78.60553741455078 120.0
114.42782592773438 161.0
83.67677307128906 129.0
116.7239990234375 150.0
94.05815124511719 130.0
69.6471939086914 110.0
90.35902404785156 127.0
89.98175048828125 126.0
114.94187927246094 134.0
119.0268325805664 144.0
70.30989074707031 114.0
62.35555648803711 111.0
87.48515319824219 134.0
95.11910247802734 128.0
118.00039672851562 158.0
75.4408187866211 110.0
116.08723449707031 153.0
108.0607681274414 149.0
104.28865814208984 162.0
89.58457946777344 132.0
80.36712646484375 117.0
54.272552490234375 122.0
115.0576171875 159.0
92.33155059814453 126.0
97.45453643798828 154.0
86.36079406738281 132.0
82.023193359375 124.0
81.81076049804688 112.0
82.57547760009766 119.0
92.96507263183594 139.0
107.27659606933594 167.0
91.47049713134766 135.0
108.0830307006836 160.0
78.96234130859375 122.0
88.68194580078125 118.0
105.61428833007812 176.0
106.2460708618164 169.0
91.4632797241211 127.0
97.99269104003906 134.0
96.68800354003906 121.0
88.85153198242188 122.0
96.127197265625 128.0
102.90449523925781 154.0
77.85997009277344 108.0
103.93901062011719 155.0
119.98445129394531 167.0
84.09050750732422 130.0
78.76423645019531 115.0
114.2236099243164 167.0
98.82123565673828 148.0
115.18788146972656 171.0
77.78417205810547 111.0
81.13833618164062 122.0
78.11174774169922 106.0
86.41009521484375 114.0
96.85215759277344 143.0
101.42298126220703 144.0
85.0643310546875 114.0
102.3764877319336 125.0
80.36871337890625 111.0
98.74110412597656 146.0
92.03900146484375 130.0
82.87159729003906 120.0
90.61549377441406 134.0
87.94524383544922 126.0
99.88179779052734 136.0
102.26317596435547 153.0
100.09292602539062 167.0
95.64745330810547 133.0
85.68782043457031 116.0
76.75031280517578 106.0
81.4724349975586 120.0
97.65184783935547 161.0
91.33860778808594 129.0
111.89159393310547 150.0
87.3541259765625 130.0
79.67030334472656 110.0
99.94845581054688 127.0
94.02944946289062 126.0
113.44602966308594 134.0
119.48863983154297 144.0
86.37725830078125 114.0
77.39105224609375 111.0
86.02593994140625 134.0
99.4576416015625 128.0
109.53810119628906 158.0
89.40737915039062 110.0
101.5870590209961 153.0
107.96036529541016 149.0
106.2624282836914 162.0
90.51776885986328 132.0
82.23470306396484 117.0
87.82919311523438 122.0
144.38963317871094 159.0
112.80200958251953 126.0
139.8359832763672 154.0
114.67727661132812 132.0
102.62223052978516 124.0
94.93378448486328 112.0
110.60408020019531 119.0
117.8687744140625 139.0
159.01708984375 167.0
122.5202865600586 135.0
152.0727081298828 160.0
111.36434936523438 122.0
109.64048767089844 118.0
155.41114807128906 176.0
160.04367065429688 169.0
110.64439392089844 127.0
115.75772857666016 134.0
88.10735321044922 121.0
94.77214050292969 122.0
111.23241424560547 128.0
136.782958984375 154.0
109.17924499511719 108.0
150.50009155273438 155.0
152.45223999023438 167.0
109.82218933105469 130.0
113.97268676757812 115.0
161.37051391601562 167.0
114.79385375976562 148.0
152.31631469726562 171.0
98.62635040283203 111.0
96.46046447753906 122.0
102.43060302734375 106.0
101.3241958618164 114.0
128.2122802734375 143.0
136.8530731201172 144.0
92.8680419921875 114.0
108.59585571289062 125.0
107.4664077758789 111.0
144.7106475830078 146.0
128.34963989257812 130.0
104.21269989013672 120.0
133.97525024414062 134.0
102.67003631591797 126.0
120.65709686279297 136.0
147.6704864501953 153.0
160.60693359375 167.0
121.33670043945312 133.0
101.37164306640625 116.0
115.12313842773438 106.0
104.84878540039062 120.0
141.34115600585938 161.0
98.64366149902344 129.0
117.61479949951172 150.0
120.26980590820312 130.0
94.24776458740234 110.0
103.57978057861328 127.0
110.96797943115234 126.0
112.4207763671875 134.0
131.85800170898438 144.0
100.75299072265625 114.0
89.13848876953125 111.0
112.19113159179688 134.0
121.0673599243164 128.0
139.00775146484375 158.0
97.44805908203125 110.0
143.4748077392578 153.0
130.85409545898438 149.0
141.04855346679688 162.0
119.38441467285156 132.0
96.24281311035156 117.0
80.00785827636719 122.0
113.1658706665039 159.0
91.81156158447266 126.0
109.29708862304688 154.0
85.32424926757812 132.0
89.70519256591797 124.0
63.36943435668945 112.0
82.82278442382812 119.0
86.14071655273438 139.0
121.3099136352539 167.0
90.86582946777344 135.0
106.06107330322266 160.0
82.90827941894531 122.0
85.57662963867188 118.0
122.14936828613281 176.0
125.35449981689453 169.0
86.86727142333984 127.0
90.59090423583984 134.0
81.41243743896484 121.0
66.1775131225586 122.0
88.06324005126953 128.0
93.83035278320312 154.0
83.21686553955078 108.0
115.77912139892578 155.0
121.44680786132812 167.0
89.58629608154297 130.0
87.83657836914062 115.0
130.485595703125 167.0
81.07917785644531 148.0
115.16207885742188 171.0
74.32422637939453 111.0
77.43739318847656 122.0
65.0239028930664 106.0
75.2108383178711 114.0
99.40837860107422 143.0
108.73212432861328 144.0
66.14605712890625 114.0
79.67015075683594 125.0
83.4470443725586 111.0
116.60211181640625 146.0
99.90267944335938 130.0
78.84571075439453 120.0
103.96319580078125 134.0
77.23809051513672 126.0
100.70125579833984 136.0
112.68783569335938 153.0
132.47869873046875 167.0
91.25767517089844 133.0
77.89073181152344 116.0
84.02296447753906 106.0
79.15492248535156 120.0
110.45259094238281 161.0
78.68273162841797 129.0
102.63522338867188 150.0
100.41645812988281 130.0
69.95521545410156 110.0
80.4549560546875 127.0
88.78462219238281 126.0
104.78580474853516 134.0
103.73545837402344 144.0
77.08879089355469 114.0
55.49638748168945 111.0
89.29411315917969 134.0
94.03632354736328 128.0
112.97706604003906 158.0
78.66740417480469 110.0
107.42840576171875 153.0
99.95137023925781 149.0
92.7926025390625 162.0
92.27516174316406 132.0
77.52969360351562 117.0
36.47187805175781 122.0
148.60646057128906 159.0
113.50648498535156 126.0
131.5226287841797 154.0
111.21542358398438 132.0
105.02690124511719 124.0
108.9541015625 112.0
118.1226577758789 119.0
121.380126953125 139.0
143.6695556640625 167.0
112.17681884765625 135.0
135.62271118164062 160.0
103.17689514160156 122.0
112.75289916992188 118.0
141.8020782470703 176.0
142.97793579101562 169.0
115.74403381347656 127.0
135.60182189941406 134.0
101.80667114257812 121.0
111.08409118652344 122.0
126.71340942382812 128.0
133.795654296875 154.0
100.64886474609375 108.0
138.41146850585938 155.0
145.652099609375 167.0
117.28182220458984 130.0
108.30216979980469 115.0
143.0646209716797 167.0
123.22207641601562 148.0
145.3663787841797 171.0
98.13312530517578 111.0
107.10291290283203 122.0
104.37288665771484 106.0
104.89378356933594 114.0
126.904541015625 143.0
132.26393127441406 144.0
108.12007904052734 114.0
120.13613891601562 125.0
108.92427825927734 111.0
130.9733123779297 146.0
120.94645690917969 130.0
105.48571014404297 120.0
121.73528289794922 134.0
114.19993591308594 126.0
125.13614654541016 136.0
131.79283142089844 153.0
136.91787719726562 167.0
131.00592041015625 133.0
112.29391479492188 116.0
105.97367858886719 106.0
108.80994415283203 120.0
131.0559539794922 161.0
109.64515686035156 129.0
125.84967803955078 150.0
117.31356811523438 130.0
97.90909576416016 110.0
115.16031646728516 127.0
119.1582260131836 126.0
128.9834747314453 134.0
133.09976196289062 144.0
111.59947967529297 114.0
96.1690902709961 111.0
111.54589080810547 134.0
128.53921508789062 128.0
141.4642791748047 158.0
115.96160125732422 110.0
131.20782470703125 153.0
140.90516662597656 149.0
138.7710418701172 162.0
124.30659484863281 132.0
103.44705200195312 117.0
109.33272552490234 122.0
149.1779327392578 159.0
120.26329040527344 126.0
134.3714141845703 154.0
116.1187515258789 132.0
111.06825256347656 124.0
111.87958526611328 112.0
112.03816986083984 119.0
131.9368896484375 139.0
155.6456756591797 167.0
118.13569641113281 135.0
158.45948791503906 160.0
109.53624725341797 122.0
117.99827575683594 118.0
162.74913024902344 176.0
157.67709350585938 169.0
113.3682632446289 127.0
111.54353332519531 134.0
107.05741882324219 121.0
117.25735473632812 122.0
111.08659362792969 128.0
145.19496154785156 154.0
107.5244140625 108.0
151.25343322753906 155.0
151.72056579589844 167.0
111.05177307128906 130.0
108.3076171875 115.0
170.3943328857422 167.0
131.41696166992188 148.0
152.24295043945312 171.0
107.78746032714844 111.0
110.61528778076172 122.0
110.3995361328125 106.0
109.4503402709961 114.0
133.73321533203125 143.0
137.53224182128906 144.0
96.01544952392578 114.0
118.6509780883789 125.0
106.16194152832031 111.0
147.64479064941406 146.0
134.58453369140625 130.0
106.35906982421875 120.0
129.06103515625 134.0
121.34624481201172 126.0
126.39588165283203 136.0
151.22415161132812 153.0
160.5024871826172 167.0
125.88836669921875 133.0
105.45027160644531 116.0
103.69841766357422 106.0
103.79798889160156 120.0
142.6384735107422 161.0
106.7431411743164 129.0
131.61453247070312 150.0
114.27684783935547 130.0
98.70892333984375 110.0
108.13459014892578 127.0
117.93201446533203 126.0
133.72604370117188 134.0
144.10621643066406 144.0
109.27742004394531 114.0
98.7398910522461 111.0
115.88224029541016 134.0
122.70991516113281 128.0
143.51849365234375 158.0
100.53121948242188 110.0
147.5338592529297 153.0
128.89340209960938 149.0
151.6339569091797 162.0
117.6801528930664 132.0
107.99655151367188 117.0
100.68087005615234 122.0
154.52651977539062 159.0
109.56576538085938 126.0
128.9702606201172 154.0
108.36756134033203 132.0
100.90882110595703 124.0
101.92603302001953 112.0
112.86608123779297 119.0
125.84611511230469 139.0
154.54159545898438 167.0
111.05648040771484 135.0
138.66880798339844 160.0
104.26985931396484 122.0
104.93795013427734 118.0
152.4117889404297 176.0
152.24856567382812 169.0
106.4749526977539 127.0
118.34056091308594 134.0
105.36421203613281 121.0
108.47453308105469 122.0
113.93285369873047 128.0
138.60012817382812 154.0
101.24356079101562 108.0
149.06808471679688 155.0
147.9980010986328 167.0
108.95480346679688 130.0
109.34347534179688 115.0
153.86997985839844 167.0
130.4260711669922 148.0
144.22573852539062 171.0
94.79061126708984 111.0
97.78146362304688 122.0
95.36886596679688 106.0
100.72019958496094 114.0
134.53347778320312 143.0
130.69546508789062 144.0
88.4885482788086 114.0
108.61103820800781 125.0
106.12114715576172 111.0
140.1845703125 146.0
124.84341430664062 130.0
101.72883605957031 120.0
126.10729217529297 134.0
110.93705749511719 126.0
124.665283203125 136.0
137.8971405029297 153.0
148.38897705078125 167.0
121.39928436279297 133.0
99.97506713867188 116.0
105.35741424560547 106.0
101.77009582519531 120.0
142.12110900878906 161.0
105.97806549072266 129.0
132.13673400878906 150.0
115.13267517089844 130.0
92.8425521850586 110.0
109.23680877685547 127.0
112.95166015625 126.0
128.94680786132812 134.0
137.93182373046875 144.0
103.80136108398438 114.0
85.34152221679688 111.0
109.8333740234375 134.0
117.0895004272461 128.0
149.1956329345703 158.0
100.93485260009766 110.0
136.81675720214844 153.0
127.1607666015625 149.0
142.78240966796875 162.0
118.67565155029297 132.0
101.27806091308594 117.0
86.28900146484375 122.0
208.47100830078125 159.0
134.652099609375 126.0
155.939697265625 154.0
138.48106384277344 132.0
121.69718170166016 124.0
132.99093627929688 112.0
132.10635375976562 119.0
147.5409698486328 139.0
179.7599639892578 167.0
135.42491149902344 135.0
164.7177276611328 160.0
125.95255279541016 122.0
131.05796813964844 118.0
169.83517456054688 176.0
172.3207244873047 169.0
132.68406677246094 127.0
152.5135040283203 134.0
128.88186645507812 121.0
136.79811096191406 122.0
144.321533203125 128.0
181.44244384765625 154.0
120.43167114257812 108.0
174.9573211669922 155.0
191.8926239013672 167.0
135.0640411376953 130.0
127.00483703613281 115.0
176.2606201171875 167.0
165.44647216796875 148.0
175.94227600097656 171.0
116.52075958251953 111.0
122.09249877929688 122.0
121.63532257080078 106.0
125.00018310546875 114.0
153.74993896484375 143.0
157.53012084960938 144.0
114.42992401123047 114.0
143.4038848876953 125.0
121.1587142944336 111.0
155.32264709472656 146.0
144.18756103515625 130.0
120.28812408447266 120.0
145.9593963623047 134.0
143.39231872558594 126.0
159.48138427734375 136.0
158.54837036132812 153.0
166.92001342773438 167.0
151.59976196289062 133.0
119.59452819824219 116.0
120.24451446533203 106.0
121.08157348632812 120.0
162.17359924316406 161.0
141.47811889648438 129.0
181.7173614501953 150.0
137.54074096679688 130.0
114.33946228027344 110.0
135.95835876464844 127.0
149.90232849121094 126.0
147.30972290039062 134.0
168.59463500976562 144.0
125.53147888183594 114.0
108.0153579711914 111.0
130.98733520507812 134.0
146.94879150390625 128.0
198.3656768798828 158.0
130.38186645507812 110.0
158.27320861816406 153.0
164.2165069580078 149.0
190.7869873046875 162.0
140.39688110351562 132.0
128.70120239257812 117.0
122.87063598632812 122.0
172.23223876953125 159.0
120.7141342163086 126.0
150.242919921875 154.0
123.6875228881836 132.0
118.01394653320312 124.0
89.51834106445312 112.0
115.63262176513672 119.0
126.47285461425781 139.0
170.9099884033203 167.0
127.7249755859375 135.0
142.7620391845703 160.0
109.42893981933594 122.0
116.72065734863281 118.0
148.2325439453125 176.0
161.47291564941406 169.0
118.9282455444336 127.0
140.3662872314453 134.0
120.40432739257812 121.0
95.44168090820312 122.0
132.30059814453125 128.0
162.49118041992188 154.0
105.9188003540039 108.0
160.934326171875 155.0
166.84304809570312 167.0
133.5704345703125 130.0
115.09989929199219 115.0
169.36387634277344 167.0
134.02911376953125 148.0
160.89779663085938 171.0
105.04437255859375 111.0
114.86864471435547 122.0
106.83242797851562 106.0
106.21105194091797 114.0
140.88731384277344 143.0
145.5001983642578 144.0
102.21688842773438 114.0
121.0108413696289 125.0
116.94755554199219 111.0
152.6477508544922 146.0
130.4066925048828 130.0
106.59039306640625 120.0
128.75445556640625 134.0
104.14530181884766 126.0
146.56622314453125 136.0
152.39501953125 153.0
162.33322143554688 167.0
122.86099243164062 133.0
108.72050476074219 116.0
110.99473571777344 106.0
110.51262664794922 120.0
151.9083251953125 161.0
115.7666244506836 129.0
155.2373046875 150.0
142.89476013183594 130.0
93.13507843017578 110.0
114.70418548583984 127.0
132.7241973876953 126.0
147.89181518554688 134.0
165.19068908691406 144.0
105.4949951171875 114.0
87.43511199951172 111.0
120.28483581542969 134.0
127.82592010498047 128.0
168.56381225585938 158.0
114.63931274414062 110.0
143.57516479492188 153.0
143.66958618164062 149.0
165.58953857421875 162.0
135.30921936035156 132.0
118.98030090332031 117.0
90.70780944824219 122.0
201.16635131835938 159.0
146.79869079589844 126.0
170.2371063232422 154.0
148.08018493652344 132.0
132.9850311279297 124.0
131.68093872070312 112.0
148.2391357421875 119.0
161.1233367919922 139.0
196.57044982910156 167.0
151.33839416503906 135.0
183.79254150390625 160.0
141.04466247558594 122.0
146.3726806640625 118.0
196.4896697998047 176.0
197.84071350097656 169.0
148.4600372314453 127.0
161.22071838378906 134.0
119.83712005615234 121.0
139.1348114013672 122.0
154.09698486328125 128.0
190.3187713623047 154.0
136.46173095703125 108.0
192.30990600585938 155.0
192.4874267578125 167.0
152.1009521484375 130.0
143.5596923828125 115.0
198.9175262451172 167.0
169.24415588378906 148.0
194.63986206054688 171.0
127.88438415527344 111.0
135.01351928710938 122.0
135.2786102294922 106.0
135.33090209960938 114.0
172.99664306640625 143.0
177.86184692382812 144.0
125.1325454711914 114.0
144.44813537597656 125.0
139.26165771484375 111.0
179.61514282226562 146.0
162.403076171875 130.0
137.78158569335938 120.0
164.36793518066406 134.0
142.36355590820312 126.0
159.0381622314453 136.0
178.17979431152344 153.0
190.58831787109375 167.0
167.755615234375 133.0
138.51698303222656 116.0
139.66989135742188 106.0
134.8979034423828 120.0
182.38600158691406 161.0
136.75643920898438 129.0
171.883544921875 150.0
154.99032592773438 130.0
127.12728118896484 110.0
139.8768310546875 127.0
152.62442016601562 126.0
152.3792266845703 134.0
169.4191131591797 144.0
141.35174560546875 114.0
117.9670639038086 111.0
146.7453155517578 134.0
159.61717224121094 128.0
190.8260955810547 158.0
140.5738983154297 110.0
178.62110900878906 153.0
170.4357452392578 149.0
195.15286254882812 162.0
156.29063415527344 132.0
134.3283233642578 117.0
121.7494888305664 122.0
129.31768798828125 159.0
89.77657318115234 126.0
109.66536712646484 154.0
91.17799377441406 132.0
75.81793212890625 124.0
75.35375213623047 112.0
91.99806213378906 119.0
106.30872344970703 139.0
129.20541381835938 167.0
94.63429260253906 135.0
120.09192657470703 160.0
90.50764465332031 122.0
88.00084686279297 118.0
129.4932861328125 176.0
130.32582092285156 169.0
91.34061431884766 127.0
99.73442840576172 134.0
68.80142974853516 121.0
81.18975830078125 122.0
96.44964599609375 128.0
118.52539825439453 154.0
86.63356018066406 108.0
127.72221374511719 155.0
124.35041809082031 167.0
95.17283630371094 130.0
94.06553649902344 115.0
133.01641845703125 167.0
112.3825912475586 148.0
121.55410766601562 171.0
75.8502426147461 111.0
77.62149047851562 122.0
80.8178939819336 106.0
76.46825408935547 114.0
114.53851318359375 143.0
112.67013549804688 144.0
70.69627380371094 114.0
84.47793579101562 125.0
87.03622436523438 111.0
122.86353302001953 146.0
101.41648864746094 130.0
80.88479614257812 120.0
106.61261749267578 134.0
88.10830688476562 126.0
103.6037826538086 136.0
119.41751098632812 153.0
131.86083984375 167.0
105.04756927490234 133.0
82.76974487304688 116.0
90.98397827148438 106.0
83.23685455322266 120.0
122.60397338867188 161.0
83.64488220214844 129.0
107.79033660888672 150.0
98.69337463378906 130.0
71.88966369628906 110.0
88.38066864013672 127.0
96.41920471191406 126.0
93.25463104248047 134.0
104.09491729736328 144.0
83.29727172851562 114.0
69.40933990478516 111.0
90.1084213256836 134.0
96.91230010986328 128.0
127.22578430175781 158.0
82.28489685058594 110.0
117.37333679199219 153.0
109.96894073486328 149.0
115.59613037109375 162.0
94.98698425292969 132.0
84.24945068359375 117.0
47.78230667114258 122.0
121.60589599609375 159.0
96.01567840576172 126.0
109.89735412597656 154.0
96.04540252685547 132.0
85.6712646484375 124.0
77.38959503173828 112.0
82.86770629882812 119.0
102.64639282226562 139.0
125.86973571777344 167.0
96.8303451538086 135.0
125.64642333984375 160.0
85.73939514160156 122.0
90.3533935546875 118.0
127.53005981445312 176.0
128.03150939941406 169.0
92.01296997070312 127.0
92.31105041503906 134.0
81.07278442382812 121.0
85.54447937011719 122.0
90.2027359008789 128.0
115.60249328613281 154.0
84.69635009765625 108.0
121.55695343017578 155.0
127.91632843017578 167.0
89.7264633178711 130.0
88.03353118896484 115.0
132.20057678222656 167.0
105.12908935546875 148.0
126.87066650390625 171.0
86.41336059570312 111.0
80.76873016357422 122.0
80.38814544677734 106.0
86.84577178955078 114.0
109.25690460205078 143.0
113.7324447631836 144.0
74.44618225097656 114.0
93.87945556640625 125.0
83.19512939453125 111.0
119.51704406738281 146.0
100.98665618896484 130.0
77.48561096191406 120.0
103.04229736328125 134.0
86.79730224609375 126.0
105.25689697265625 136.0
122.02891540527344 153.0
124.99717712402344 167.0
97.91777801513672 133.0
80.63783264160156 116.0
81.8853759765625 106.0
81.39132690429688 120.0
117.06103515625 161.0
88.94984436035156 129.0
110.1214599609375 150.0
94.3033676147461 130.0
70.87457275390625 110.0
91.8214340209961 127.0
95.96939849853516 126.0
108.95189666748047 134.0
119.55960083007812 144.0
74.65373992919922 114.0
68.33445739746094 111.0
91.70121765136719 134.0
100.99359893798828 128.0
117.43777465820312 158.0
77.94055938720703 110.0
118.4900131225586 153.0
109.17410278320312 149.0
120.26114654541016 162.0
89.90309143066406 132.0
84.9339828491211 117.0
77.53739929199219 122.0
158.07542419433594 159.0
119.48494720458984 126.0
141.14715576171875 154.0
124.78831481933594 132.0
114.8664779663086 124.0
96.55267333984375 112.0
109.98836517333984 119.0
109.22596740722656 139.0
159.11868286132812 167.0
119.38067626953125 135.0
137.19688415527344 160.0
113.18486022949219 122.0
116.73036193847656 118.0
130.68771362304688 176.0
162.854248046875 169.0
116.16888427734375 127.0
125.25933837890625 134.0
101.94969940185547 121.0
101.53329467773438 122.0
122.21409606933594 128.0
145.28726196289062 154.0
112.9041976928711 108.0
152.76504516601562 155.0
160.24542236328125 167.0
123.13162231445312 130.0
117.11717987060547 115.0
170.18182373046875 167.0
130.79782104492188 148.0
156.40782165527344 171.0
94.37751770019531 111.0
108.5406265258789 122.0
96.3047866821289 106.0
104.81380462646484 114.0
134.8061981201172 143.0
142.7854461669922 144.0
98.09844970703125 114.0
114.60840606689453 125.0
111.84431457519531 111.0
152.62818908691406 146.0
133.37490844726562 130.0
102.07660675048828 120.0
134.89315795898438 134.0
110.98721313476562 126.0
132.37063598632812 136.0
146.9775390625 153.0
140.7078094482422 167.0
129.8791961669922 133.0
106.35969543457031 116.0
111.91961669921875 106.0
107.69597625732422 120.0
145.13983154296875 161.0
109.07637023925781 129.0
137.70962524414062 150.0
127.75833129882812 130.0
98.05435180664062 110.0
114.18290710449219 127.0
123.21044921875 126.0
124.04144287109375 134.0
140.136474609375 144.0
101.59310913085938 114.0
73.17811584472656 111.0
113.77845001220703 134.0
126.49482727050781 128.0
154.95480346679688 158.0
108.46720123291016 110.0
150.84934997558594 153.0
140.01124572753906 149.0
148.29396057128906 162.0
122.57205963134766 132.0
112.99150085449219 117.0
72.43988037109375 122.0
182.259765625 159.0
136.4105224609375 126.0
161.44955444335938 154.0
137.0581817626953 132.0
122.91045379638672 124.0
121.51066589355469 112.0
147.47488403320312 119.0
145.37185668945312 139.0
179.92030334472656 167.0
129.0947723388672 135.0
160.32809448242188 160.0
125.96937561035156 122.0
129.97508239746094 118.0
184.27850341796875 176.0
178.14141845703125 169.0
130.91567993164062 127.0
156.76983642578125 134.0
130.6604461669922 121.0
129.46102905273438 122.0
147.23187255859375 128.0
166.5753631591797 154.0
122.40048217773438 108.0
172.9340362548828 155.0
165.42372131347656 167.0
139.9539337158203 130.0
134.13511657714844 115.0
177.59359741210938 167.0
157.52333068847656 148.0
169.99703979492188 171.0
117.74576568603516 111.0
124.37459564208984 122.0
114.98949432373047 106.0
126.15339660644531 114.0
159.59664916992188 143.0
159.6444854736328 144.0
117.47459411621094 114.0
133.7626190185547 125.0
128.61956787109375 111.0
167.40884399414062 146.0
146.49560546875 130.0
130.91903686523438 120.0
149.1453857421875 134.0
135.0267791748047 126.0
146.8977813720703 136.0
158.2315673828125 153.0
168.33924865722656 167.0
148.10333251953125 133.0
129.37388610839844 116.0
130.7530059814453 106.0
132.87290954589844 120.0
167.65145874023438 161.0
128.3973388671875 129.0
169.47129821777344 150.0
145.43060302734375 130.0
121.96424865722656 110.0
134.90846252441406 127.0
142.95187377929688 126.0
158.36697387695312 134.0
158.38014221191406 144.0
132.81507873535156 114.0
111.54518127441406 111.0
134.55029296875 134.0
145.89027404785156 128.0
172.19757080078125 158.0
131.75440979003906 110.0
161.86184692382812 153.0
158.7173309326172 149.0
167.6999053955078 162.0
149.75625610351562 132.0
126.08840942382812 117.0
127.04537963867188 122.0
205.18972778320312 159.0
159.2901611328125 126.0
185.73326110839844 154.0
159.9158935546875 132.0
138.58544921875 124.0
135.3580780029297 112.0
165.31797790527344 119.0
176.3218994140625 139.0
210.70968627929688 167.0
159.1077880859375 135.0
194.7223663330078 160.0
151.42054748535156 122.0
156.27159118652344 118.0
224.79498291015625 176.0
209.64093017578125 169.0
159.5362091064453 127.0
168.89076232910156 134.0
125.93610382080078 121.0
142.8724822998047 122.0
165.5894012451172 128.0
196.58177185058594 154.0
146.17752075195312 108.0
205.5963134765625 155.0
188.74278259277344 167.0
162.46751403808594 130.0
154.53125 115.0
202.21035766601562 167.0
175.249267578125 148.0
208.91397094726562 171.0
142.87660217285156 111.0
142.36073303222656 122.0
145.20643615722656 106.0
149.42303466796875 114.0
182.52835083007812 143.0
193.93185424804688 144.0
136.09445190429688 114.0
149.7582550048828 125.0
142.74424743652344 111.0
188.97483825683594 146.0
166.6715087890625 130.0
156.20465087890625 120.0
167.6958770751953 134.0
145.23367309570312 126.0
163.31155395507812 136.0
185.59400939941406 153.0
213.0763702392578 167.0
169.0216064453125 133.0
150.82061767578125 116.0
144.92620849609375 106.0
150.88595581054688 120.0
193.15980529785156 161.0
139.54774475097656 129.0
171.9351348876953 150.0
176.59130859375 130.0
139.69964599609375 110.0
140.3043670654297 127.0
154.4993896484375 126.0
157.69793701171875 134.0
168.18418884277344 144.0
159.2022705078125 114.0
139.75942993164062 111.0
159.21389770507812 134.0
175.41213989257812 128.0
199.14517211914062 158.0
151.8133087158203 110.0
188.3546905517578 153.0
180.3546600341797 149.0
205.12501525878906 162.0
171.15939331054688 132.0
135.74981689453125 117.0
134.03192138671875 122.0
164.13616943359375 159.0
124.65473937988281 126.0
144.43496704101562 154.0
123.99230194091797 132.0
116.69414520263672 124.0
113.72052001953125 112.0
128.8149871826172 119.0
134.37274169921875 139.0
166.896484375 167.0
123.0800552368164 135.0
148.27719116210938 160.0
117.05186462402344 122.0
120.08953857421875 118.0
165.20770263671875 176.0
164.56494140625 169.0
122.57808685302734 127.0
134.2870635986328 134.0
117.980712890625 121.0
122.13880920410156 122.0
128.12939453125 128.0
153.88458251953125 154.0
116.28681182861328 108.0
160.77003479003906 155.0
156.07965087890625 167.0
125.36846160888672 130.0
120.70314025878906 115.0
162.0640411376953 167.0
145.2342071533203 148.0
158.44703674316406 171.0
109.26459503173828 111.0
112.46098327636719 122.0
106.10617065429688 106.0
117.404296875 114.0
143.101318359375 143.0
148.85287475585938 144.0
113.3271484375 114.0
128.9960174560547 125.0
116.07780456542969 111.0
150.9481658935547 146.0
132.1190185546875 130.0
116.45829772949219 120.0
134.52838134765625 134.0
122.74799346923828 126.0
129.45668029785156 136.0
146.91188049316406 153.0
152.36521911621094 167.0
139.20655822753906 133.0
118.78653717041016 116.0
117.36941528320312 106.0
118.7900619506836 120.0
152.50086975097656 161.0
118.12517547607422 129.0
155.24331665039062 150.0
134.70611572265625 130.0
109.93437957763672 110.0
125.52667236328125 127.0
129.300537109375 126.0
151.2567901611328 134.0
158.7119903564453 144.0
120.58723449707031 114.0
98.97613525390625 111.0
124.23052978515625 134.0
135.3673858642578 128.0
152.83056640625 158.0
118.27108001708984 110.0
149.93798828125 153.0
146.8785400390625 149.0
154.49920654296875 162.0
130.85711669921875 132.0
112.34034729003906 117.0
117.11676025390625 122.0
154.94512939453125 159.0
111.14710998535156 126.0
132.7505340576172 154.0
115.87432861328125 132.0
102.94365692138672 124.0
98.32426452636719 112.0
108.42015838623047 119.0
130.0480499267578 139.0
158.74468994140625 167.0
116.96061706542969 135.0
145.45457458496094 160.0
108.48068237304688 122.0
110.08804321289062 118.0
146.0051727294922 176.0
154.5619354248047 169.0
113.05010986328125 127.0
118.35481262207031 134.0
90.10974884033203 121.0
106.32270050048828 122.0
112.51712799072266 128.0
152.84915161132812 154.0
106.20977783203125 108.0
154.55503845214844 155.0
148.36293029785156 167.0
114.088134765625 130.0
111.0971908569336 115.0
156.24249267578125 167.0
132.865234375 148.0
148.8569793701172 171.0
100.842529296875 111.0
103.59382629394531 122.0
107.94601440429688 106.0
102.17987823486328 114.0
137.6975860595703 143.0
139.11180114746094 144.0
94.71044921875 114.0
110.66212463378906 125.0
109.49800109863281 111.0
141.55673217773438 146.0
125.03500366210938 130.0
99.16634368896484 120.0
128.9287567138672 134.0
108.83642578125 126.0
121.33072662353516 136.0
140.05096435546875 153.0
146.62286376953125 167.0
126.23997497558594 133.0
106.47359466552734 116.0
107.89724731445312 106.0
103.68624114990234 120.0
147.99288940429688 161.0
100.45178985595703 129.0
133.60304260253906 150.0
116.19890594482422 130.0
94.30126953125 110.0
105.89543151855469 127.0
114.83566284179688 126.0
123.65818786621094 134.0
133.30393981933594 144.0
99.17577362060547 114.0
89.91728210449219 111.0
115.14907836914062 134.0
118.00931549072266 128.0
147.8497314453125 158.0
99.48379516601562 110.0
143.47080993652344 153.0
129.88034057617188 149.0
154.96014404296875 162.0
119.21055603027344 132.0
103.3917465209961 117.0
90.78099060058594 122.0
170.32505798339844 159.0
123.0452880859375 126.0
145.1525115966797 154.0
126.88690185546875 132.0
114.59193420410156 124.0
112.46941375732422 112.0
124.94277954101562 119.0
137.031982421875 139.0
168.39138793945312 167.0
126.1292495727539 135.0
155.39816284179688 160.0
117.59659576416016 122.0
121.39321899414062 118.0
174.68234252929688 176.0
168.51504516601562 169.0
122.03026580810547 127.0
131.1328887939453 134.0
109.95026397705078 121.0
120.53868103027344 122.0
125.64669799804688 128.0
161.036865234375 154.0
116.03790283203125 108.0
163.75050354003906 155.0
160.71343994140625 167.0
126.51773071289062 130.0
121.88330841064453 115.0
169.34417724609375 167.0
146.9251708984375 148.0
162.86326599121094 171.0
109.37215423583984 111.0
114.05695343017578 122.0
112.44621276855469 106.0
115.08392333984375 114.0
145.71847534179688 143.0
149.54110717773438 144.0
104.05802917480469 114.0
121.98307800292969 125.0
118.0625228881836 111.0
154.64291381835938 146.0
136.8994140625 130.0
112.38522338867188 120.0
137.88816833496094 134.0
124.53656768798828 126.0
133.84713745117188 136.0
151.42965698242188 153.0
165.9357452392578 167.0
137.33380126953125 133.0
115.28642272949219 116.0
115.50625610351562 106.0
114.80546569824219 120.0
156.09371948242188 161.0
114.59512329101562 129.0
148.7376708984375 150.0
131.78128051757812 130.0
104.6585464477539 110.0
117.86729431152344 127.0
125.58892822265625 126.0
137.56056213378906 134.0
150.4184112548828 144.0
115.34834289550781 114.0
99.20195770263672 111.0
124.39762115478516 134.0
130.9391326904297 128.0
163.41827392578125 158.0
112.74461364746094 110.0
157.7900390625 153.0
141.6995849609375 149.0
164.15292358398438 162.0
131.32730102539062 132.0
114.30428314208984 117.0
106.79922485351562 122.0
162.57064819335938 159.0
118.18031311035156 126.0
139.28440856933594 154.0
122.56077575683594 132.0
111.27021789550781 124.0
108.52311706542969 112.0
119.01628112792969 119.0
130.55897521972656 139.0
161.11306762695312 167.0
121.18414306640625 135.0
148.7297821044922 160.0
112.15899658203125 122.0
116.19102478027344 118.0
168.5419921875 176.0
161.26821899414062 169.0
116.46372985839844 127.0
126.2421875 134.0
107.0425796508789 121.0
117.00975036621094 122.0
121.11404418945312 128.0
154.11102294921875 154.0
110.92601013183594 108.0
155.66180419921875 155.0
155.0497283935547 167.0
122.9021224975586 130.0
116.33610534667969 115.0
162.1059112548828 167.0
140.89857482910156 148.0
156.18601989746094 171.0
105.86483764648438 111.0
110.23394775390625 122.0
107.11172485351562 106.0
110.65874481201172 114.0
139.16806030273438 143.0
143.14508056640625 144.0
100.52996826171875 114.0
118.09132385253906 125.0
113.2136001586914 111.0
148.6336212158203 146.0
130.42727661132812 130.0
107.04090881347656 120.0
131.1788787841797 134.0
119.99700164794922 126.0
130.10240173339844 136.0
145.8888702392578 153.0
159.0985870361328 167.0
132.33895874023438 133.0
110.36122131347656 116.0
109.53738403320312 106.0
110.19816589355469 120.0
149.1184844970703 161.0
111.57217407226562 129.0
143.57887268066406 150.0
126.41034698486328 130.0
100.05387878417969 110.0
114.54129791259766 127.0
121.32882690429688 126.0
133.42221069335938 134.0
146.692626953125 144.0
109.67449951171875 114.0
94.50068664550781 111.0
119.20295715332031 134.0
125.9180908203125 128.0
156.20639038085938 158.0
108.44623565673828 110.0
150.5496826171875 153.0
136.92637634277344 149.0
156.64846801757812 162.0
124.73715209960938 132.0
111.11819458007812 117.0
103.62882995605469 122.0
166.56613159179688 159.0
122.68537902832031 126.0
143.5259246826172 154.0
126.97908782958984 132.0
114.86683654785156 124.0
110.65624237060547 112.0
122.99853515625 119.0
132.7581787109375 139.0
164.84573364257812 167.0
124.17987823486328 135.0
153.86961364746094 160.0
114.77322387695312 122.0
120.1817398071289 118.0
176.57839965820312 176.0
166.62326049804688 169.0
120.05744171142578 127.0
129.52725219726562 134.0
111.11673736572266 121.0
118.5859603881836 122.0
124.31109619140625 128.0
157.048583984375 154.0
114.89805603027344 108.0
159.86532592773438 155.0
159.4317626953125 167.0
126.22545623779297 130.0
119.26341247558594 115.0
169.95855712890625 167.0
144.3767547607422 148.0
161.0330047607422 171.0
107.97589111328125 111.0
112.93095397949219 122.0
107.86457824707031 106.0
114.4871597290039 114.0
141.9213104248047 143.0
147.87965393066406 144.0
102.89894104003906 114.0
121.86698913574219 125.0
115.72882843017578 111.0
154.28375244140625 146.0
134.28359985351562 130.0
110.63314819335938 120.0
134.48890686035156 134.0
123.4898681640625 126.0
133.8193359375 136.0
151.81448364257812 153.0
165.55276489257812 167.0
135.32891845703125 133.0
113.02204895019531 116.0
112.38963317871094 106.0
114.15907287597656 120.0
152.45745849609375 161.0
114.96678161621094 129.0
146.5836639404297 150.0
130.890625 130.0
103.02467346191406 110.0
117.91567993164062 127.0
125.60425567626953 126.0
137.3253173828125 134.0
151.5497589111328 144.0
113.14891052246094 114.0
95.52942657470703 111.0
122.26815795898438 134.0
130.5851593017578 128.0
160.60023498535156 158.0
111.8365478515625 110.0
157.97137451171875 153.0
141.30946350097656 149.0
160.6879425048828 162.0
128.8667755126953 132.0
114.33501434326172 117.0
106.04560852050781 122.0
159.96324157714844 159.0
119.36381530761719 126.0
139.3997802734375 154.0
122.85990905761719 132.0
111.178955078125 124.0
107.04379272460938 112.0
117.12211608886719 119.0
130.76324462890625 139.0
159.64697265625 167.0
120.75653839111328 135.0
150.21044921875 160.0
110.88091278076172 122.0
115.4918212890625 118.0
169.32566833496094 176.0
160.77285766601562 169.0
116.44096374511719 127.0
123.88154602050781 134.0
106.5754623413086 121.0
115.24057006835938 122.0
118.71856689453125 128.0
152.1354522705078 154.0
111.26392364501953 108.0
154.0469970703125 155.0
154.18548583984375 167.0
121.60162353515625 130.0
115.17984008789062 115.0
162.99237060546875 167.0
139.50857543945312 148.0
155.5272674560547 171.0
106.42131042480469 111.0
107.82484436035156 122.0
105.26620483398438 106.0
111.36775970458984 114.0
137.4186553955078 143.0
143.55960083007812 144.0
99.20002746582031 114.0
118.54763793945312 125.0
112.13787078857422 111.0
148.46563720703125 146.0
128.95321655273438 130.0
106.84114074707031 120.0
129.7843780517578 134.0
119.68020629882812 126.0
128.85427856445312 136.0
146.26571655273438 153.0
159.34231567382812 167.0
130.61215209960938 133.0
109.42037200927734 116.0
107.76449584960938 106.0
109.78763580322266 120.0
147.5835723876953 161.0
111.57681274414062 129.0
141.5366668701172 150.0
125.96205139160156 130.0
99.67278289794922 110.0
114.45831298828125 127.0
120.53994750976562 126.0
134.63217163085938 134.0
147.60450744628906 144.0
106.85350036621094 114.0
93.79297637939453 111.0
119.07188415527344 134.0
126.54910278320312 128.0
154.29393005371094 158.0
107.11432647705078 110.0
151.7598876953125 153.0
137.33932495117188 149.0
155.11233520507812 162.0
123.3446044921875 132.0
110.53290557861328 117.0
102.71646881103516 122.0
153.2935791015625 159.0
113.39900970458984 126.0
131.74124145507812 154.0
116.94586944580078 132.0
107.25298309326172 124.0
103.33582305908203 112.0
110.61131286621094 119.0
124.14398193359375 139.0
151.5443572998047 167.0
115.02777099609375 135.0
143.2021026611328 160.0
105.55561828613281 122.0
110.19747161865234 118.0
163.0118865966797 176.0
152.58961486816406 169.0
110.60515594482422 127.0
118.40042114257812 134.0
104.90768432617188 121.0
111.6490478515625 122.0
114.05892181396484 128.0
145.94569396972656 154.0
105.97046661376953 108.0
146.73135375976562 155.0
148.54556274414062 167.0
116.86032104492188 130.0
109.0035400390625 115.0
156.45773315429688 167.0
133.63121032714844 148.0
148.2333221435547 171.0
101.46444702148438 111.0
104.76158142089844 122.0
100.70133972167969 106.0
106.13317108154297 114.0
131.60665893554688 143.0
135.9261932373047 144.0
95.42306518554688 114.0
113.30387878417969 125.0
106.1497573852539 111.0
141.99017333984375 146.0
123.0087661743164 130.0
101.7387466430664 120.0
123.48705291748047 134.0
115.0385513305664 126.0
123.79110717773438 136.0
140.12721252441406 153.0
152.991943359375 167.0
124.87283325195312 133.0
103.13008117675781 116.0
102.0656509399414 106.0
104.32684326171875 120.0
140.67111206054688 161.0
107.49569702148438 129.0
137.3115234375 150.0
121.60416412353516 130.0
94.88108825683594 110.0
109.89031982421875 127.0
115.5028076171875 126.0
128.8953094482422 134.0
143.07337951660156 144.0
102.9845962524414 114.0
89.98221588134766 111.0
113.47735595703125 134.0
120.07852172851562 128.0
147.31256103515625 158.0
102.838623046875 110.0
145.19602966308594 153.0
130.55636596679688 149.0
148.0731201171875 162.0
117.52229309082031 132.0
106.39558410644531 117.0
98.55876922607422 122.0
176.64476013183594 159.0
123.99559020996094 126.0
149.5494842529297 154.0
129.95481872558594 132.0
117.01604461669922 124.0
113.64524841308594 112.0
128.93931579589844 119.0
137.03207397460938 139.0
171.48294067382812 167.0
128.95648193359375 135.0
154.0368194580078 160.0
118.5259017944336 122.0
121.9848403930664 118.0
180.0802001953125 176.0
171.5703582763672 169.0
124.27466583251953 127.0
139.60714721679688 134.0
114.80645751953125 121.0
121.62507629394531 122.0
131.74061584472656 128.0
164.3499298095703 154.0
118.01326751708984 108.0
165.59686279296875 155.0
163.96473693847656 167.0
133.4728546142578 130.0
124.49962615966797 115.0
168.82208251953125 167.0
149.97222900390625 148.0
165.68780517578125 171.0
109.73625946044922 111.0
116.18553924560547 122.0
112.30551147460938 106.0
116.79779815673828 114.0
148.56680297851562 143.0
153.4248046875 144.0
106.7583999633789 114.0
124.95817565917969 125.0
121.06440734863281 111.0
157.5501708984375 146.0
136.51986694335938 130.0
114.4773941040039 120.0
139.23667907714844 134.0
125.79751586914062 126.0
138.50030517578125 136.0
152.7325439453125 153.0
168.9085693359375 167.0
141.10662841796875 133.0
117.87434387207031 116.0
117.97587585449219 106.0
118.69522094726562 120.0
158.7042999267578 161.0
118.63453674316406 129.0
155.04864501953125 150.0
138.76109313964844 130.0
106.19212341308594 110.0
121.9740219116211 127.0
129.5974578857422 126.0
141.06459045410156 134.0
156.4147186279297 144.0
117.43386840820312 114.0
99.42035675048828 111.0
125.79271697998047 134.0
135.8768310546875 128.0
168.92115783691406 158.0
118.25458526611328 110.0
158.57562255859375 153.0
149.2615509033203 149.0
166.1033935546875 162.0
134.65478515625 132.0
117.55097961425781 117.0
108.70713806152344 122.0
173.56944274902344 159.0
127.99107360839844 126.0
150.7942352294922 154.0
133.58535766601562 132.0
120.09549713134766 124.0
115.2190170288086 112.0
128.361083984375 119.0
141.1405029296875 139.0
174.37832641601562 167.0
132.11325073242188 135.0
161.84051513671875 160.0
121.38334655761719 122.0
125.3498764038086 118.0
180.97238159179688 176.0
175.8845977783203 169.0
126.76305389404297 127.0
138.29481506347656 134.0
112.10655975341797 121.0
122.89418029785156 122.0
131.44195556640625 128.0
166.2054443359375 154.0
121.70220947265625 108.0
168.75534057617188 155.0
166.55625915527344 167.0
132.51730346679688 130.0
126.79387664794922 115.0
176.2524871826172 167.0
150.57411193847656 148.0
169.97254943847656 171.0
113.65110778808594 111.0
117.74946594238281 122.0
115.69463348388672 106.0
119.4239501953125 114.0
150.16748046875 143.0
156.1975860595703 144.0
108.19012451171875 114.0
126.97285461425781 125.0
122.51570892333984 111.0
161.88470458984375 146.0
140.35377502441406 130.0
116.82501220703125 120.0
142.42916870117188 134.0
128.28530883789062 126.0
139.01620483398438 136.0
158.67922973632812 153.0
172.0738525390625 167.0
142.30313110351562 133.0
119.44082641601562 116.0
119.39849090576172 106.0
120.50250244140625 120.0
161.544921875 161.0
118.74020385742188 129.0
149.2244873046875 150.0
136.41705322265625 130.0
108.29190063476562 110.0
122.72464752197266 127.0
129.78878784179688 126.0
138.47535705566406 134.0
155.58840942382812 144.0
118.64149475097656 114.0
102.98413848876953 111.0
129.30551147460938 134.0
137.71356201171875 128.0
168.42433166503906 158.0
117.55106353759766 110.0
165.93609619140625 153.0
149.65293884277344 149.0
169.40231323242188 162.0
136.803955078125 132.0
119.23353576660156 117.0
109.68588256835938 122.0
172.1756591796875 159.0
124.08171844482422 126.0
146.94837951660156 154.0
128.4723358154297 132.0
117.30126953125 124.0
113.94705963134766 112.0
125.92526245117188 119.0
136.75001525878906 139.0
167.135009765625 167.0
128.07054138183594 135.0
154.23219299316406 160.0
115.21480560302734 122.0
120.42335510253906 118.0
175.68360900878906 176.0
167.51759338378906 169.0
122.31787109375 127.0
136.04953002929688 134.0
113.728271484375 121.0
122.43963623046875 122.0
128.80361938476562 128.0
161.63938903808594 154.0
115.895263671875 108.0
161.13929748535156 155.0
163.20750427246094 167.0
129.50746154785156 130.0
119.76412963867188 115.0
166.86036682128906 167.0
148.1861572265625 148.0
164.583251953125 171.0
110.61173248291016 111.0
114.37654113769531 122.0
111.90067291259766 106.0
116.91902923583984 114.0
144.32798767089844 143.0
150.75326538085938 144.0
106.19698333740234 114.0
126.38445281982422 125.0
118.42801666259766 111.0
154.04425048828125 146.0
134.3447723388672 130.0
112.47400665283203 120.0
135.28648376464844 134.0
126.07743835449219 126.0
137.19680786132812 136.0
151.36732482910156 153.0
165.30023193359375 167.0
138.95843505859375 133.0
116.31001281738281 116.0
112.35749816894531 106.0
116.03364562988281 120.0
154.5070343017578 161.0
118.83708953857422 129.0
150.9539337158203 150.0
132.4355926513672 130.0
103.45926666259766 110.0
122.34601593017578 127.0
128.61907958984375 126.0
141.4524383544922 134.0
157.40966796875 144.0
115.52845001220703 114.0
99.92291259765625 111.0
124.18807983398438 134.0
134.3371124267578 128.0
164.7484130859375 158.0
115.91415405273438 110.0
156.8693389892578 153.0
147.1781463623047 149.0
164.62181091308594 162.0
131.39712524414062 132.0
117.17620849609375 117.0
109.55017852783203 122.0
168.15814208984375 159.0
124.12054443359375 126.0
145.65264892578125 154.0
127.35746765136719 132.0
115.47896575927734 124.0
112.70899200439453 112.0
123.97088623046875 119.0
137.62960815429688 139.0
166.52685546875 167.0
127.34285736083984 135.0
155.1378173828125 160.0
116.02659606933594 122.0
120.78337097167969 118.0
173.77035522460938 176.0
167.59527587890625 169.0
123.14366149902344 127.0
133.34800720214844 134.0
112.98904418945312 121.0
121.17024993896484 122.0
126.82215881347656 128.0
160.2896270751953 154.0
115.66743469238281 108.0
160.6952667236328 155.0
161.81106567382812 167.0
127.65397644042969 130.0
120.49850463867188 115.0
167.18505859375 167.0
145.38650512695312 148.0
163.4486541748047 171.0
110.75376892089844 111.0
112.66769409179688 122.0
113.01893615722656 106.0
116.54183197021484 114.0
145.22142028808594 143.0
150.71595764160156 144.0
105.43587493896484 114.0
125.95068359375 125.0
118.75489807128906 111.0
154.22164916992188 146.0
134.8760223388672 130.0
113.25772094726562 120.0
135.09678649902344 134.0
124.28054809570312 126.0
134.86212158203125 136.0
151.45489501953125 153.0
163.13644409179688 167.0
136.45556640625 133.0
117.86572265625 116.0
113.16378784179688 106.0
115.98046112060547 120.0
154.3333282470703 161.0
116.49586486816406 129.0
148.6167449951172 150.0
129.72555541992188 130.0
103.80927276611328 110.0
120.55738067626953 127.0
125.91925048828125 126.0
142.4150848388672 134.0
155.27340698242188 144.0
115.08032989501953 114.0
100.04896545410156 111.0
125.05801391601562 134.0
133.42788696289062 128.0
161.30316162109375 158.0
114.06454467773438 110.0
156.72756958007812 153.0
144.6628875732422 149.0
163.12948608398438 162.0
130.97467041015625 132.0
114.47294616699219 117.0
110.44674682617188 122.0
167.23362731933594 159.0
123.62884521484375 126.0
144.63592529296875 154.0
128.19798278808594 132.0
117.1603012084961 124.0
112.35868835449219 112.0
123.76254272460938 119.0
134.5669403076172 139.0
164.7327117919922 167.0
127.43094635009766 135.0
154.02920532226562 160.0
115.23473358154297 122.0
120.97348022460938 118.0
172.87799072265625 176.0
167.1314697265625 169.0
122.3984375 127.0
135.10963439941406 134.0
110.77154541015625 121.0
120.91874694824219 122.0
128.004150390625 128.0
159.9149169921875 154.0
116.0570297241211 108.0
158.8311767578125 155.0
160.77813720703125 167.0
129.1722869873047 130.0
119.72488403320312 115.0
167.82571411132812 167.0
144.68362426757812 148.0
163.11001586914062 171.0
110.75588989257812 111.0
114.4756851196289 122.0
111.03697204589844 106.0
115.80089569091797 114.0
143.02162170410156 143.0
149.99456787109375 144.0
106.3414535522461 114.0
124.80757141113281 125.0
118.26868438720703 111.0
153.9795684814453 146.0
134.00828552246094 130.0
111.3983383178711 120.0
134.51255798339844 134.0
124.62078094482422 126.0
135.68714904785156 136.0
151.4725341796875 153.0
163.73745727539062 167.0
138.04669189453125 133.0
116.24159240722656 116.0
112.40332794189453 106.0
114.98387145996094 120.0
152.7227020263672 161.0
117.15489959716797 129.0
147.1971435546875 150.0
132.75741577148438 130.0
102.86457824707031 110.0
121.16423034667969 127.0
126.88743591308594 126.0
137.53286743164062 134.0
152.67459106445312 144.0
113.42644500732422 114.0
97.99064636230469 111.0
124.12825012207031 134.0
133.37156677246094 128.0
161.34571838378906 158.0
114.90876007080078 110.0
156.871337890625 153.0
145.9374542236328 149.0
162.2529296875 162.0
129.921875 132.0
115.97525024414062 117.0
108.51514434814453 122.0
163.49497985839844 159.0
120.66526794433594 126.0
141.32054138183594 154.0
124.69358825683594 132.0
113.21613311767578 124.0
107.57001495361328 112.0
119.43861389160156 119.0
134.1637420654297 139.0
162.31333923339844 167.0
124.1099624633789 135.0
153.13323974609375 160.0
112.81803131103516 122.0
118.16629791259766 118.0
175.26419067382812 176.0
164.26919555664062 169.0
119.0948715209961 127.0
128.91957092285156 134.0
109.21966552734375 121.0
117.12306213378906 122.0
122.72282409667969 128.0
155.927734375 154.0
113.11897277832031 108.0
156.83169555664062 155.0
156.74183654785156 167.0
124.99429321289062 130.0
117.04912567138672 115.0
165.77685546875 167.0
142.3601531982422 148.0
159.2405242919922 171.0
109.00008392333984 111.0
111.78462982177734 122.0
108.08457946777344 106.0
113.53410339355469 114.0
141.27102661132812 143.0
145.87945556640625 144.0
102.537353515625 114.0
120.3985824584961 125.0
114.48916625976562 111.0
151.1172637939453 146.0
130.8162078857422 130.0
109.61981964111328 120.0
131.03515625 134.0
120.51980590820312 126.0
131.33932495117188 136.0
149.73968505859375 153.0
163.83106994628906 167.0
132.1954803466797 133.0
112.63492584228516 116.0
109.30402374267578 106.0
112.43598175048828 120.0
150.64596557617188 161.0
112.76217651367188 129.0
144.63661193847656 150.0
128.3868408203125 130.0
101.5767822265625 110.0
115.47288513183594 127.0
122.5660400390625 126.0
134.54649353027344 134.0
148.9991455078125 144.0
112.43189239501953 114.0
98.3102035522461 111.0
121.91435241699219 134.0
128.47183227539062 128.0
157.33697509765625 158.0
110.90458679199219 110.0
154.6996307373047 153.0
139.87454223632812 149.0
159.10289001464844 162.0
126.48442840576172 132.0
112.54508972167969 117.0
106.61650848388672 122.0
174.44322204589844 159.0
124.81375122070312 126.0
146.80760192871094 154.0
129.09788513183594 132.0
118.62236022949219 124.0
114.05589294433594 112.0
126.68296813964844 119.0
138.5558624267578 139.0
169.93270874023438 167.0
130.8406982421875 135.0
155.46958923339844 160.0
117.10668182373047 122.0
121.50564575195312 118.0
175.92349243164062 176.0
169.97802734375 169.0
123.68588256835938 127.0
138.96292114257812 134.0
111.91432189941406 121.0
122.53031921386719 122.0
130.47030639648438 128.0
164.40447998046875 154.0
117.76764678955078 108.0
163.94485473632812 155.0
163.70233154296875 167.0
130.6082763671875 130.0
121.68126678466797 115.0
167.81495666503906 167.0
148.80279541015625 148.0
168.1300506591797 171.0
111.3382568359375 111.0
115.45755004882812 122.0
114.44039916992188 106.0
117.16877746582031 114.0
146.72860717773438 143.0
151.2686004638672 144.0
106.76335144042969 114.0
125.98816680908203 125.0
120.63623809814453 111.0
155.36978149414062 146.0
136.15350341796875 130.0
113.16962432861328 120.0
136.48501586914062 134.0
125.22567749023438 126.0
137.40525817871094 136.0
152.9418182373047 153.0
166.82257080078125 167.0
139.95237731933594 133.0
117.2410888671875 116.0
113.84634399414062 106.0
115.81047058105469 120.0
156.42538452148438 161.0
118.08281707763672 129.0
150.85507202148438 150.0
133.09381103515625 130.0
103.17884826660156 110.0
120.92362976074219 127.0
128.4742889404297 126.0
139.3190155029297 134.0
154.8265380859375 144.0
117.9700927734375 114.0
101.0495834350586 111.0
125.13419342041016 134.0
134.65380859375 128.0
167.72833251953125 158.0
118.01258087158203 110.0
158.9698944091797 153.0
148.02963256835938 149.0
168.1467742919922 162.0
133.38070678710938 132.0
116.37887573242188 117.0
110.07416534423828 122.0
161.42996215820312 159.0
117.96189880371094 126.0
139.4955596923828 154.0
122.90194702148438 132.0
110.54378509521484 124.0
106.99742126464844 112.0
118.10636138916016 119.0
131.91622924804688 139.0
159.6460418701172 167.0
121.53811645507812 135.0
149.50393676757812 160.0
109.76997375488281 122.0
114.10099029541016 118.0
167.8341064453125 176.0
159.84007263183594 169.0
115.18869018554688 127.0
126.26776885986328 134.0
107.73703002929688 121.0
115.85714721679688 122.0
119.8528823852539 128.0
153.435546875 154.0
110.60107421875 108.0
153.40121459960938 155.0
153.77597045898438 167.0
122.01310729980469 130.0
114.83151245117188 115.0
160.56565856933594 167.0
140.8505096435547 148.0
156.04946899414062 171.0
106.14751434326172 111.0
108.21553039550781 122.0
105.422119140625 106.0
111.66260528564453 114.0
138.36090087890625 143.0
142.25320434570312 144.0
99.633544921875 114.0
118.792724609375 125.0
111.16140747070312 111.0
147.6421661376953 146.0
128.3141326904297 130.0
107.24009704589844 120.0
128.8797607421875 134.0
119.68082427978516 126.0
128.91815185546875 136.0
146.23516845703125 153.0
157.50926208496094 167.0
130.28822326660156 133.0
109.17045593261719 116.0
106.39595031738281 106.0
110.51593017578125 120.0
148.19378662109375 161.0
111.99325561523438 129.0
143.55406188964844 150.0
125.2685546875 130.0
98.80422973632812 110.0
113.98004913330078 127.0
120.41361999511719 126.0
132.8758087158203 134.0
147.6273956298828 144.0
108.84014892578125 114.0
94.88876342773438 111.0
118.4004135131836 134.0
125.61865997314453 128.0
154.7018585205078 158.0
108.3895034790039 110.0
151.07266235351562 153.0
136.9835205078125 149.0
156.13131713867188 162.0
123.67251586914062 132.0
110.3404541015625 117.0
104.16525268554688 122.0
167.50067138671875 159.0
120.81089782714844 126.0
142.65110778808594 154.0
125.60965728759766 132.0
117.18048095703125 124.0
111.29399871826172 112.0
123.01190185546875 119.0
131.61058044433594 139.0
162.4944610595703 167.0
126.06287384033203 135.0
148.1044158935547 160.0
113.03453063964844 122.0
119.00988006591797 118.0
170.96124267578125 176.0
162.88002014160156 169.0
120.50225067138672 127.0
137.57449340820312 134.0
114.18507385253906 121.0
119.73908233642578 122.0
128.40908813476562 128.0
159.26882934570312 154.0
113.81944274902344 108.0
156.76239013671875 155.0
159.67111206054688 167.0
130.45115661621094 130.0
118.19151306152344 115.0
162.90931701660156 167.0
143.4068145751953 148.0
160.9727783203125 171.0
107.5797119140625 111.0
115.18651580810547 122.0
110.86860656738281 106.0
113.50631713867188 114.0
140.87474060058594 143.0
145.64108276367188 144.0
105.24012756347656 114.0
122.84757995605469 125.0
117.87895965576172 111.0
149.94342041015625 146.0
132.59678649902344 130.0
109.94499206542969 120.0
131.73104858398438 134.0
124.12211608886719 126.0
135.50350952148438 136.0
147.37200927734375 153.0
161.5853271484375 167.0
136.50526428222656 133.0
114.16738891601562 116.0
111.11701202392578 106.0
114.03445434570312 120.0
150.1627960205078 161.0
116.80914306640625 129.0
148.81527709960938 150.0
132.31399536132812 130.0
102.10807800292969 110.0
120.02410125732422 127.0
126.42586517333984 126.0
138.44908142089844 134.0
152.9497833251953 144.0
114.44811248779297 114.0
98.3667221069336 111.0
121.61785125732422 134.0
129.8577423095703 128.0
160.85980224609375 158.0
115.7606201171875 110.0
153.3046875 153.0
144.48956298828125 149.0
160.93646240234375 162.0
130.37168884277344 132.0
116.47411346435547 117.0
107.81317138671875 122.0
167.61807250976562 159.0
120.70921325683594 126.0
143.2249298095703 154.0
126.29202270507812 132.0
114.14713287353516 124.0
109.60906219482422 112.0
120.0650634765625 119.0
134.4350128173828 139.0
166.37461853027344 167.0
125.93482971191406 135.0
153.41342163085938 160.0
113.78755187988281 122.0
118.61457824707031 118.0
174.12294006347656 176.0
166.99595642089844 169.0
119.87100982666016 127.0
132.60035705566406 134.0
108.6230239868164 121.0
118.18294525146484 122.0
124.997802734375 128.0
160.33706665039062 154.0
114.488525390625 108.0
160.2991485595703 155.0
159.83282470703125 167.0
127.3630599975586 130.0
119.24182891845703 115.0
167.98548889160156 167.0
144.28660583496094 148.0
161.1497039794922 171.0
107.28656005859375 111.0
112.04432678222656 122.0
109.98268127441406 106.0
112.76924896240234 114.0
143.77505493164062 143.0
146.90943908691406 144.0
102.01885986328125 114.0
121.38484191894531 125.0
116.27040100097656 111.0
153.68939208984375 146.0
133.15127563476562 130.0
109.44974517822266 120.0
133.55857849121094 134.0
123.32169342041016 126.0
134.231201171875 136.0
151.65003967285156 153.0
164.6129150390625 167.0
135.65933227539062 133.0
112.8873519897461 116.0
111.65744018554688 106.0
113.35543823242188 120.0
154.21249389648438 161.0
114.21278381347656 129.0
146.86375427246094 150.0
129.50399780273438 130.0
101.07752990722656 110.0
117.35572052001953 127.0
124.29674530029297 126.0
134.7271270751953 134.0
151.42059326171875 144.0
111.78120422363281 114.0
96.0262451171875 111.0
122.31835174560547 134.0
128.45249938964844 128.0
162.00588989257812 158.0
112.07889556884766 110.0
157.33477783203125 153.0
141.9827880859375 149.0
162.5628204345703 162.0
128.7403564453125 132.0
114.73774719238281 117.0
104.7415542602539 122.0
161.5597686767578 159.0
117.98796844482422 126.0
140.0653076171875 154.0
123.19151306152344 132.0
109.44833374023438 124.0
102.99431610107422 112.0
115.51556396484375 119.0
130.9198760986328 139.0
162.13455200195312 167.0
120.61900329589844 135.0
149.36253356933594 160.0
109.06025695800781 122.0
113.11614990234375 118.0
169.91827392578125 176.0
160.73927307128906 169.0
113.94009399414062 127.0
124.80006408691406 134.0
104.6758041381836 121.0
112.29768371582031 122.0
117.63321685791016 128.0
153.70355224609375 154.0
110.49456024169922 108.0
155.3825225830078 155.0
156.268310546875 167.0
120.27330017089844 130.0
115.06959533691406 115.0
163.0465545654297 167.0
139.90480041503906 148.0
156.29420471191406 171.0
103.82208251953125 111.0
106.03118896484375 122.0
102.24468994140625 106.0
109.8072509765625 114.0
139.37974548339844 143.0
141.93032836914062 144.0
96.8004379272461 114.0
116.14153289794922 125.0
110.43656158447266 111.0
149.6843719482422 146.0
127.75824737548828 130.0
106.12740325927734 120.0
129.29478454589844 134.0
117.71656799316406 126.0
129.1526641845703 136.0
147.31500244140625 153.0
158.73165893554688 167.0
128.44082641601562 133.0
106.39936828613281 116.0
107.39984130859375 106.0
110.65418243408203 120.0
150.39883422851562 161.0
110.52340698242188 129.0
140.88099670410156 150.0
123.85726165771484 130.0
97.51065063476562 110.0
112.94316101074219 127.0
119.51014709472656 126.0
129.7519073486328 134.0
147.17361450195312 144.0
105.576171875 114.0
91.73002624511719 111.0
118.19574737548828 134.0
123.95619201660156 128.0
155.34213256835938 158.0
105.55529022216797 110.0
154.13705444335938 153.0
136.2443084716797 149.0
156.31149291992188 162.0
122.96327209472656 132.0
110.37345123291016 117.0
99.26422882080078 122.0
170.49066162109375 159.0
122.48837280273438 126.0
145.34054565429688 154.0
128.2370147705078 132.0
115.84756469726562 124.0
109.33790588378906 112.0
121.27516174316406 119.0
135.4830322265625 139.0
169.92649841308594 167.0
127.59065246582031 135.0
155.68594360351562 160.0
114.86367797851562 122.0
119.88190460205078 118.0
175.16305541992188 176.0
171.186279296875 169.0
121.36337280273438 127.0
134.99192810058594 134.0
110.1311264038086 121.0
118.01130676269531 122.0
125.8583984375 128.0
162.91769409179688 154.0
115.4142837524414 108.0
163.04653930664062 155.0
163.23304748535156 167.0
129.35983276367188 130.0
120.08341979980469 115.0
170.76171875 167.0
145.95199584960938 148.0
164.79689025878906 171.0
107.34590148925781 111.0
112.41549682617188 122.0
110.5903549194336 106.0
113.05528259277344 114.0
145.88059997558594 143.0
149.3610076904297 144.0
101.43878173828125 114.0
122.09263610839844 125.0
117.8888168334961 111.0
156.71652221679688 146.0
133.68539428710938 130.0
109.61056518554688 120.0
135.28868103027344 134.0
123.43963623046875 126.0
135.87600708007812 136.0
153.6726531982422 153.0
166.52047729492188 167.0
136.35662841796875 133.0
112.99784088134766 116.0
113.0250244140625 106.0
115.17353057861328 120.0
157.19680786132812 161.0
115.59648132324219 129.0
147.9849853515625 150.0
132.55252075195312 130.0
101.28563690185547 110.0
118.66213989257812 127.0
125.97819519042969 126.0
136.11476135253906 134.0
154.17774963378906 144.0
111.42328643798828 114.0
95.671875 111.0
123.77781677246094 134.0
130.1751708984375 128.0
164.39381408691406 158.0
113.08587646484375 110.0
160.55032348632812 153.0
145.0213165283203 149.0
165.0843505859375 162.0
129.87057495117188 132.0
116.9676742553711 117.0
103.33350372314453 122.0
163.37612915039062 159.0
121.77955627441406 126.0
142.99920654296875 154.0
125.9411392211914 132.0
112.52333068847656 124.0
106.99772644042969 112.0
120.19489288330078 119.0
131.812744140625 139.0
161.2199249267578 167.0
121.89893341064453 135.0
149.64617919921875 160.0
111.1091537475586 122.0
116.25302124023438 118.0
167.50851440429688 176.0
161.58087158203125 169.0
117.6209487915039 127.0
130.85401916503906 134.0
110.31362915039062 121.0
115.97053527832031 122.0
122.79491424560547 128.0
152.74526977539062 154.0
112.34314727783203 108.0
155.09642028808594 155.0
156.7478790283203 167.0
125.06735229492188 130.0
116.90314483642578 115.0
162.99864196777344 167.0
140.91339111328125 148.0
158.40426635742188 171.0
107.17005157470703 111.0
109.0529556274414 122.0
104.61613464355469 106.0
113.77445983886719 114.0
140.07180786132812 143.0
145.37583923339844 144.0
100.48076629638672 114.0
119.45271301269531 125.0
113.55917358398438 111.0
150.41835021972656 146.0
130.09996032714844 130.0
108.64192962646484 120.0
131.34771728515625 134.0
120.19916534423828 126.0
132.30154418945312 136.0
147.75392150878906 153.0
157.4978485107422 167.0
132.06475830078125 133.0
111.67951965332031 116.0
109.276123046875 106.0
113.92410278320312 120.0
150.36068725585938 161.0
114.76387786865234 129.0
144.34707641601562 150.0
127.7086410522461 130.0
99.94104766845703 110.0
117.84201049804688 127.0
123.77537536621094 126.0
135.66720581054688 134.0
148.87496948242188 144.0
110.05433654785156 114.0
94.81494903564453 111.0
121.053955078125 134.0
129.10040283203125 128.0
156.85891723632812 158.0
110.95954895019531 110.0
153.85816955566406 153.0
141.5035858154297 149.0
155.81695556640625 162.0
126.76467895507812 132.0
112.9385986328125 117.0
104.22013092041016 122.0
165.35513305664062 159.0
122.90988159179688 126.0
143.15225219726562 154.0
125.88899230957031 132.0
115.62787628173828 124.0
109.70804595947266 112.0
118.89884948730469 119.0
134.9996337890625 139.0
163.97508239746094 167.0
126.52580261230469 135.0
153.7296905517578 160.0
111.776123046875 122.0
118.86033630371094 118.0
174.17105102539062 176.0
164.3522491455078 169.0
119.97283935546875 127.0
129.49755859375 134.0
112.3644027709961 121.0
119.58868408203125 122.0
122.71746826171875 128.0
159.66937255859375 154.0
113.32341003417969 108.0
157.4270477294922 155.0
162.8909912109375 167.0
125.44014739990234 130.0
116.3795394897461 115.0
165.46884155273438 167.0
144.1054229736328 148.0
162.06582641601562 171.0
109.29034423828125 111.0
111.32637023925781 122.0
110.07125091552734 106.0
115.01590728759766 114.0
141.44000244140625 143.0
146.7589874267578 144.0
104.06710815429688 114.0
126.27882385253906 125.0
116.25735473632812 111.0
151.53683471679688 146.0
131.87806701660156 130.0
109.33025360107422 120.0
130.9630126953125 134.0
122.52445983886719 126.0
133.4333038330078 136.0
150.4494171142578 153.0
162.64251708984375 167.0
132.27474975585938 133.0
114.08914947509766 116.0
108.009033203125 106.0
112.90419006347656 120.0
151.78504943847656 161.0
115.74188232421875 129.0
146.93328857421875 150.0
126.92108154296875 130.0
100.37774658203125 110.0
119.05142211914062 127.0
124.97354888916016 126.0
142.954833984375 134.0
157.94091796875 144.0
111.22840881347656 114.0
97.58397674560547 111.0
122.18860626220703 134.0
130.3354034423828 128.0
158.80130004882812 158.0
110.81788635253906 110.0
155.45401000976562 153.0
141.44140625 149.0
162.37062072753906 162.0
125.78096771240234 132.0
114.38134765625 117.0
110.38383483886719 122.0
168.00303649902344 159.0
123.50481414794922 126.0
146.16065979003906 154.0
128.4604034423828 132.0
115.1772232055664 124.0
108.37748718261719 112.0
124.30458068847656 119.0
134.44580078125 139.0
165.77810668945312 167.0
125.93333435058594 135.0
153.16632080078125 160.0
114.2942886352539 122.0
119.67801666259766 118.0
170.5279541015625 176.0
167.07272338867188 169.0
120.23470306396484 127.0
135.2661895751953 134.0
108.95339965820312 121.0
117.26746368408203 122.0
127.08470916748047 128.0
158.13946533203125 154.0
114.58341217041016 108.0
159.3921661376953 155.0
157.81643676757812 167.0
128.76467895507812 130.0
119.64065551757812 115.0
165.89093017578125 167.0
144.5156707763672 148.0
163.38671875 171.0
109.08404541015625 111.0
112.6749038696289 122.0
108.0439224243164 106.0
116.1276626586914 114.0
143.24339294433594 143.0
149.19033813476562 144.0
103.31429290771484 114.0
121.53962707519531 125.0
115.59809875488281 111.0
153.46197509765625 146.0
133.739990234375 130.0
111.71052551269531 120.0
134.14239501953125 134.0
121.53746032714844 126.0
133.91041564941406 136.0
150.5157470703125 153.0
161.55723571777344 167.0
135.2759246826172 133.0
114.20391845703125 116.0
111.40830993652344 106.0
116.37782287597656 120.0
153.68179321289062 161.0
115.51405334472656 129.0
146.30075073242188 150.0
131.21127319335938 130.0
102.0377197265625 110.0
117.50146484375 127.0
125.64743041992188 126.0
132.76577758789062 134.0
147.87393188476562 144.0
114.10940551757812 114.0
97.08834838867188 111.0
123.48956298828125 134.0
131.86843872070312 128.0
161.0303497314453 158.0
114.06727600097656 110.0
157.0926971435547 153.0
143.302734375 149.0
161.48953247070312 162.0
131.17367553710938 132.0
114.3227767944336 117.0
105.66484069824219 122.0
169.5664520263672 159.0
124.32963562011719 126.0
146.30203247070312 154.0
128.91615295410156 132.0
117.0018310546875 124.0
111.41706848144531 112.0
123.72843933105469 119.0
136.2655029296875 139.0
166.91212463378906 167.0
127.11067962646484 135.0
154.81866455078125 160.0
114.6324462890625 122.0
120.44327545166016 118.0
174.18319702148438 176.0
167.8191680908203 169.0
121.577392578125 127.0
135.6737518310547 134.0
113.57469940185547 121.0
120.6387939453125 122.0
127.70157623291016 128.0
160.52593994140625 154.0
115.49617004394531 108.0
160.43618774414062 155.0
161.2815704345703 167.0
130.0828857421875 130.0
119.82565307617188 115.0
167.7377166748047 167.0
146.37643432617188 148.0
163.6193084716797 171.0
110.55180358886719 111.0
114.04946899414062 122.0
110.2686996459961 106.0
116.64059448242188 114.0
144.72003173828125 143.0
149.53961181640625 144.0
104.92861938476562 114.0
124.2800521850586 125.0
117.41630554199219 111.0
154.83920288085938 146.0
134.08352661132812 130.0
111.92658996582031 120.0
134.5803985595703 134.0
124.86199951171875 126.0
135.9870147705078 136.0
152.10276794433594 153.0
164.353515625 167.0
136.99400329589844 133.0
114.99618530273438 116.0
111.86697387695312 106.0
116.58174133300781 120.0
155.0694580078125 161.0
118.17591857910156 129.0
149.78515625 150.0
132.441162109375 130.0
102.63710021972656 110.0
120.53434753417969 127.0
127.27156829833984 126.0
139.07962036132812 134.0
154.35379028320312 144.0
114.22352600097656 114.0
98.8955078125 111.0
124.64530181884766 134.0
132.21978759765625 128.0
162.3585205078125 158.0
114.99497985839844 110.0
158.53762817382812 153.0
144.88697814941406 149.0
163.01290893554688 162.0
130.643310546875 132.0
117.1298599243164 117.0
108.67440795898438 122.0
166.1538848876953 159.0
122.1764144897461 126.0
143.44403076171875 154.0
126.67589569091797 132.0
115.06098937988281 124.0
109.52860260009766 112.0
120.64376831054688 119.0
134.1069793701172 139.0
164.25225830078125 167.0
125.09212493896484 135.0
152.96676635742188 160.0
112.73380279541016 122.0
118.51319885253906 118.0
171.86509704589844 176.0
165.2429656982422 169.0
119.73387908935547 127.0
132.32806396484375 134.0
111.00955200195312 121.0
118.68306732177734 122.0
124.62620544433594 128.0
158.22030639648438 154.0
113.79759979248047 108.0
157.98471069335938 155.0
159.4297332763672 167.0
127.21112823486328 130.0
117.714599609375 115.0
165.6834716796875 167.0
143.92710876464844 148.0
161.0594482421875 171.0
108.58526611328125 111.0
111.70417785644531 122.0
108.82184600830078 106.0
114.4813003540039 114.0
142.34988403320312 143.0
147.28955078125 144.0
102.72222137451172 114.0
122.3182373046875 125.0
115.63038635253906 111.0
152.4192352294922 146.0
132.0205535888672 130.0
109.38806915283203 120.0
132.41107177734375 134.0
122.90875244140625 126.0
133.24090576171875 136.0
149.9691619873047 153.0
161.9295654296875 167.0
134.59642028808594 133.0
113.67367553710938 116.0
110.05790710449219 106.0
114.41727447509766 120.0
152.58892822265625 161.0
115.38473510742188 129.0
146.2388916015625 150.0
128.90463256835938 130.0
100.72626495361328 110.0
118.32344055175781 127.0
124.74789428710938 126.0
136.321044921875 134.0
152.03054809570312 144.0
111.75645446777344 114.0
96.76220703125 111.0
122.55777740478516 134.0
129.79953002929688 128.0
159.49163818359375 158.0
112.21813201904297 110.0
156.55642700195312 153.0
142.0959930419922 149.0
160.75234985351562 162.0
128.0814208984375 132.0
114.8438949584961 117.0
106.49230194091797 122.0
160.4553985595703 159.0
118.24877166748047 126.0
139.40652465820312 154.0
123.05309295654297 132.0
111.40423583984375 124.0
104.98033142089844 112.0
115.8761215209961 119.0
130.66990661621094 139.0
159.7016143798828 167.0
121.27266693115234 135.0
148.70851135253906 160.0
108.72007751464844 122.0
114.37318420410156 118.0
165.83416748046875 176.0
160.19407653808594 169.0
115.42034912109375 127.0
126.945556640625 134.0
106.53810119628906 121.0
113.79762268066406 122.0
119.63236999511719 128.0
153.61827087402344 154.0
109.88372802734375 108.0
153.3778533935547 155.0
154.4632568359375 167.0
122.88691711425781 130.0
113.70375061035156 115.0
161.1769561767578 167.0
139.34375 148.0
156.2378387451172 171.0
105.54222106933594 111.0
108.2572021484375 122.0
104.55145263671875 106.0
110.70223236083984 114.0
138.3303680419922 143.0
142.4871063232422 144.0
99.17759704589844 114.0
118.26858520507812 125.0
111.54523468017578 111.0
148.15863037109375 146.0
127.7936782836914 130.0
105.42859649658203 120.0
128.22763061523438 134.0
118.20974731445312 126.0
129.143798828125 136.0
146.01458740234375 153.0
156.70932006835938 167.0
129.24462890625 133.0
109.23324584960938 116.0
106.00315856933594 106.0
110.62114715576172 120.0
148.4140625 161.0
111.51992797851562 129.0
141.60365295410156 150.0
124.55689239501953 130.0
97.27214050292969 110.0
114.07561492919922 127.0
120.4632797241211 126.0
132.5774383544922 134.0
147.3895263671875 144.0
106.6177749633789 114.0
93.59215545654297 111.0
118.76915740966797 134.0
124.99784088134766 128.0
154.140625 158.0
107.65351867675781 110.0
151.95660400390625 153.0
137.1759033203125 149.0
155.85292053222656 162.0
123.389404296875 132.0
111.114990234375 117.0
102.84823608398438 122.0
162.9287872314453 159.0
120.06639099121094 126.0
141.3790283203125 154.0
124.76986694335938 132.0
112.75497436523438 124.0
106.48160552978516 112.0
118.01081848144531 119.0
132.6459503173828 139.0
162.370849609375 167.0
122.79866027832031 135.0
151.39151000976562 160.0
110.36417388916016 122.0
115.821533203125 118.0
169.86163330078125 176.0
162.70223999023438 169.0
116.71670532226562 127.0
128.04844665527344 134.0
107.76528930664062 121.0
115.34903717041016 122.0
120.86260986328125 128.0
155.17825317382812 154.0
111.44525146484375 108.0
155.70069885253906 155.0
156.50242614746094 167.0
124.3287353515625 130.0
115.43748474121094 115.0
164.0206298828125 167.0
141.47293090820312 148.0
158.4550018310547 171.0
107.07305908203125 111.0
109.45441436767578 122.0
105.89707946777344 106.0
112.43196105957031 114.0
140.24024963378906 143.0
144.18780517578125 144.0
100.16648864746094 114.0
119.57425689697266 125.0
112.8228530883789 111.0
150.2823486328125 146.0
129.51039123535156 130.0
107.24336242675781 120.0
129.96939086914062 134.0
119.95417785644531 126.0
130.61402893066406 136.0
148.64578247070312 153.0
160.24606323242188 167.0
130.93572998046875 133.0
110.35725402832031 116.0
107.40769958496094 106.0
112.14693450927734 120.0
150.5535125732422 161.0
112.88634490966797 129.0
143.5402374267578 150.0
126.3284912109375 130.0
98.80516815185547 110.0
115.29281616210938 127.0
121.97374725341797 126.0
134.32769775390625 134.0
149.35218811035156 144.0
108.58013153076172 114.0
95.25015258789062 111.0
120.48992919921875 134.0
126.47386932373047 128.0
156.36367797851562 158.0
108.97909545898438 110.0
154.7298583984375 153.0
138.4416961669922 149.0
158.0245361328125 162.0
125.18916320800781 132.0
112.4145736694336 117.0
104.00414276123047 122.0
167.09249877929688 159.0
123.23468017578125 126.0
145.3472137451172 154.0
127.94038391113281 132.0
116.0404052734375 124.0
109.49760437011719 112.0
121.82777404785156 119.0
134.78062438964844 139.0
166.0276641845703 167.0
125.90243530273438 135.0
153.53457641601562 160.0
113.70783996582031 122.0
119.36767578125 118.0
170.4634552001953 176.0
166.84646606445312 169.0
120.50767517089844 127.0
133.37347412109375 134.0
110.84796905517578 121.0
118.5847396850586 122.0
125.4591064453125 128.0
158.92723083496094 154.0
114.70420837402344 108.0
159.34274291992188 155.0
160.1981201171875 167.0
128.23538208007812 130.0
118.99596405029297 115.0
166.6806182861328 167.0
144.35760498046875 148.0
162.43031311035156 171.0
109.114990234375 111.0
112.5960922241211 122.0
108.99285888671875 106.0
115.316162109375 114.0
143.774658203125 143.0
148.3914337158203 144.0
103.56912994384766 114.0
122.95515441894531 125.0
116.60333251953125 111.0
153.96302795410156 146.0
133.29795837402344 130.0
110.37052917480469 120.0
134.10682678222656 134.0
122.92442321777344 126.0
134.29544067382812 136.0
151.15518188476562 153.0
161.5395965576172 167.0
135.26962280273438 133.0
114.2448959350586 116.0
111.3525390625 106.0
115.5902328491211 120.0
154.1009521484375 161.0
116.01274871826172 129.0
147.40557861328125 150.0
129.79942321777344 130.0
101.69941711425781 110.0
119.11817169189453 127.0
125.57810974121094 126.0
137.0741729736328 134.0
152.22555541992188 144.0
112.02442932128906 114.0
97.1153793334961 111.0
123.4781494140625 134.0
130.80941772460938 128.0
160.41661071777344 158.0
113.07842254638672 110.0
157.57794189453125 153.0
143.4908905029297 149.0
161.34974670410156 162.0
129.17547607421875 132.0
115.49182891845703 117.0
106.90811920166016 122.0
163.83731079101562 159.0
120.2370834350586 126.0
141.33717346191406 154.0
125.06852722167969 132.0
113.73507690429688 124.0
107.52507781982422 112.0
118.41477966308594 119.0
131.435791015625 139.0
161.78277587890625 167.0
123.03019714355469 135.0
150.44911193847656 160.0
110.95697784423828 122.0
116.81291198730469 118.0
169.9430389404297 176.0
162.89573669433594 169.0
117.74160766601562 127.0
130.66477966308594 134.0
108.82305908203125 121.0
116.50912475585938 122.0
122.77898406982422 128.0
155.867431640625 154.0
112.25505065917969 108.0
155.64666748046875 155.0
157.32037353515625 167.0
125.7247314453125 130.0
116.13320922851562 115.0
163.78968811035156 167.0
141.8372802734375 148.0
158.65357971191406 171.0
106.60089874267578 111.0
110.44451904296875 122.0
106.79938507080078 106.0
112.55000305175781 114.0
140.19224548339844 143.0
144.66326904296875 144.0
101.15440368652344 114.0
120.330322265625 125.0
114.15845489501953 111.0
150.50599670410156 146.0
130.67398071289062 130.0
107.64498138427734 120.0
130.55288696289062 134.0
121.21827697753906 126.0
131.7928924560547 136.0
148.0641632080078 153.0
159.99302673339844 167.0
132.47372436523438 133.0
111.54331970214844 116.0
108.34237670898438 106.0
112.30342102050781 120.0
150.5252685546875 161.0
113.55575561523438 129.0
144.35684204101562 150.0
127.60684204101562 130.0
99.2627944946289 110.0
116.47039794921875 127.0
122.7681655883789 126.0
134.0265655517578 134.0
149.27322387695312 144.0
109.69778442382812 114.0
95.0663070678711 111.0
120.5870590209961 134.0
127.01560974121094 128.0
157.4746551513672 158.0
110.44820404052734 110.0
154.39498901367188 153.0
140.12698364257812 149.0
158.49493408203125 162.0
126.40071105957031 132.0
113.45500183105469 117.0
104.71072387695312 122.0
160.2537841796875 159.0
118.15597534179688 126.0
138.78587341308594 154.0
122.77894592285156 132.0
111.79969024658203 124.0
105.41777038574219 112.0
115.45314025878906 119.0
129.46902465820312 139.0
159.10292053222656 167.0
121.02359008789062 135.0
148.4968719482422 160.0
108.60477447509766 122.0
114.42652893066406 118.0
167.06727600097656 176.0
160.285888671875 169.0
115.28398132324219 127.0
126.64620208740234 134.0
106.45729064941406 121.0
114.2331771850586 122.0
119.34793090820312 128.0
153.03501892089844 154.0
110.11664581298828 108.0
152.9769744873047 155.0
154.62815856933594 167.0
122.79749298095703 130.0
113.58486938476562 115.0
161.8389892578125 167.0
138.78916931152344 148.0
155.6612091064453 171.0
104.94507598876953 111.0
108.16712951660156 122.0
104.43648529052734 106.0
110.55044555664062 114.0
137.73265075683594 143.0
142.1507568359375 144.0
98.91776275634766 114.0
118.13275909423828 125.0
111.4048080444336 111.0
148.44735717773438 146.0
128.06466674804688 130.0
105.4722900390625 120.0
128.01988220214844 134.0
118.85385131835938 126.0
129.25819396972656 136.0
146.15797424316406 153.0
157.4058380126953 167.0
129.32041931152344 133.0
108.7166976928711 116.0
105.8135757446289 106.0
109.97025299072266 120.0
148.1737518310547 161.0
111.29377746582031 129.0
141.07192993164062 150.0
124.80509948730469 130.0
97.19624328613281 110.0
114.03606414794922 127.0
120.0882568359375 126.0
131.90914916992188 134.0
147.3896026611328 144.0
106.64155578613281 114.0
92.93977355957031 111.0
118.4269027709961 134.0
124.54412841796875 128.0
154.0245819091797 158.0
107.34288024902344 110.0
152.44183349609375 153.0
136.94964599609375 149.0
155.57608032226562 162.0
123.31669616699219 132.0
111.37207794189453 117.0
102.43585968017578 122.0
163.29000854492188 159.0
119.71710205078125 126.0
141.3732452392578 154.0
124.7241439819336 132.0
113.37461853027344 124.0
107.47586059570312 112.0
118.10615539550781 119.0
131.42112731933594 139.0
161.62904357910156 167.0
122.97659301757812 135.0
149.87814331054688 160.0
110.32340240478516 122.0
116.02603912353516 118.0
168.82168579101562 176.0
162.3821258544922 169.0
117.00558471679688 127.0
128.908203125 134.0
108.02263641357422 121.0
116.14414978027344 122.0
121.37479400634766 128.0
155.62950134277344 154.0
111.65287780761719 108.0
155.13211059570312 155.0
156.46267700195312 167.0
124.977783203125 130.0
115.47998809814453 115.0
162.83326721191406 167.0
141.20370483398438 148.0
157.90574645996094 171.0
106.72472381591797 111.0
110.15160369873047 122.0
106.78694152832031 106.0
112.27269744873047 114.0
139.73843383789062 143.0
144.35264587402344 144.0
100.94252014160156 114.0
120.35906982421875 125.0
113.57101440429688 111.0
149.75425720214844 146.0
130.1921844482422 130.0
107.27965545654297 120.0
129.9650115966797 134.0
120.47025299072266 126.0
131.05929565429688 136.0
147.40599060058594 153.0
159.82232666015625 167.0
131.56663513183594 133.0
110.96629333496094 116.0
107.42555236816406 106.0
111.96156311035156 120.0
150.0421905517578 161.0
113.08039855957031 129.0
143.70291137695312 150.0
126.99027252197266 130.0
98.9242172241211 110.0
115.64439392089844 127.0
121.71682739257812 126.0
134.1179656982422 134.0
149.03427124023438 144.0
108.77777862548828 114.0
95.44635009765625 111.0
120.27181243896484 134.0
126.44151306152344 128.0
157.28717041015625 158.0
109.43559265136719 110.0
153.66864013671875 153.0
139.13343811035156 149.0
158.4033966064453 162.0
125.75433349609375 132.0
112.70812225341797 117.0
105.04832458496094 122.0
161.66522216796875 159.0
119.18501281738281 126.0
139.94647216796875 154.0
123.95542907714844 132.0
112.62135314941406 124.0
106.07290649414062 112.0
116.70767211914062 119.0
130.6568603515625 139.0
160.34274291992188 167.0
122.05668640136719 135.0
149.89096069335938 160.0
109.56087493896484 122.0
115.46856689453125 118.0
168.9277801513672 176.0
161.5833740234375 169.0
116.50248718261719 127.0
127.67000579833984 134.0
107.1185073852539 121.0
115.10189819335938 122.0
120.50154876708984 128.0
154.63250732421875 154.0
111.20540618896484 108.0
154.0750274658203 155.0
155.76919555664062 167.0
123.97579956054688 130.0
114.55579376220703 115.0
163.11343383789062 167.0
140.156982421875 148.0
157.24398803710938 171.0
106.04198455810547 111.0
109.0506591796875 122.0
105.1595458984375 106.0
111.45126342773438 114.0
138.63906860351562 143.0
143.6658935546875 144.0
99.58717346191406 114.0
118.96321105957031 125.0
112.49281311035156 111.0
149.40008544921875 146.0
128.89483642578125 130.0
106.25647735595703 120.0
129.18341064453125 134.0
119.81620788574219 126.0
130.1182403564453 136.0
147.30630493164062 153.0
159.28582763671875 167.0
130.6681671142578 133.0
110.02393341064453 116.0
106.96121215820312 106.0
111.21995544433594 120.0
149.25393676757812 161.0
112.3665771484375 129.0
142.33706665039062 150.0
126.2836685180664 130.0
98.25891876220703 110.0
115.28565979003906 127.0
121.43756866455078 126.0
132.69602966308594 134.0
148.19699096679688 144.0
107.68890380859375 114.0
93.65242004394531 111.0
119.73359680175781 134.0
125.96099090576172 128.0
155.58018493652344 158.0
108.4819107055664 110.0
153.61036682128906 153.0
138.55734252929688 149.0
157.02598571777344 162.0
124.1825180053711 132.0
112.39808654785156 117.0
102.94487762451172 122.0
166.21963500976562 159.0
121.3797378540039 126.0
143.08706665039062 154.0
126.5678482055664 132.0
114.71517181396484 124.0
108.6475601196289 112.0
119.79283142089844 119.0
133.57981872558594 139.0
163.74659729003906 167.0
124.40815734863281 135.0
151.93536376953125 160.0
111.88382720947266 122.0
117.36370086669922 118.0
171.10321044921875 176.0
163.98851013183594 169.0
118.43840026855469 127.0
131.50961303710938 134.0
110.04199981689453 121.0
117.74039459228516 122.0
123.75639343261719 128.0
157.85853576660156 154.0
113.23854064941406 108.0
157.26849365234375 155.0
158.9805908203125 167.0
126.67420196533203 130.0
116.93960571289062 115.0
164.91262817382812 167.0
143.7210693359375 148.0
160.0834197998047 171.0
108.31775665283203 111.0
111.37998962402344 122.0
107.43572998046875 106.0
113.90657806396484 114.0
141.86660766601562 143.0
145.8714141845703 144.0
102.10641479492188 114.0
121.40708923339844 125.0
114.57780456542969 111.0
151.67945861816406 146.0
131.243408203125 130.0
108.98811340332031 120.0
131.49191284179688 134.0
122.41565704345703 126.0
133.16831970214844 136.0
149.3660430908203 153.0
161.3989715576172 167.0
133.74856567382812 133.0
111.78871154785156 116.0
109.01920318603516 106.0
113.70681762695312 120.0
152.17901611328125 161.0
115.39999389648438 129.0
146.46939086914062 150.0
129.05648803710938 130.0
100.35853576660156 110.0
118.02249908447266 127.0
124.30056762695312 126.0
135.314208984375 134.0
151.193603515625 144.0
110.51049041748047 114.0
96.23178100585938 111.0
121.96129608154297 134.0
128.4859161376953 128.0
159.5699920654297 158.0
111.56434631347656 110.0
155.751708984375 153.0
141.4569091796875 149.0
160.4010009765625 162.0
127.11092376708984 132.0
114.90644073486328 117.0
105.70182800292969 122.0
