204.68405151367188 159.0
148.4314727783203 126.0
159.262451171875 154.0
142.57550048828125 132.0
153.36514282226562 124.0
199.17391967773438 112.0
163.7262420654297 119.0
144.69969177246094 139.0
161.68109130859375 167.0
178.67913818359375 135.0
161.18238830566406 160.0
149.2974395751953 122.0
157.79055786132812 118.0
138.77688598632812 176.0
171.64720153808594 169.0
152.92355346679688 127.0
210.72970581054688 134.0
222.76022338867188 121.0
192.1275634765625 122.0
195.86712646484375 128.0
174.23556518554688 154.0
139.71817016601562 108.0
152.26512145996094 155.0
226.30718994140625 167.0
207.71482849121094 130.0
146.12521362304688 115.0
156.29600524902344 167.0
141.32345581054688 148.0
193.4632568359375 171.0
130.37188720703125 111.0
170.3159942626953 122.0
185.88909912109375 106.0
144.3006591796875 114.0
151.50161743164062 143.0
161.39097595214844 144.0
195.15536499023438 114.0
228.3085174560547 125.0
192.94729614257812 111.0
168.4458770751953 146.0
163.72607421875 130.0
151.66696166992188 120.0
147.58718872070312 134.0
188.54037475585938 126.0
231.32867431640625 136.0
165.65713500976562 153.0
141.68690490722656 167.0
220.88687133789062 133.0
169.7118377685547 116.0
135.99661254882812 106.0
149.6962890625 120.0
142.49635314941406 161.0
205.05650329589844 129.0
192.60150146484375 150.0
148.69625854492188 130.0
146.78387451171875 110.0
214.14193725585938 127.0
180.756591796875 126.0
245.6476593017578 134.0
211.76480102539062 144.0
159.9707794189453 114.0
148.3959503173828 111.0
141.99009704589844 134.0
157.15737915039062 128.0
193.05123901367188 158.0
186.86294555664062 110.0
156.3948211669922 153.0
183.54461669921875 149.0
162.6631622314453 162.0
168.63543701171875 132.0
180.77407836914062 117.0
289.6146240234375 122.0
153.7689971923828 159.0
121.42169189453125 126.0
132.43333435058594 154.0
117.2550048828125 132.0
115.59967041015625 124.0
115.52754974365234 112.0
116.56795501708984 119.0
130.9093780517578 139.0
143.4174041748047 167.0
129.1056365966797 135.0
141.95086669921875 160.0
110.41409301757812 122.0
121.10597229003906 118.0
144.66737365722656 176.0
142.06253051757812 169.0
132.17578125 127.0
146.50033569335938 134.0
135.39947509765625 121.0
122.5533447265625 122.0
141.43951416015625 128.0
146.92156982421875 154.0
106.835205078125 108.0
137.57322692871094 155.0
155.6639404296875 167.0
135.27560424804688 130.0
110.19850158691406 115.0
145.57933044433594 167.0
131.80462646484375 148.0
152.6152801513672 171.0
109.95989227294922 111.0
125.72772216796875 122.0
115.35523986816406 106.0
113.09651947021484 114.0
133.91342163085938 143.0
138.91502380371094 144.0
136.89767456054688 114.0
146.8062286376953 125.0
118.53482055664062 111.0
133.958740234375 146.0
128.70651245117188 130.0
115.11822509765625 120.0
123.84837341308594 134.0
118.89776611328125 126.0
136.53079223632812 136.0
134.0347900390625 153.0
135.40650939941406 167.0
143.38668823242188 133.0
132.60537719726562 116.0
107.56981658935547 106.0
113.62712097167969 120.0
133.26979064941406 161.0
125.40965270996094 129.0
147.7607421875 150.0
139.50775146484375 130.0
115.38399505615234 110.0
132.86624145507812 127.0
126.79210662841797 126.0
161.24720764160156 134.0
170.37350463867188 144.0
118.906005859375 114.0
115.80461120605469 111.0
121.7712173461914 134.0
138.8411865234375 128.0
144.17929077148438 158.0
135.4429931640625 110.0
130.52249145507812 153.0
145.791748046875 149.0
139.64645385742188 162.0
130.51429748535156 132.0
119.61875915527344 117.0
137.30714416503906 122.0
60.561790466308594 159.0
56.42881774902344 126.0
69.92677307128906 154.0
44.851993560791016 132.0
49.30554962158203 124.0
24.3539981842041 112.0
38.89590072631836 119.0
53.194435119628906 139.0
65.49166870117188 167.0
51.45380783081055 135.0
68.29054260253906 160.0
53.041812896728516 122.0
47.2115364074707 118.0
50.837310791015625 176.0
76.5175552368164 169.0
67.26904296875 127.0
68.26399230957031 134.0
26.63953971862793 121.0
22.60881996154785 122.0
65.84185791015625 128.0
46.92641830444336 154.0
54.12004089355469 108.0
66.45218658447266 155.0
69.99330139160156 167.0
65.98976135253906 130.0
62.60545349121094 115.0
63.21821975708008 167.0
28.33455467224121 148.0
65.15331268310547 171.0
41.8916015625 111.0
40.43358612060547 122.0
30.65653419494629 106.0
37.19252014160156 114.0
60.4605712890625 143.0
74.7930908203125 144.0
45.24416732788086 114.0
45.039493560791016 125.0
57.74168014526367 111.0
73.85791015625 146.0
51.57476806640625 130.0
52.09532928466797 120.0
66.05284118652344 134.0
25.1059513092041 126.0
56.54193115234375 136.0
62.812355041503906 153.0
79.95674133300781 167.0
58.29106903076172 133.0
48.408939361572266 116.0
61.70526885986328 106.0
51.10904312133789 120.0
58.68980407714844 161.0
41.123268127441406 129.0
40.489845275878906 150.0
88.13069152832031 130.0
42.274139404296875 110.0
41.90226745605469 127.0
44.88972854614258 126.0
51.918304443359375 134.0
44.13151168823242 144.0
37.484771728515625 114.0
39.288818359375 111.0
57.66426467895508 134.0
65.91629791259766 128.0
66.13027954101562 158.0
58.52204132080078 110.0
60.391143798828125 153.0
74.16294860839844 149.0
35.083831787109375 162.0
63.110137939453125 132.0
38.48304748535156 117.0
11.277857780456543 122.0
117.21147155761719 159.0
82.98345947265625 126.0
93.47320556640625 154.0
80.39740753173828 132.0
77.24710083007812 124.0
83.1318359375 112.0
77.53269958496094 119.0
92.24429321289062 139.0
109.53348541259766 167.0
83.62419891357422 135.0
116.3131103515625 160.0
86.19393157958984 122.0
79.22802734375 118.0
120.73114776611328 176.0
117.86792755126953 169.0
89.39852905273438 127.0
89.01847839355469 134.0
93.8974380493164 121.0
88.02401733398438 122.0
86.38495635986328 128.0
99.40525817871094 154.0
87.31220245361328 108.0
105.98118591308594 155.0
103.48750305175781 167.0
86.6892318725586 130.0
89.20030975341797 115.0
122.02098083496094 167.0
91.89325714111328 148.0
101.93085479736328 171.0
73.72935485839844 111.0
73.44813537597656 122.0
74.82838439941406 106.0
77.16426086425781 114.0
92.29354858398438 143.0
100.32528686523438 144.0
74.32086944580078 114.0
85.96040344238281 125.0
82.96902465820312 111.0
108.87486267089844 146.0
98.1536636352539 130.0
75.72248840332031 120.0
101.41874694824219 134.0
92.64604187011719 126.0
89.88652038574219 136.0
109.84764862060547 153.0
117.60399627685547 167.0
100.20364379882812 133.0
79.3260498046875 116.0
88.84124755859375 106.0
77.35352325439453 120.0
101.86293029785156 161.0
77.8960952758789 129.0
100.66201782226562 150.0
106.43731689453125 130.0
74.0498046875 110.0
85.2720718383789 127.0
86.32904052734375 126.0
104.83297729492188 134.0
100.2992935180664 144.0
73.44522094726562 114.0
73.00617980957031 111.0
83.57835388183594 134.0
93.86138916015625 128.0
107.03575134277344 158.0
79.48541259765625 110.0
109.62281799316406 153.0
102.67678833007812 149.0
96.09502410888672 162.0
87.23828125 132.0
80.63432312011719 117.0
49.28458023071289 122.0
155.66009521484375 159.0
114.8602523803711 126.0
126.51396942138672 154.0
108.02324676513672 132.0
109.73404693603516 124.0
107.78684997558594 112.0
116.83641052246094 119.0
132.17884826660156 139.0
151.35244750976562 167.0
126.18452453613281 135.0
153.20013427734375 160.0
118.61300659179688 122.0
119.3526611328125 118.0
151.74217224121094 176.0
163.58262634277344 169.0
124.346923828125 127.0
132.79798889160156 134.0
113.8162612915039 121.0
116.51785278320312 122.0
129.5912322998047 128.0
141.29031372070312 154.0
117.41165161132812 108.0
145.94406127929688 155.0
141.61683654785156 167.0
123.8922348022461 130.0
116.84553527832031 115.0
158.40029907226562 167.0
124.2568130493164 148.0
159.2642822265625 171.0
103.32073974609375 111.0
112.64813995361328 122.0
108.26004791259766 106.0
109.04556274414062 114.0
134.31436157226562 143.0
140.01214599609375 144.0
125.07007598876953 114.0
128.94020080566406 125.0
118.97125244140625 111.0
151.52340698242188 146.0
136.60646057128906 130.0
107.16070556640625 120.0
129.48435974121094 134.0
115.10255432128906 126.0
125.21340942382812 136.0
149.14309692382812 153.0
145.32217407226562 167.0
135.80743408203125 133.0
121.01289367675781 116.0
114.7291259765625 106.0
106.6143569946289 120.0
140.5112762451172 161.0
108.48283386230469 129.0
132.11300659179688 150.0
131.59814453125 130.0
109.7237548828125 110.0
110.20104217529297 127.0
118.50935363769531 126.0
139.93075561523438 134.0
139.39488220214844 144.0
116.3048095703125 114.0
107.15333557128906 111.0
116.20256042480469 134.0
131.09642028808594 128.0
137.86764526367188 158.0
123.40655517578125 110.0
143.20587158203125 153.0
136.76380920410156 149.0
143.6741943359375 162.0
131.14639282226562 132.0
103.60753631591797 117.0
107.6590805053711 122.0
133.276611328125 159.0
91.45260620117188 126.0
102.40851593017578 154.0
88.87818908691406 132.0
83.69591522216797 124.0
76.53369903564453 112.0
85.95767211914062 119.0
104.50848388671875 139.0
127.87619018554688 167.0
95.22433471679688 135.0
126.31861114501953 160.0
89.51366424560547 122.0
86.72017669677734 118.0
141.31076049804688 176.0
128.3206024169922 169.0
90.09310150146484 127.0
98.33201599121094 134.0
88.8015365600586 121.0
78.21195983886719 122.0
93.7686767578125 128.0
111.49725341796875 154.0
87.28092193603516 108.0
123.98583984375 155.0
115.9896240234375 167.0
94.48188018798828 130.0
90.15858459472656 115.0
134.1900177001953 167.0
104.4376449584961 148.0
119.48518371582031 171.0
80.17498779296875 111.0
81.18026733398438 122.0
72.3382568359375 106.0
85.63533020019531 114.0
106.01412200927734 143.0
107.74413299560547 144.0
74.71980285644531 114.0
87.673583984375 125.0
83.24168395996094 111.0
120.48361206054688 146.0
99.70706176757812 130.0
83.11270904541016 120.0
100.45927429199219 134.0
83.49349212646484 126.0
103.224853515625 136.0
121.9814682006836 153.0
133.04978942871094 167.0
97.84151458740234 133.0
75.75493621826172 116.0
83.95248413085938 106.0
81.40277862548828 120.0
114.5286636352539 161.0
88.28319549560547 129.0
120.48668670654297 150.0
106.72528839111328 130.0
81.90055084228516 110.0
86.30774688720703 127.0
96.39738464355469 126.0
106.44258880615234 134.0
112.10932922363281 144.0
81.20126342773438 114.0
75.97187042236328 111.0
87.37740325927734 134.0
93.93092346191406 128.0
118.81304168701172 158.0
87.19501495361328 110.0
122.03846740722656 153.0
104.39924621582031 149.0
114.30474853515625 162.0
94.52092742919922 132.0
83.75318908691406 117.0
58.49247741699219 122.0
106.38581085205078 159.0
78.90110778808594 126.0
91.15526580810547 154.0
75.29840850830078 132.0
74.15243530273438 124.0
75.42530822753906 112.0
68.44828796386719 119.0
82.66254425048828 139.0
109.0595932006836 167.0
82.547119140625 135.0
106.6415023803711 160.0
83.78750610351562 122.0
82.04776763916016 118.0
111.00259399414062 176.0
115.73957061767578 169.0
82.09536743164062 127.0
79.07923889160156 134.0
81.04977416992188 121.0
79.82505798339844 122.0
84.5887680053711 128.0
98.7110824584961 154.0
75.43656921386719 108.0
105.30470275878906 155.0
103.85676574707031 167.0
83.07958221435547 130.0
79.6978530883789 115.0
119.97224426269531 167.0
80.431884765625 148.0
102.07363891601562 171.0
65.25175476074219 111.0
76.52484130859375 122.0
74.36489868164062 106.0
71.76105499267578 114.0
90.7705078125 143.0
102.41328430175781 144.0
71.09017181396484 114.0
82.13790893554688 125.0
71.71839904785156 111.0
106.5634536743164 146.0
96.13697814941406 130.0
71.59513092041016 120.0
89.35610961914062 134.0
83.66935729980469 126.0
86.51683044433594 136.0
105.45296478271484 153.0
115.02629089355469 167.0
93.14830017089844 133.0
75.54452514648438 116.0
75.55757904052734 106.0
72.86248779296875 120.0
98.13906860351562 161.0
68.80821990966797 129.0
89.11026000976562 150.0
96.09214782714844 130.0
62.858802795410156 110.0
70.68244934082031 127.0
75.92949676513672 126.0
91.51915740966797 134.0
102.4818115234375 144.0
72.58544921875 114.0
63.14881896972656 111.0
71.94606018066406 134.0
86.5067138671875 128.0
98.25341796875 158.0
77.65184783935547 110.0
107.37805938720703 153.0
93.42717742919922 149.0
99.66255950927734 162.0
88.55030822753906 132.0
72.99761962890625 117.0
63.12452697753906 122.0
156.69149780273438 159.0
107.45462036132812 126.0
125.91697692871094 154.0
105.59868621826172 132.0
101.7445297241211 124.0
97.93936157226562 112.0
113.57860565185547 119.0
129.7714385986328 139.0
150.38558959960938 167.0
117.4754638671875 135.0
143.22280883789062 160.0
105.38345336914062 122.0
109.45903015136719 118.0
145.8805389404297 176.0
148.5836639404297 169.0
113.65803527832031 127.0
130.9852294921875 134.0
94.6917724609375 121.0
102.46578979492188 122.0
124.01942443847656 128.0
144.9761962890625 154.0
100.81629180908203 108.0
146.20724487304688 155.0
144.30874633789062 167.0
118.35272216796875 130.0
110.67132568359375 115.0
149.40155029296875 167.0
123.62821197509766 148.0
148.4053192138672 171.0
96.15103149414062 111.0
107.43980407714844 122.0
101.0413818359375 106.0
98.0359115600586 114.0
133.55897521972656 143.0
135.7249755859375 144.0
101.41331481933594 114.0
115.77066040039062 125.0
109.83304595947266 111.0
137.40728759765625 146.0
125.00494384765625 130.0
99.77874755859375 120.0
124.28269958496094 134.0
104.36553192138672 126.0
123.17488861083984 136.0
137.1976776123047 153.0
146.68655395507812 167.0
123.03047180175781 133.0
107.09078979492188 116.0
105.57967376708984 106.0
104.56192016601562 120.0
136.56988525390625 161.0
101.74636840820312 129.0
132.30625915527344 150.0
114.38519287109375 130.0
96.72390747070312 110.0
100.55960845947266 127.0
114.19490814208984 126.0
123.36610412597656 134.0
132.86187744140625 144.0
104.11493682861328 114.0
100.45399475097656 111.0
109.12519836425781 134.0
120.05561065673828 128.0
143.4332733154297 158.0
113.31932067871094 110.0
134.50172424316406 153.0
132.6650390625 149.0
146.11074829101562 162.0
124.6561508178711 132.0
99.8170166015625 117.0
91.17405700683594 122.0
120.90338134765625 159.0
86.31913757324219 126.0
94.24099731445312 154.0
85.24420166015625 132.0
78.657470703125 124.0
76.05426025390625 112.0
72.52459716796875 119.0
102.63491821289062 139.0
121.66988372802734 167.0
89.96377563476562 135.0
126.60834503173828 160.0
83.75828552246094 122.0
82.91780090332031 118.0
124.70796203613281 176.0
120.50076293945312 169.0
79.7818603515625 127.0
80.9991455078125 134.0
77.30046081542969 121.0
81.89370727539062 122.0
80.21875762939453 128.0
108.34191131591797 154.0
81.3131332397461 108.0
118.32756042480469 155.0
119.611083984375 167.0
83.56892395019531 130.0
83.74434661865234 115.0
135.10440063476562 167.0
101.08466339111328 148.0
114.9383773803711 171.0
76.21940612792969 111.0
74.44379425048828 122.0
71.14871978759766 106.0
77.30413055419922 114.0
101.79937744140625 143.0
100.10401153564453 144.0
64.62144470214844 114.0
84.96495056152344 125.0
74.8179702758789 111.0
112.90851593017578 146.0
95.79998779296875 130.0
74.23169708251953 120.0
96.5779037475586 134.0
87.68170166015625 126.0
96.45069885253906 136.0
120.97999572753906 153.0
121.50140380859375 167.0
92.2503890991211 133.0
66.32775115966797 116.0
76.55582427978516 106.0
74.2657241821289 120.0
109.14277648925781 161.0
82.89095306396484 129.0
107.29376220703125 150.0
88.27159118652344 130.0
72.14157104492188 110.0
82.9225845336914 127.0
87.24752807617188 126.0
94.5236587524414 134.0
107.83238220214844 144.0
69.16983032226562 114.0
66.80259704589844 111.0
81.04248046875 134.0
84.33448791503906 128.0
110.41007232666016 158.0
72.47601318359375 110.0
119.42764282226562 153.0
94.24893951416016 149.0
109.75492858886719 162.0
84.14147186279297 132.0
79.18773651123047 117.0
49.61972427368164 122.0
188.27679443359375 159.0
129.1220703125 126.0
148.15419006347656 154.0
130.4931640625 132.0
116.76070404052734 124.0
123.46347045898438 112.0
131.75540161132812 119.0
146.23300170898438 139.0
171.38174438476562 167.0
130.61944580078125 135.0
163.7471466064453 160.0
123.59877014160156 122.0
124.31917572021484 118.0
177.25857543945312 176.0
169.31646728515625 169.0
127.70695495605469 127.0
147.53033447265625 134.0
121.53562927246094 121.0
130.34292602539062 122.0
139.95372009277344 128.0
155.87796020507812 154.0
121.41824340820312 108.0
165.5514373779297 155.0
170.6632080078125 167.0
136.68170166015625 130.0
128.4691925048828 115.0
174.6417999267578 167.0
148.27838134765625 148.0
167.7467803955078 171.0
114.37391662597656 111.0
118.04469299316406 122.0
112.60847473144531 106.0
120.43990325927734 114.0
150.12820434570312 143.0
155.53414916992188 144.0
112.87844848632812 114.0
135.28298950195312 125.0
121.11931610107422 111.0
156.6195526123047 146.0
142.2085418701172 130.0
119.43224334716797 120.0
143.91688537597656 134.0
132.3979949951172 126.0
150.39439392089844 136.0
157.57101440429688 153.0
172.27484130859375 167.0
146.06832885742188 133.0
119.14641571044922 116.0
121.89942932128906 106.0
123.71763610839844 120.0
156.0227508544922 161.0
133.4852294921875 129.0
163.7335662841797 150.0
139.3697967529297 130.0
117.17031860351562 110.0
131.63296508789062 127.0
139.15704345703125 126.0
147.20794677734375 134.0
151.0863037109375 144.0
120.9088363647461 114.0
110.86414337158203 111.0
127.04605865478516 134.0
139.1756134033203 128.0
173.37979125976562 158.0
127.83427429199219 110.0
156.0785369873047 153.0
157.9724884033203 149.0
163.56173706054688 162.0
140.5604248046875 132.0
123.65618896484375 117.0
110.60076904296875 122.0
182.7995147705078 159.0
141.34555053710938 126.0
156.37815856933594 154.0
132.89491271972656 132.0
127.87358093261719 124.0
123.36516571044922 112.0
127.91548919677734 119.0
161.53961181640625 139.0
184.6663818359375 167.0
134.30734252929688 135.0
195.1251220703125 160.0
134.62210083007812 122.0
128.08712768554688 118.0
180.3083038330078 176.0
183.65406799316406 169.0
132.9850616455078 127.0
136.70693969726562 134.0
118.47465515136719 121.0
131.8383026123047 122.0
133.44456481933594 128.0
167.9344482421875 154.0
130.5562286376953 108.0
176.44143676757812 155.0
180.40277099609375 167.0
129.50477600097656 130.0
133.46546936035156 115.0
206.86688232421875 167.0
160.2322235107422 148.0
174.0450897216797 171.0
126.15293884277344 111.0
117.96376037597656 122.0
116.27864074707031 106.0
129.1338653564453 114.0
159.4990997314453 143.0
165.47650146484375 144.0
118.97946166992188 114.0
139.16519165039062 125.0
129.36001586914062 111.0
168.41854858398438 146.0
155.64959716796875 130.0
129.29348754882812 120.0
154.16371154785156 134.0
132.33824157714844 126.0
143.70079040527344 136.0
177.16734313964844 153.0
182.23989868164062 167.0
150.84898376464844 133.0
125.90489196777344 116.0
123.25019836425781 106.0
128.3884735107422 120.0
169.0186767578125 161.0
129.4509735107422 129.0
154.44442749023438 150.0
142.99232482910156 130.0
118.76455688476562 110.0
129.89907836914062 127.0
137.81234741210938 126.0
157.96730041503906 134.0
173.20339965820312 144.0
119.72644805908203 114.0
121.56681823730469 111.0
137.9458465576172 134.0
147.230224609375 128.0
171.5857391357422 158.0
129.0619354248047 110.0
177.97772216796875 153.0
163.58609008789062 149.0
172.5301055908203 162.0
139.7462615966797 132.0
125.55121612548828 117.0
103.85957336425781 122.0
130.60934448242188 159.0
98.07246398925781 126.0
109.4051513671875 154.0
96.74807739257812 132.0
89.33848571777344 124.0
91.14024353027344 112.0
85.0426025390625 119.0
104.89244079589844 139.0
124.53672790527344 167.0
95.96940612792969 135.0
131.49290466308594 160.0
87.02224731445312 122.0
90.63946533203125 118.0
135.44210815429688 176.0
125.22616577148438 169.0
91.42913055419922 127.0
92.97027587890625 134.0
91.98348999023438 121.0
98.45523071289062 122.0
90.65602111816406 128.0
117.16278839111328 154.0
86.906494140625 108.0
120.7969741821289 155.0
132.14109802246094 167.0
94.90764617919922 130.0
87.0462417602539 115.0
139.01498413085938 167.0
109.75794982910156 148.0
122.21430206298828 171.0
87.48150634765625 111.0
85.47102355957031 122.0
80.7806396484375 106.0
89.44334411621094 114.0
105.58622741699219 143.0
112.23155975341797 144.0
78.93907928466797 114.0
102.3219223022461 125.0
82.44904327392578 111.0
119.2393798828125 146.0
100.61132049560547 130.0
83.24154663085938 120.0
102.76744079589844 134.0
102.04995727539062 126.0
109.57576751708984 136.0
123.66281127929688 153.0
132.611328125 167.0
101.44001007080078 133.0
79.85472106933594 116.0
82.39250946044922 106.0
86.62994384765625 120.0
116.66264343261719 161.0
98.14019012451172 129.0
113.93424224853516 150.0
101.66181182861328 130.0
79.31617736816406 110.0
97.63093566894531 127.0
99.29730987548828 126.0
115.30692291259766 134.0
123.51626586914062 144.0
76.39173889160156 114.0
75.53077697753906 111.0
94.37145233154297 134.0
98.2989501953125 128.0
120.86522674560547 158.0
83.12934112548828 110.0
125.75768280029297 153.0
111.31027221679688 149.0
122.01864624023438 162.0
91.00086212158203 132.0
92.02230834960938 117.0
83.60698699951172 122.0
162.7236328125 159.0
122.78558349609375 126.0
132.24749755859375 154.0
117.30863952636719 132.0
116.11990356445312 124.0
122.74446868896484 112.0
108.791015625 119.0
124.23392486572266 139.0
147.2216033935547 167.0
129.85421752929688 135.0
155.7449188232422 160.0
116.17782592773438 122.0
119.32209777832031 118.0
158.5416259765625 176.0
160.5552978515625 169.0
122.98126983642578 127.0
122.51763153076172 134.0
135.70440673828125 121.0
132.11111450195312 122.0
122.28585052490234 128.0
141.097412109375 154.0
116.7353744506836 108.0
142.22967529296875 155.0
168.517822265625 167.0
124.31655883789062 130.0
112.74813842773438 115.0
166.275390625 167.0
132.36912536621094 148.0
160.86709594726562 171.0
109.97628784179688 111.0
106.65335845947266 122.0
113.24261474609375 106.0
114.59684753417969 114.0
122.41734313964844 143.0
144.02684020996094 144.0
123.62055969238281 114.0
146.56350708007812 125.0
125.37033081054688 111.0
149.532958984375 146.0
127.41321563720703 130.0
110.97544860839844 120.0
125.20035552978516 134.0
129.82037353515625 126.0
134.82789611816406 136.0
150.6107177734375 153.0
157.18313598632812 167.0
136.99139404296875 133.0
113.47299194335938 116.0
110.09986114501953 106.0
108.90872192382812 120.0
137.8429412841797 161.0
125.57392883300781 129.0
146.2813262939453 150.0
132.2748565673828 130.0
103.95121002197266 110.0
135.39276123046875 127.0
125.23844146728516 126.0
167.56114196777344 134.0
164.0828094482422 144.0
105.31831359863281 114.0
98.67584991455078 111.0
116.2206802368164 134.0
131.3953857421875 128.0
142.70323181152344 158.0
117.64907836914062 110.0
150.98390197753906 153.0
147.36697387695312 149.0
148.60536193847656 162.0
114.55130004882812 132.0
114.66585540771484 117.0
137.07794189453125 122.0
165.68844604492188 159.0
110.44928741455078 126.0
136.43736267089844 154.0
112.88981628417969 132.0
101.17520141601562 124.0
101.03772735595703 112.0
109.58399200439453 119.0
125.219970703125 139.0
162.7388458251953 167.0
118.63685607910156 135.0
151.74964904785156 160.0
114.34767150878906 122.0
107.22622680664062 118.0
166.01841735839844 176.0
161.92156982421875 169.0
110.89540100097656 127.0
127.18144989013672 134.0
100.20997619628906 121.0
107.12167358398438 122.0
124.66799926757812 128.0
142.44100952148438 154.0
108.38047790527344 108.0
157.24612426757812 155.0
150.5546112060547 167.0
120.44914245605469 130.0
119.24085998535156 115.0
163.4604034423828 167.0
134.7464141845703 148.0
150.35484313964844 171.0
90.92108917236328 111.0
99.29891204833984 122.0
101.67967224121094 106.0
99.07599639892578 114.0
138.98255920410156 143.0
139.5355682373047 144.0
90.60768127441406 114.0
109.53866577148438 125.0
105.9521255493164 111.0
149.4257354736328 146.0
128.61776733398438 130.0
101.57129669189453 120.0
132.69932556152344 134.0
113.4901123046875 126.0
128.79249572753906 136.0
147.33795166015625 153.0
163.84664916992188 167.0
127.69412994384766 133.0
101.79501342773438 116.0
113.4693603515625 106.0
107.8825912475586 120.0
147.61727905273438 161.0
105.37445831298828 129.0
140.695556640625 150.0
126.5495376586914 130.0
97.19025421142578 110.0
108.5251693725586 127.0
116.86054229736328 126.0
121.80221557617188 134.0
138.34649658203125 144.0
97.75689697265625 114.0
83.40457153320312 111.0
106.1626205444336 134.0
119.7593002319336 128.0
152.09031677246094 158.0
108.39238739013672 110.0
147.8912811279297 153.0
138.7547149658203 149.0
146.55003356933594 162.0
127.40638732910156 132.0
102.69061279296875 117.0
67.96070861816406 122.0
179.6097869873047 159.0
136.537841796875 126.0
156.18357849121094 154.0
134.5296173095703 132.0
126.47032165527344 124.0
135.42684936523438 112.0
137.91629028320312 119.0
144.99118041992188 139.0
169.68531799316406 167.0
141.38223266601562 135.0
161.37490844726562 160.0
131.68312072753906 122.0
137.14878845214844 118.0
162.9059600830078 176.0
173.1325225830078 169.0
141.31008911132812 127.0
157.63232421875 134.0
123.49630737304688 121.0
142.0623321533203 122.0
151.28660583496094 128.0
162.4667205810547 154.0
127.00003814697266 108.0
165.85572814941406 155.0
178.22775268554688 167.0
145.02894592285156 130.0
133.73475646972656 115.0
171.27838134765625 167.0
146.01980590820312 148.0
179.38558959960938 171.0
120.75414276123047 111.0
129.04104614257812 122.0
137.60858154296875 106.0
127.11185455322266 114.0
149.54364013671875 143.0
164.98666381835938 144.0
138.433837890625 114.0
159.88368225097656 125.0
143.22271728515625 111.0
159.5399169921875 146.0
152.08181762695312 130.0
124.18929290771484 120.0
145.77130126953125 134.0
138.72463989257812 126.0
151.13137817382812 136.0
158.84500122070312 153.0
163.332275390625 167.0
162.35450744628906 133.0
145.45277404785156 116.0
128.31680297851562 106.0
131.4258270263672 120.0
155.93861389160156 161.0
132.84527587890625 129.0
148.3592987060547 150.0
142.68516540527344 130.0
117.22660827636719 110.0
140.35267639160156 127.0
137.68670654296875 126.0
162.808837890625 134.0
166.8217010498047 144.0
129.92002868652344 114.0
118.14290618896484 111.0
133.96875 134.0
155.40249633789062 128.0
165.35552978515625 158.0
142.4845428466797 110.0
156.18247985839844 153.0
171.9874267578125 149.0
171.39332580566406 162.0
148.46224975585938 132.0
122.41929626464844 117.0
147.39260864257812 122.0
182.96319580078125 159.0
127.989013671875 126.0
152.45948791503906 154.0
129.7601318359375 132.0
112.80396270751953 124.0
113.80164337158203 112.0
129.77491760253906 119.0
132.65597534179688 139.0
169.15869140625 167.0
128.58087158203125 135.0
157.8990478515625 160.0
121.24348449707031 122.0
123.111572265625 118.0
163.8645782470703 176.0
169.97735595703125 169.0
127.68399047851562 127.0
148.36370849609375 134.0
111.57003021240234 121.0
122.39414978027344 122.0
140.43455505371094 128.0
156.499267578125 154.0
117.56404113769531 108.0
165.4658203125 155.0
165.9453125 167.0
131.82781982421875 130.0
125.36263275146484 115.0
168.95370483398438 167.0
146.7163543701172 148.0
170.30479431152344 171.0
107.42918395996094 111.0
114.71556091308594 122.0
109.0159912109375 106.0
119.07809448242188 114.0
144.6189727783203 143.0
161.14068603515625 144.0
109.99385833740234 114.0
129.6445770263672 125.0
113.07630920410156 111.0
156.9952850341797 146.0
135.8406982421875 130.0
115.1565170288086 120.0
142.05905151367188 134.0
127.43913269042969 126.0
140.91990661621094 136.0
153.66729736328125 153.0
159.49380493164062 167.0
144.65682983398438 133.0
120.61932373046875 116.0
121.01714324951172 106.0
124.2442855834961 120.0
155.16143798828125 161.0
124.16548919677734 129.0
155.11209106445312 150.0
144.1562957763672 130.0
111.29163360595703 110.0
127.96712493896484 127.0
133.6765594482422 126.0
137.25576782226562 134.0
152.384521484375 144.0
114.06758880615234 114.0
98.3864974975586 111.0
123.85490417480469 134.0
146.08802795410156 128.0
165.6678924560547 158.0
126.42868041992188 110.0
157.91673278808594 153.0
167.23898315429688 149.0
163.44747924804688 162.0
138.3461151123047 132.0
114.65772247314453 117.0
102.12298583984375 122.0
156.39877319335938 159.0
116.09930419921875 126.0
136.75071716308594 154.0
117.46630859375 132.0
102.65107727050781 124.0
98.19467163085938 112.0
116.13866424560547 119.0
134.54605102539062 139.0
161.706298828125 167.0
119.06224060058594 135.0
150.8082275390625 160.0
114.07286834716797 122.0
110.74674987792969 118.0
160.86016845703125 176.0
157.76754760742188 169.0
113.69407653808594 127.0
128.58270263671875 134.0
93.06326293945312 121.0
105.55597686767578 122.0
123.28044891357422 128.0
143.71546936035156 154.0
111.7652587890625 108.0
155.68783569335938 155.0
149.4883270263672 167.0
119.48414611816406 130.0
121.52011108398438 115.0
157.80233764648438 167.0
130.84861755371094 148.0
152.26889038085938 171.0
100.56200408935547 111.0
102.24345397949219 122.0
103.37604522705078 106.0
104.88800811767578 114.0
142.44937133789062 143.0
141.47821044921875 144.0
96.52361297607422 114.0
111.52574157714844 125.0
111.09422302246094 111.0
148.41973876953125 146.0
129.7608642578125 130.0
109.38075256347656 120.0
134.2392120361328 134.0
110.43267822265625 126.0
124.95064544677734 136.0
145.70126342773438 153.0
153.85012817382812 167.0
128.19564819335938 133.0
109.44149780273438 116.0
113.35101318359375 106.0
112.66717529296875 120.0
150.00167846679688 161.0
105.68708801269531 129.0
130.8892059326172 150.0
123.46126556396484 130.0
104.6337890625 110.0
108.14093780517578 127.0
115.72539520263672 126.0
122.18132019042969 134.0
129.5508270263672 144.0
104.51956176757812 114.0
95.11341094970703 111.0
118.3427963256836 134.0
124.06871795654297 128.0
146.36378479003906 158.0
110.42253112792969 110.0
146.1166534423828 153.0
134.0427703857422 149.0
145.23257446289062 162.0
128.3972930908203 132.0
101.02753448486328 117.0
83.97464752197266 122.0
140.2931365966797 159.0
108.136474609375 126.0
117.43377685546875 154.0
102.95462036132812 132.0
96.29261779785156 124.0
99.0561294555664 112.0
101.00007629394531 119.0
114.02534484863281 139.0
134.01455688476562 167.0
105.44853210449219 135.0
132.3924560546875 160.0
99.22836303710938 122.0
100.93952941894531 118.0
139.4055938720703 176.0
133.694580078125 169.0
102.78730010986328 127.0
112.7724838256836 134.0
93.64226531982422 121.0
102.83448028564453 122.0
107.44499206542969 128.0
128.79721069335938 154.0
96.07595825195312 108.0
131.4569091796875 155.0
137.74420166015625 167.0
107.02978515625 130.0
99.77472686767578 115.0
142.7026824951172 167.0
118.46415710449219 148.0
136.13540649414062 171.0
95.1589584350586 111.0
97.579833984375 122.0
94.73902893066406 106.0
99.70723724365234 114.0
117.18958282470703 143.0
123.8479232788086 144.0
95.25872802734375 114.0
113.71544647216797 125.0
98.57988739013672 111.0
124.57028198242188 146.0
114.9593505859375 130.0
97.90560150146484 120.0
111.8117446899414 134.0
106.26929473876953 126.0
116.38856506347656 136.0
126.79969787597656 153.0
135.7703857421875 167.0
114.79911804199219 133.0
100.78805541992188 116.0
92.57909393310547 106.0
96.74888610839844 120.0
123.1354751586914 161.0
101.4424819946289 129.0
121.91454315185547 150.0
108.1260986328125 130.0
89.74617004394531 110.0
100.70475006103516 127.0
103.44074249267578 126.0
119.3078842163086 134.0
127.90737915039062 144.0
98.70423126220703 114.0
90.75931549072266 111.0
104.35865783691406 134.0
113.8011703491211 128.0
134.50607299804688 158.0
100.7666015625 110.0
128.3798828125 153.0
121.62176513671875 149.0
136.1380157470703 162.0
111.51217651367188 132.0
95.49050903320312 117.0
104.73747253417969 122.0
165.4642333984375 159.0
120.40141296386719 126.0
138.18028259277344 154.0
116.95391082763672 132.0
107.94520568847656 124.0
110.45646667480469 112.0
111.64332580566406 119.0
133.23675537109375 139.0
161.90835571289062 167.0
121.0533447265625 135.0
150.1646270751953 160.0
112.56437683105469 122.0
114.59429168701172 118.0
165.78245544433594 176.0
159.04141235351562 169.0
118.08953094482422 127.0
126.22799682617188 134.0
115.36426544189453 121.0
118.67115020751953 122.0
123.2330322265625 128.0
150.80398559570312 154.0
110.33680725097656 108.0
156.74227905273438 155.0
161.964599609375 167.0
120.61165618896484 130.0
113.98176574707031 115.0
161.60540771484375 167.0
137.98028564453125 148.0
156.35789489746094 171.0
103.00892639160156 111.0
107.17503356933594 122.0
104.91878509521484 106.0
107.90298461914062 114.0
140.0885467529297 143.0
145.92398071289062 144.0
102.03272247314453 114.0
127.96648406982422 125.0
111.12877655029297 111.0
147.302001953125 146.0
129.24142456054688 130.0
105.67129516601562 120.0
130.52325439453125 134.0
122.82404327392578 126.0
135.4147186279297 136.0
146.0032958984375 153.0
161.1725616455078 167.0
130.22116088867188 133.0
113.54092407226562 116.0
107.88995361328125 106.0
108.78594207763672 120.0
149.56893920898438 161.0
114.70187377929688 129.0
146.68447875976562 150.0
124.67662811279297 130.0
98.72466278076172 110.0
119.78419494628906 127.0
121.3218994140625 126.0
149.83021545410156 134.0
151.8729705810547 144.0
104.25302124023438 114.0
96.06394958496094 111.0
117.54193878173828 134.0
128.84783935546875 128.0
154.55320739746094 158.0
109.92245483398438 110.0
146.104248046875 153.0
146.3246612548828 149.0
154.88670349121094 162.0
122.69989013671875 132.0
109.57469177246094 117.0
102.82981872558594 122.0
181.75746154785156 159.0
141.15711975097656 126.0
165.06985473632812 154.0
138.5279541015625 132.0
130.05770874023438 124.0
122.79251098632812 112.0
133.52745056152344 119.0
144.42080688476562 139.0
187.64817810058594 167.0
153.73464965820312 135.0
177.1000518798828 160.0
145.75485229492188 122.0
143.9425048828125 118.0
161.214111328125 176.0
193.97900390625 169.0
144.53916931152344 127.0
147.44403076171875 134.0
114.65029907226562 121.0
127.75228881835938 122.0
145.6008758544922 128.0
164.626708984375 154.0
141.20596313476562 108.0
182.05953979492188 155.0
180.90870666503906 167.0
144.347412109375 130.0
147.39816284179688 115.0
189.27578735351562 167.0
142.95457458496094 148.0
186.00726318359375 171.0
115.37084197998047 111.0
123.2773666381836 122.0
135.4483642578125 106.0
120.99541473388672 114.0
165.53652954101562 143.0
175.37869262695312 144.0
118.8072280883789 114.0
139.13037109375 125.0
142.5867919921875 111.0
178.40330505371094 146.0
164.35906982421875 130.0
125.23692321777344 120.0
163.25621032714844 134.0
135.08261108398438 126.0
151.02816772460938 136.0
177.68585205078125 153.0
185.65895080566406 167.0
150.590576171875 133.0
137.1282501220703 116.0
139.8394012451172 106.0
130.26499938964844 120.0
171.97219848632812 161.0
120.7114028930664 129.0
157.49940490722656 150.0
146.51336669921875 130.0
119.27383422851562 110.0
130.22096252441406 127.0
131.94857788085938 126.0
148.02304077148438 134.0
154.45285034179688 144.0
124.81851196289062 114.0
104.92208862304688 111.0
138.2270050048828 134.0
151.45945739746094 128.0
171.98178100585938 158.0
125.6382064819336 110.0
169.11776733398438 153.0
160.5435333251953 149.0
170.40377807617188 162.0
151.3721923828125 132.0
117.68099212646484 117.0
95.97702026367188 122.0
176.31417846679688 159.0
126.88956451416016 126.0
147.92529296875 154.0
127.15107727050781 132.0
116.68075561523438 124.0
117.92143249511719 112.0
123.20597839355469 119.0
138.225341796875 139.0
168.82659912109375 167.0
127.7169418334961 135.0
158.42344665527344 160.0
120.13229370117188 122.0
122.073974609375 118.0
175.51287841796875 176.0
167.0460662841797 169.0
123.9032211303711 127.0
139.99249267578125 134.0
114.40544128417969 121.0
125.38854217529297 122.0
133.51712036132812 128.0
159.81356811523438 154.0
118.58660125732422 108.0
164.12132263183594 155.0
166.48939514160156 167.0
131.90252685546875 130.0
124.83419799804688 115.0
170.71142578125 167.0
147.1188507080078 148.0
166.12754821777344 171.0
112.08822631835938 111.0
117.68993377685547 122.0
113.12203979492188 106.0
117.31059265136719 114.0
146.4840850830078 143.0
155.4879150390625 144.0
107.76114654541016 114.0
128.91397094726562 125.0
119.63268280029297 111.0
154.360595703125 146.0
138.84832763671875 130.0
114.4444580078125 120.0
139.45701599121094 134.0
131.1251220703125 126.0
140.61512756347656 136.0
154.5484619140625 153.0
169.19696044921875 167.0
140.75247192382812 133.0
118.4654312133789 116.0
116.93681335449219 106.0
119.00775909423828 120.0
154.640625 161.0
122.02108764648438 129.0
153.42849731445312 150.0
137.85643005371094 130.0
108.16909790039062 110.0
121.63340759277344 127.0
128.3209228515625 126.0
140.61355590820312 134.0
155.15213012695312 144.0
114.01611328125 114.0
104.01934814453125 111.0
125.98857116699219 134.0
136.33216857910156 128.0
163.826171875 158.0
119.05630493164062 110.0
156.74951171875 153.0
153.94192504882812 149.0
166.59898376464844 162.0
135.93637084960938 132.0
116.07417297363281 117.0
110.4736328125 122.0
167.9392547607422 159.0
122.43283081054688 126.0
142.470703125 154.0
123.10501098632812 132.0
113.05731201171875 124.0
114.07720947265625 112.0
118.50303649902344 119.0
135.3925323486328 139.0
163.65000915527344 167.0
123.6568603515625 135.0
155.0648956298828 160.0
116.61565399169922 122.0
118.5306396484375 118.0
172.00662231445312 176.0
162.33895874023438 169.0
118.90298461914062 127.0
131.59075927734375 134.0
108.73041534423828 121.0
121.48509979248047 122.0
126.58763885498047 128.0
154.53170776367188 154.0
114.74064636230469 108.0
159.504638671875 155.0
159.80560302734375 167.0
126.36215209960938 130.0
120.73281860351562 115.0
167.23744201660156 167.0
142.9122772216797 148.0
160.2325439453125 171.0
108.5389404296875 111.0
113.9677963256836 122.0
109.891357421875 106.0
113.44023895263672 114.0
142.81094360351562 143.0
149.6204376220703 144.0
104.2249755859375 114.0
124.51617431640625 125.0
115.55528259277344 111.0
150.1870574951172 146.0
136.11477661132812 130.0
109.56905364990234 120.0
134.9698028564453 134.0
126.90795135498047 126.0
135.1404571533203 136.0
151.7047882080078 153.0
164.7606201171875 167.0
134.64154052734375 133.0
114.6222152709961 116.0
112.09966278076172 106.0
114.02936553955078 120.0
150.4618682861328 161.0
116.33609771728516 129.0
145.51431274414062 150.0
129.70298767089844 130.0
104.44783020019531 110.0
115.96288299560547 127.0
123.17903137207031 126.0
134.41452026367188 134.0
149.5784912109375 144.0
110.16555786132812 114.0
100.31790161132812 111.0
121.96878814697266 134.0
129.7005615234375 128.0
156.20462036132812 158.0
112.51010131835938 110.0
152.5246124267578 153.0
145.3643798828125 149.0
161.49656677246094 162.0
130.4204864501953 132.0
111.69224548339844 117.0
107.13301086425781 122.0
160.9395751953125 159.0
121.98284912109375 126.0
140.753173828125 154.0
120.60885620117188 132.0
110.6767349243164 124.0
109.21258544921875 112.0
115.13716888427734 119.0
129.9630126953125 139.0
159.48977661132812 167.0
119.87256622314453 135.0
151.93321228027344 160.0
113.19499206542969 122.0
114.61956024169922 118.0
165.46885681152344 176.0
159.86888122558594 169.0
116.21553039550781 127.0
126.99359130859375 134.0
106.48645782470703 121.0
116.51605987548828 122.0
122.46980285644531 128.0
149.4027557373047 154.0
112.19325256347656 108.0
155.40333557128906 155.0
158.42617797851562 167.0
121.23420715332031 130.0
117.8532943725586 115.0
164.94302368164062 167.0
136.5631103515625 148.0
157.4194793701172 171.0
105.41458129882812 111.0
108.32884216308594 122.0
103.79390716552734 106.0
112.01188659667969 114.0
138.16390991210938 143.0
148.20367431640625 144.0
101.17656707763672 114.0
122.42941284179688 125.0
111.9760513305664 111.0
148.4001007080078 146.0
131.55665588378906 130.0
107.33614349365234 120.0
132.00506591796875 134.0
122.77526092529297 126.0
131.44508361816406 136.0
148.482177734375 153.0
159.07940673828125 167.0
130.2818145751953 133.0
111.42411804199219 116.0
109.76402282714844 106.0
112.87132263183594 120.0
146.617431640625 161.0
114.14048767089844 129.0
139.46224975585938 150.0
126.02239990234375 130.0
101.25401306152344 110.0
115.72467803955078 127.0
120.2612533569336 126.0
134.5319061279297 134.0
147.7273406982422 144.0
104.58893585205078 114.0
94.48782348632812 111.0
118.38338470458984 134.0
129.20703125 128.0
149.60980224609375 158.0
108.14460754394531 110.0
151.20791625976562 153.0
144.10940551757812 149.0
155.77841186523438 162.0
126.5244140625 132.0
108.35247802734375 117.0
104.08323669433594 122.0
163.4258575439453 159.0
121.83159637451172 126.0
141.0801239013672 154.0
121.5580825805664 132.0
112.7002944946289 124.0
109.38162231445312 112.0
116.09330749511719 119.0
131.6826629638672 139.0
161.231689453125 167.0
122.56144714355469 135.0
153.40316772460938 160.0
114.4920883178711 122.0
117.17533874511719 118.0
168.80763244628906 176.0
161.0870361328125 169.0
117.1180419921875 127.0
127.38810729980469 134.0
105.94625854492188 121.0
116.12651062011719 122.0
122.78443908691406 128.0
153.4180908203125 154.0
113.0386734008789 108.0
156.961181640625 155.0
157.27061462402344 167.0
123.98526763916016 130.0
118.49600219726562 115.0
166.85092163085938 167.0
139.68093872070312 148.0
158.04148864746094 171.0
107.11024475097656 111.0
112.07621765136719 122.0
107.30109405517578 106.0
111.97222900390625 114.0
139.84829711914062 143.0
148.2335205078125 144.0
102.49563598632812 114.0
122.17118072509766 125.0
112.79598236083984 111.0
148.9487762451172 146.0
133.98806762695312 130.0
106.86528778076172 120.0
132.2969207763672 134.0
123.21141815185547 126.0
132.4663543701172 136.0
150.77920532226562 153.0
161.6849822998047 167.0
130.2530059814453 133.0
112.24374389648438 116.0
109.44629669189453 106.0
112.38812255859375 120.0
147.9571533203125 161.0
113.82642364501953 129.0
140.6397705078125 150.0
128.2455596923828 130.0
102.10655975341797 110.0
113.7782974243164 127.0
120.71224975585938 126.0
132.03587341308594 134.0
148.39834594726562 144.0
106.96952056884766 114.0
97.13748168945312 111.0
119.83259582519531 134.0
128.03829956054688 128.0
152.29183959960938 158.0
108.61714935302734 110.0
151.98159790039062 153.0
141.93905639648438 149.0
159.2675323486328 162.0
127.69952392578125 132.0
109.99668884277344 117.0
104.44703674316406 122.0
168.82933044433594 159.0
123.63442993164062 126.0
144.4565887451172 154.0
124.57412719726562 132.0
116.41230773925781 124.0
112.95088958740234 112.0
119.3675537109375 119.0
133.41404724121094 139.0
163.7232208251953 167.0
125.15817260742188 135.0
154.3597869873047 160.0
117.01507568359375 122.0
119.8030014038086 118.0
168.9901123046875 176.0
162.99505615234375 169.0
120.1978988647461 127.0
134.82276916503906 134.0
111.38735961914062 121.0
120.5927505493164 122.0
129.61196899414062 128.0
157.47352600097656 154.0
115.57225799560547 108.0
159.77462768554688 155.0
162.59613037109375 167.0
129.23851013183594 130.0
120.8567123413086 115.0
167.9011993408203 167.0
143.33389282226562 148.0
160.8985137939453 171.0
108.73422241210938 111.0
116.41152954101562 122.0
110.9403305053711 106.0
114.82791900634766 114.0
142.8136749267578 143.0
151.55117797851562 144.0
106.19527435302734 114.0
126.25733947753906 125.0
116.34748840332031 111.0
151.23410034179688 146.0
136.32437133789062 130.0
109.91857147216797 120.0
134.62969970703125 134.0
126.61505126953125 126.0
136.74366760253906 136.0
151.93397521972656 153.0
162.60633850097656 167.0
135.52459716796875 133.0
115.1268081665039 116.0
111.72297668457031 106.0
115.76659393310547 120.0
149.9625701904297 161.0
118.83116149902344 129.0
148.0454864501953 150.0
133.8057403564453 130.0
105.13001251220703 110.0
119.28394317626953 127.0
125.23285675048828 126.0
138.67201232910156 134.0
154.57415771484375 144.0
109.80106353759766 114.0
99.59578704833984 111.0
122.1286849975586 134.0
131.7669677734375 128.0
157.19566345214844 158.0
114.5205307006836 110.0
153.31884765625 153.0
148.94921875 149.0
162.63604736328125 162.0
131.24057006835938 132.0
114.04258728027344 117.0
110.08706665039062 122.0
174.01918029785156 159.0
124.60920715332031 126.0
147.55551147460938 154.0
126.355712890625 132.0
115.06610870361328 124.0
112.35103607177734 112.0
121.11860656738281 119.0
135.18630981445312 139.0
168.17860412597656 167.0
125.8157958984375 135.0
155.99252319335938 160.0
118.57122802734375 122.0
118.80729675292969 118.0
173.25787353515625 176.0
166.0960693359375 169.0
120.58670043945312 127.0
138.06285095214844 134.0
110.57981872558594 121.0
120.06676483154297 122.0
131.3484344482422 128.0
158.93170166015625 154.0
117.36058044433594 108.0
162.87973022460938 155.0
165.48045349121094 167.0
130.5292205810547 130.0
124.11516571044922 115.0
168.78213500976562 167.0
146.21693420410156 148.0
163.82998657226562 171.0
108.13591766357422 111.0
113.87805938720703 122.0
109.70304870605469 106.0
114.90887451171875 114.0
145.3116455078125 143.0
154.17227172851562 144.0
103.48204803466797 114.0
124.55863952636719 125.0
117.78150939941406 111.0
154.12222290039062 146.0
136.9637908935547 130.0
111.37358093261719 120.0
137.7510986328125 134.0
127.0804443359375 126.0
139.8892364501953 136.0
153.42694091796875 153.0
165.732177734375 167.0
138.35264587402344 133.0
114.76139831542969 116.0
115.32186126708984 106.0
117.06047058105469 120.0
153.82513427734375 161.0
120.15882110595703 129.0
151.49977111816406 150.0
137.00839233398438 130.0
105.1911392211914 110.0
121.15271759033203 127.0
126.78794860839844 126.0
136.13084411621094 134.0
152.8210906982422 144.0
108.75958251953125 114.0
97.89984893798828 111.0
123.32936096191406 134.0
133.98370361328125 128.0
161.90072631835938 158.0
115.56887817382812 110.0
154.90542602539062 153.0
153.2117156982422 149.0
164.5647430419922 162.0
132.4729461669922 132.0
114.3067398071289 117.0
105.69828796386719 122.0
171.0707244873047 159.0
125.95657348632812 126.0
147.43814086914062 154.0
126.21119689941406 132.0
117.48326873779297 124.0
114.79617309570312 112.0
121.51866149902344 119.0
137.0948486328125 139.0
167.82774353027344 167.0
127.84988403320312 135.0
156.22706604003906 160.0
119.37890625 122.0
121.35668182373047 118.0
169.9219970703125 176.0
167.5079345703125 169.0
122.55785369873047 127.0
138.24237060546875 134.0
111.45491027832031 121.0
122.26968383789062 122.0
132.79248046875 128.0
159.43521118164062 154.0
117.42062377929688 108.0
163.69227600097656 155.0
164.70755004882812 167.0
130.88198852539062 130.0
123.57733917236328 115.0
169.00369262695312 167.0
145.07614135742188 148.0
165.19297790527344 171.0
110.31949615478516 111.0
116.70724487304688 122.0
112.56757354736328 106.0
116.58586883544922 114.0
145.83908081054688 143.0
155.3423309326172 144.0
107.39517211914062 114.0
128.04824829101562 125.0
119.1819839477539 111.0
154.263916015625 146.0
138.3439178466797 130.0
112.1868667602539 120.0
137.6727294921875 134.0
127.85433197021484 126.0
138.82952880859375 136.0
154.10311889648438 153.0
163.80148315429688 167.0
138.9135284423828 133.0
118.0158462524414 116.0
115.1910171508789 106.0
117.46871948242188 120.0
153.5655059814453 161.0
120.13699340820312 129.0
147.59291076660156 150.0
134.63307189941406 130.0
106.06977081298828 110.0
121.13899993896484 127.0
126.73918914794922 126.0
138.80831909179688 134.0
154.8040313720703 144.0
111.63455963134766 114.0
100.01678466796875 111.0
124.53121948242188 134.0
135.38453674316406 128.0
159.01461791992188 158.0
116.23802185058594 110.0
155.6588134765625 153.0
153.22601318359375 149.0
165.3090057373047 162.0
133.90740966796875 132.0
115.63380432128906 117.0
110.95683288574219 122.0
165.04969787597656 159.0
120.73023986816406 126.0
141.31353759765625 154.0
121.27721405029297 132.0
113.1058120727539 124.0
109.75367736816406 112.0
116.55635070800781 119.0
132.4038848876953 139.0
161.58163452148438 167.0
122.05511474609375 135.0
152.363037109375 160.0
113.64578247070312 122.0
116.25778198242188 118.0
167.93942260742188 176.0
160.84620666503906 169.0
116.96334075927734 127.0
130.20291137695312 134.0
105.41789245605469 121.0
116.74020385742188 122.0
124.7741470336914 128.0
153.0299835205078 154.0
112.15350341796875 108.0
157.0251007080078 155.0
157.5614013671875 167.0
125.30783081054688 130.0
117.34794616699219 115.0
165.58334350585938 167.0
140.9654998779297 148.0
158.33494567871094 171.0
106.87975311279297 111.0
112.36221313476562 122.0
107.61032104492188 106.0
112.22624969482422 114.0
139.58526611328125 143.0
148.1103057861328 144.0
102.92649841308594 114.0
122.95366668701172 125.0
112.31904602050781 111.0
148.204345703125 146.0
132.7198944091797 130.0
107.02826690673828 120.0
130.91543579101562 134.0
122.30146026611328 126.0
132.7996368408203 136.0
149.8419189453125 153.0
160.92984008789062 167.0
131.2147216796875 133.0
111.8940200805664 116.0
108.00237274169922 106.0
112.35307312011719 120.0
147.56625366210938 161.0
114.65478515625 129.0
142.449951171875 150.0
129.08033752441406 130.0
101.66600036621094 110.0
114.2232437133789 127.0
121.86589050292969 126.0
132.16024780273438 134.0
147.86126708984375 144.0
107.16324615478516 114.0
96.8127212524414 111.0
119.88675689697266 134.0
128.0958251953125 128.0
154.08428955078125 158.0
110.38567352294922 110.0
150.81509399414062 153.0
143.4346923828125 149.0
159.63739013671875 162.0
127.19572448730469 132.0
110.98463439941406 117.0
106.84072875976562 122.0
158.44613647460938 159.0
118.4184341430664 126.0
136.87184143066406 154.0
117.13703918457031 132.0
108.07191467285156 124.0
105.0020751953125 112.0
111.73091125488281 119.0
125.90005493164062 139.0
154.54214477539062 167.0
116.25146484375 135.0
146.73866271972656 160.0
110.05569458007812 122.0
111.24700927734375 118.0
162.89190673828125 176.0
155.52484130859375 169.0
112.18343353271484 127.0
123.83262634277344 134.0
105.00653076171875 121.0
111.86829376220703 122.0
118.73062896728516 128.0
145.75161743164062 154.0
108.61868286132812 108.0
150.74256896972656 155.0
152.76834106445312 167.0
118.71200561523438 130.0
113.79179382324219 115.0
160.44488525390625 167.0
133.83042907714844 148.0
152.43130493164062 171.0
101.66577911376953 111.0
105.69815826416016 122.0
99.9161376953125 106.0
108.06041717529297 114.0
133.31158447265625 143.0
143.54690551757812 144.0
97.45330047607422 114.0
118.8897476196289 125.0
107.76829528808594 111.0
144.6673583984375 146.0
127.14476776123047 130.0
104.3342514038086 120.0
127.2591781616211 134.0
118.58514404296875 126.0
127.60900115966797 136.0
144.19223022460938 153.0
154.9133758544922 167.0
124.87930297851562 133.0
107.50749969482422 116.0
105.37042236328125 106.0
109.11814880371094 120.0
142.62612915039062 161.0
111.326171875 129.0
137.62081909179688 150.0
123.65252685546875 130.0
97.87765502929688 110.0
111.81671905517578 127.0
117.59236907958984 126.0
131.12429809570312 134.0
144.5992431640625 144.0
101.6839599609375 114.0
90.65308380126953 111.0
115.00172424316406 134.0
124.17286682128906 128.0
147.315185546875 158.0
104.5427474975586 110.0
147.0310516357422 153.0
139.83749389648438 149.0
151.5079803466797 162.0
121.79344177246094 132.0
106.48780059814453 117.0
101.36077880859375 122.0
165.6480712890625 159.0
121.94950866699219 126.0
142.9257049560547 154.0
122.53275299072266 132.0
113.83975982666016 124.0
109.03168487548828 112.0
118.54584503173828 119.0
133.74365234375 139.0
163.9583740234375 167.0
123.5520248413086 135.0
154.5019989013672 160.0
115.39717102050781 122.0
117.07618713378906 118.0
169.80429077148438 176.0
163.89654541015625 169.0
118.22147369384766 127.0
131.78195190429688 134.0
105.46697235107422 121.0
116.32339477539062 122.0
126.357666015625 128.0
155.02418518066406 154.0
114.11470031738281 108.0
159.0280303955078 155.0
158.39593505859375 167.0
126.37232971191406 130.0
119.48104095458984 115.0
167.6876983642578 167.0
140.92684936523438 148.0
159.53440856933594 171.0
107.59707641601562 111.0
112.77787780761719 122.0
108.11181640625 106.0
112.92256927490234 114.0
141.7452392578125 143.0
150.36087036132812 144.0
103.5988540649414 114.0
122.40950012207031 125.0
114.64862060546875 111.0
150.8778533935547 146.0
134.9669647216797 130.0
108.59943389892578 120.0
133.42918395996094 134.0
121.53058624267578 126.0
133.084228515625 136.0
151.5718231201172 153.0
162.80654907226562 167.0
131.86294555664062 133.0
113.0614013671875 116.0
110.7541275024414 106.0
113.64817810058594 120.0
150.43211364746094 161.0
114.68965911865234 129.0
143.32167053222656 150.0
131.32626342773438 130.0
103.10823059082031 110.0
115.3274917602539 127.0
122.58671569824219 126.0
133.98878479003906 134.0
148.6894073486328 144.0
107.55010986328125 114.0
97.05207061767578 111.0
121.01362609863281 134.0
129.51513671875 128.0
154.58885192871094 158.0
110.75848388671875 110.0
153.1522674560547 153.0
146.06668090820312 149.0
160.62588500976562 162.0
128.77557373046875 132.0
110.6399154663086 117.0
106.90304565429688 122.0
162.17442321777344 159.0
119.7545394897461 126.0
140.41525268554688 154.0
120.40998840332031 132.0
112.11743927001953 124.0
106.23831176757812 112.0
115.05535888671875 119.0
131.06248474121094 139.0
161.28297424316406 167.0
122.28510284423828 135.0
151.04595947265625 160.0
114.14057922363281 122.0
116.30166625976562 118.0
166.34487915039062 176.0
160.61691284179688 169.0
117.05880737304688 127.0
127.96543884277344 134.0
105.72327423095703 121.0
113.8634033203125 122.0
122.95036315917969 128.0
152.5906524658203 154.0
111.89344024658203 108.0
156.70236206054688 155.0
155.9136199951172 167.0
123.82456970214844 130.0
118.10476684570312 115.0
163.84442138671875 167.0
138.86795043945312 148.0
156.940673828125 171.0
105.14791870117188 111.0
112.36964416503906 122.0
106.93230438232422 106.0
110.4393081665039 114.0
139.7823486328125 143.0
146.71627807617188 144.0
101.69011688232422 114.0
120.50323486328125 125.0
112.07485961914062 111.0
147.84283447265625 146.0
132.71607971191406 130.0
106.13556671142578 120.0
131.20147705078125 134.0
119.94634246826172 126.0
130.62274169921875 136.0
148.66793823242188 153.0
159.46942138671875 167.0
127.7110595703125 133.0
111.34708404541016 116.0
108.65941619873047 106.0
111.18325805664062 120.0
147.42837524414062 161.0
112.2037353515625 129.0
141.15032958984375 150.0
126.67215728759766 130.0
101.38534545898438 110.0
111.84616088867188 127.0
119.70528411865234 126.0
132.28057861328125 134.0
147.1345977783203 144.0
105.61193084716797 114.0
97.24961853027344 111.0
119.16387939453125 134.0
127.11703491210938 128.0
151.71640014648438 158.0
107.88081359863281 110.0
148.5386962890625 153.0
142.20758056640625 149.0
158.68472290039062 162.0
127.24063873291016 132.0
108.54608154296875 117.0
106.24800109863281 122.0
164.82713317871094 159.0
122.00033569335938 126.0
142.61544799804688 154.0
121.63422393798828 132.0
113.61456298828125 124.0
110.02859497070312 112.0
115.57878875732422 119.0
131.57098388671875 139.0
162.79885864257812 167.0
122.9328384399414 135.0
152.31175231933594 160.0
114.80126190185547 122.0
116.90533447265625 118.0
167.12747192382812 176.0
162.05563354492188 169.0
117.16354370117188 127.0
129.06288146972656 134.0
104.4152603149414 121.0
117.07302856445312 122.0
124.79536437988281 128.0
154.23565673828125 154.0
112.92405700683594 108.0
158.08370971679688 155.0
158.343994140625 167.0
124.94070434570312 130.0
118.12759399414062 115.0
165.04647827148438 167.0
139.33001708984375 148.0
159.06967163085938 171.0
106.62716674804688 111.0
112.80625915527344 122.0
109.85172271728516 106.0
112.01813507080078 114.0
140.3433074951172 143.0
148.5987548828125 144.0
102.14195251464844 114.0
121.46980285644531 125.0
113.95783233642578 111.0
149.1650848388672 146.0
133.58255004882812 130.0
107.64903259277344 120.0
131.8572998046875 134.0
122.19041442871094 126.0
132.44931030273438 136.0
149.3166961669922 153.0
161.03099060058594 167.0
131.3957977294922 133.0
110.9369125366211 116.0
108.52394104003906 106.0
112.27909088134766 120.0
148.40972900390625 161.0
113.59132385253906 129.0
139.7093963623047 150.0
129.25477600097656 130.0
101.13033294677734 110.0
113.71403503417969 127.0
120.84464263916016 126.0
130.3481903076172 134.0
147.49835205078125 144.0
106.27198791503906 114.0
97.75128936767578 111.0
120.13059997558594 134.0
128.76107788085938 128.0
154.7649688720703 158.0
109.11795806884766 110.0
151.73497009277344 153.0
144.32418823242188 149.0
161.2174530029297 162.0
127.75982666015625 132.0
109.87515258789062 117.0
105.20284271240234 122.0
156.4210662841797 159.0
115.27010345458984 126.0
134.51153564453125 154.0
115.34170532226562 132.0
107.71363830566406 124.0
102.3867416381836 112.0
110.01597595214844 119.0
124.55189514160156 139.0
152.37722778320312 167.0
116.23409271240234 135.0
143.75289916992188 160.0
108.00682830810547 122.0
110.12859344482422 118.0
157.06417846679688 176.0
152.388916015625 169.0
110.87046813964844 127.0
122.12566375732422 134.0
100.29524230957031 121.0
108.34819030761719 122.0
117.10618591308594 128.0
144.9071044921875 154.0
106.79489135742188 108.0
147.90771484375 155.0
150.07455444335938 167.0
118.71765899658203 130.0
111.1361083984375 115.0
156.55697631835938 167.0
131.09689331054688 148.0
150.9824676513672 171.0
101.51195526123047 111.0
107.23884582519531 122.0
100.63655090332031 106.0
106.48158264160156 114.0
131.68711853027344 143.0
139.6412811279297 144.0
97.7162094116211 114.0
115.8828353881836 125.0
106.19903564453125 111.0
141.05360412597656 146.0
125.94103240966797 130.0
101.71993255615234 120.0
123.7782974243164 134.0
114.62831115722656 126.0
125.88383483886719 136.0
141.9459228515625 153.0
152.17266845703125 167.0
123.13571166992188 133.0
104.38279724121094 116.0
101.96670532226562 106.0
106.12242889404297 120.0
139.60287475585938 161.0
109.28028869628906 129.0
133.86138916015625 150.0
122.17622375488281 130.0
96.58268737792969 110.0
107.84712219238281 127.0
115.44168090820312 126.0
125.69751739501953 134.0
140.23095703125 144.0
100.6846694946289 114.0
92.62446594238281 111.0
113.507080078125 134.0
121.1021957397461 128.0
144.99850463867188 158.0
103.55110168457031 110.0
143.353759765625 153.0
134.8395233154297 149.0
151.0052490234375 162.0
120.40365600585938 132.0
104.48776245117188 117.0
101.73323822021484 122.0
161.40487670898438 159.0
116.5871353149414 126.0
137.53668212890625 154.0
117.67953491210938 132.0
110.49658203125 124.0
102.72454833984375 112.0
113.91951751708984 119.0
126.23573303222656 139.0
156.22805786132812 167.0
118.15504455566406 135.0
144.37432861328125 160.0
110.09253692626953 122.0
112.23475646972656 118.0
161.841064453125 176.0
155.04261779785156 169.0
112.34228515625 127.0
126.72547912597656 134.0
106.01468658447266 121.0
110.2493896484375 122.0
121.33111572265625 128.0
148.64605712890625 154.0
108.1418228149414 108.0
151.28189086914062 155.0
153.2115478515625 167.0
122.43426513671875 130.0
113.88665008544922 115.0
158.9025115966797 167.0
135.906494140625 148.0
153.23379516601562 171.0
102.44992065429688 111.0
110.34187316894531 122.0
101.35600280761719 106.0
107.95074462890625 114.0
134.7618408203125 143.0
142.20455932617188 144.0
99.6321029663086 114.0
116.31158447265625 125.0
108.41505432128906 111.0
143.75961303710938 146.0
128.13262939453125 130.0
103.38128662109375 120.0
126.61163330078125 134.0
117.08811950683594 126.0
128.97630310058594 136.0
144.03517150878906 153.0
154.3261260986328 167.0
124.58000946044922 133.0
105.83331298828125 116.0
104.82621765136719 106.0
109.06912231445312 120.0
142.721923828125 161.0
112.08766174316406 129.0
142.22007751464844 150.0
126.96575164794922 130.0
98.89308166503906 110.0
110.72196197509766 127.0
118.74114990234375 126.0
131.19329833984375 134.0
146.69107055664062 144.0
102.90155029296875 114.0
93.10730743408203 111.0
115.07443237304688 134.0
123.59417724609375 128.0
148.92799377441406 158.0
106.5009994506836 110.0
145.71847534179688 153.0
139.51942443847656 149.0
153.846923828125 162.0
122.92157745361328 132.0
107.95994567871094 117.0
102.82843780517578 122.0
164.57542419433594 159.0
118.88966369628906 126.0
139.201416015625 154.0
119.28279113769531 132.0
110.14534759521484 124.0
105.5295639038086 112.0
116.6631088256836 119.0
129.1673583984375 139.0
158.22178649902344 167.0
119.38573455810547 135.0
148.45556640625 160.0
112.5602798461914 122.0
114.24491119384766 118.0
168.75106811523438 176.0
158.78260803222656 169.0
114.1904067993164 127.0
128.53785705566406 134.0
106.88909149169922 121.0
113.81739807128906 122.0
123.50515747070312 128.0
150.1613006591797 154.0
110.60607147216797 108.0
153.9762420654297 155.0
153.84921264648438 167.0
123.97021484375 130.0
116.28782653808594 115.0
163.19000244140625 167.0
139.64266967773438 148.0
154.58251953125 171.0
103.86510467529297 111.0
109.70742797851562 122.0
102.70201873779297 106.0
109.31558227539062 114.0
136.9282989501953 143.0
144.8173065185547 144.0
99.72664642333984 114.0
117.50898742675781 125.0
109.72064208984375 111.0
147.5061798095703 146.0
131.18507385253906 130.0
105.85038757324219 120.0
129.06326293945312 134.0
120.06951141357422 126.0
131.17568969726562 136.0
147.45278930664062 153.0
159.62704467773438 167.0
128.5355224609375 133.0
108.41175842285156 116.0
107.41973876953125 106.0
111.07596588134766 120.0
145.88818359375 161.0
113.75122833251953 129.0
143.65423583984375 150.0
128.52435302734375 130.0
100.3195571899414 110.0
112.7135009765625 127.0
120.43789672851562 126.0
131.0406494140625 134.0
145.83871459960938 144.0
105.41667175292969 114.0
94.00048828125 111.0
117.35066223144531 134.0
125.71966552734375 128.0
151.89511108398438 158.0
108.42886352539062 110.0
148.9618682861328 153.0
141.47943115234375 149.0
155.2836456298828 162.0
125.006103515625 132.0
109.34288787841797 117.0
102.64383697509766 122.0
172.64312744140625 159.0
124.673095703125 126.0
145.03463745117188 154.0
123.99691009521484 132.0
116.30879211425781 124.0
113.0325927734375 112.0
121.07113647460938 119.0
135.39794921875 139.0
165.5320281982422 167.0
127.36972045898438 135.0
154.25271606445312 160.0
117.3037109375 122.0
120.98805236816406 118.0
170.29454040527344 176.0
165.53794860839844 169.0
121.78176879882812 127.0
136.90354919433594 134.0
111.38011932373047 121.0
120.72867584228516 122.0
131.1294403076172 128.0
160.20167541503906 154.0
114.38169860839844 108.0
161.57815551757812 155.0
165.211669921875 167.0
129.7565155029297 130.0
120.59265899658203 115.0
167.7765350341797 167.0
145.78878784179688 148.0
164.5202178955078 171.0
108.7153549194336 111.0
117.14005279541016 122.0
111.64309692382812 106.0
114.86656188964844 114.0
144.01040649414062 143.0
152.82139587402344 144.0
107.01608276367188 114.0
126.60102844238281 125.0
116.73056030273438 111.0
152.64402770996094 146.0
136.59774780273438 130.0
110.39979553222656 120.0
134.04161071777344 134.0
126.84030151367188 126.0
137.48583984375 136.0
152.66726684570312 153.0
162.99765014648438 167.0
135.054931640625 133.0
116.7098617553711 116.0
110.92394256591797 106.0
115.14859008789062 120.0
152.0010986328125 161.0
119.7437973022461 129.0
149.92864990234375 150.0
132.0537109375 130.0
104.00247192382812 110.0
119.5039291381836 127.0
126.51525115966797 126.0
137.99520874023438 134.0
154.878173828125 144.0
111.37130737304688 114.0
101.24433898925781 111.0
122.64874267578125 134.0
133.80792236328125 128.0
159.52786254882812 158.0
114.93035125732422 110.0
153.8170928955078 153.0
150.20762634277344 149.0
166.1578369140625 162.0
131.4398956298828 132.0
115.23066711425781 117.0
111.37383270263672 122.0
166.4619903564453 159.0
120.61617279052734 126.0
140.3091278076172 154.0
120.00099182128906 132.0
114.07005310058594 124.0
108.64779663085938 112.0
115.73323059082031 119.0
130.9999542236328 139.0
160.40904235839844 167.0
123.23872375488281 135.0
150.36911010742188 160.0
113.05648803710938 122.0
115.94023132324219 118.0
167.94287109375 176.0
160.75772094726562 169.0
115.67725372314453 127.0
130.61737060546875 134.0
107.79529571533203 121.0
116.30101013183594 122.0
124.75352478027344 128.0
155.15292358398438 154.0
111.33645629882812 108.0
155.5771484375 155.0
159.23709106445312 167.0
125.3554916381836 130.0
115.73979949951172 115.0
163.92974853515625 167.0
139.37596130371094 148.0
158.94100952148438 171.0
104.59666442871094 111.0
112.8321533203125 122.0
108.3529281616211 106.0
110.26310729980469 114.0
138.30516052246094 143.0
145.74612426757812 144.0
101.01850891113281 114.0
120.36697387695312 125.0
112.7844467163086 111.0
147.3992462158203 146.0
132.1956787109375 130.0
105.05317687988281 120.0
129.545166015625 134.0
122.15339660644531 126.0
132.947509765625 136.0
148.486083984375 153.0
161.0049285888672 167.0
129.55792236328125 133.0
109.03996276855469 116.0
106.05570983886719 106.0
110.49950408935547 120.0
146.34112548828125 161.0
114.8149642944336 129.0
144.0310516357422 150.0
129.4449920654297 130.0
99.18295288085938 110.0
113.8020248413086 127.0
121.52424621582031 126.0
133.70187377929688 134.0
149.56480407714844 144.0
105.37281799316406 114.0
96.24238586425781 111.0
118.08592224121094 134.0
126.59352111816406 128.0
154.7600860595703 158.0
109.12954711914062 110.0
149.87843322753906 153.0
143.19178771972656 149.0
161.2142791748047 162.0
125.81375885009766 132.0
111.0243148803711 117.0
105.2362289428711 122.0
165.73336791992188 159.0
126.25820922851562 126.0
147.519287109375 154.0
125.30756378173828 132.0
114.16668701171875 124.0
107.43772888183594 112.0
121.49066162109375 119.0
133.1187744140625 139.0
165.10638427734375 167.0
122.89390563964844 135.0
153.42996215820312 160.0
117.12225341796875 122.0
118.20063781738281 118.0
166.3944091796875 176.0
164.91949462890625 169.0
119.38526916503906 127.0
132.86692810058594 134.0
107.25503540039062 121.0
114.8263168334961 122.0
127.36201477050781 128.0
153.12466430664062 154.0
115.46000671386719 108.0
159.96461486816406 155.0
159.33763122558594 167.0
125.98621368408203 130.0
121.64990997314453 115.0
167.54473876953125 167.0
139.79251098632812 148.0
162.54542541503906 171.0
108.10243225097656 111.0
112.87895202636719 122.0
105.79914855957031 106.0
115.58356475830078 114.0
142.9347686767578 143.0
152.63829040527344 144.0
103.28131103515625 114.0
121.70755767822266 125.0
113.62885284423828 111.0
153.61553955078125 146.0
136.3455047607422 130.0
111.8857192993164 120.0
135.63848876953125 134.0
121.05376434326172 126.0
133.66912841796875 136.0
151.5121612548828 153.0
160.2815399169922 167.0
131.8837890625 133.0
113.5699234008789 116.0
112.32339477539062 106.0
116.86634063720703 120.0
152.20892333984375 161.0
116.24516296386719 129.0
142.78421020507812 150.0
131.93093872070312 130.0
104.30020141601562 110.0
116.17056274414062 127.0
123.38042449951172 126.0
133.24472045898438 134.0
147.55104064941406 144.0
108.69137573242188 114.0
97.78387451171875 111.0
122.97991180419922 134.0
133.59300231933594 128.0
155.55459594726562 158.0
112.00494384765625 110.0
154.94931030273438 153.0
148.2932586669922 149.0
160.44647216796875 162.0
130.66348266601562 132.0
110.80851745605469 117.0
107.94882202148438 122.0
164.37030029296875 159.0
121.15445709228516 126.0
139.04368591308594 154.0
120.0757827758789 132.0
112.69974517822266 124.0
108.54830169677734 112.0
114.67433166503906 119.0
129.9576873779297 139.0
158.22837829589844 167.0
121.2432632446289 135.0
147.71453857421875 160.0
112.06148529052734 122.0
115.3907699584961 118.0
160.8406219482422 176.0
158.14932250976562 169.0
115.0009765625 127.0
128.28121948242188 134.0
110.59600067138672 121.0
117.06378173828125 122.0
124.23807525634766 128.0
152.13015747070312 154.0
110.1657485961914 108.0
153.80615234375 155.0
159.79180908203125 167.0
123.75057220458984 130.0
114.07456970214844 115.0
160.94955444335938 167.0
140.11973571777344 148.0
157.3686981201172 171.0
105.16012573242188 111.0
112.0542984008789 122.0
104.78014373779297 106.0
111.85075378417969 114.0
137.048828125 143.0
145.87994384765625 144.0
103.27770233154297 114.0
124.21800231933594 125.0
110.57698822021484 111.0
146.45108032226562 146.0
130.95614624023438 130.0
105.02294158935547 120.0
128.42501831054688 134.0
121.86018371582031 126.0
131.38381958007812 136.0
146.41275024414062 153.0
154.1083984375 167.0
129.23191833496094 133.0
110.36705017089844 116.0
105.20653533935547 106.0
110.18830871582031 120.0
145.48202514648438 161.0
117.19820404052734 129.0
146.40133666992188 150.0
126.75816345214844 130.0
99.3350830078125 110.0
116.58938598632812 127.0
122.22157287597656 126.0
138.47727966308594 134.0
151.38668823242188 144.0
105.60150146484375 114.0
94.97415161132812 111.0
117.71129608154297 134.0
127.46345520019531 128.0
152.15853881835938 158.0
110.44214630126953 110.0
148.5580596923828 153.0
144.67987060546875 149.0
158.99154663085938 162.0
123.42520141601562 132.0
111.47724151611328 117.0
110.30757141113281 122.0
150.68003845214844 159.0
114.33407592773438 126.0
131.7166748046875 154.0
113.79045867919922 132.0
106.38044738769531 124.0
99.91050720214844 112.0
107.546630859375 119.0
121.98919677734375 139.0
150.4709930419922 167.0
114.2235107421875 135.0
144.71044921875 160.0
107.08871459960938 122.0
109.3921127319336 118.0
157.83212280273438 176.0
153.11123657226562 169.0
108.96514892578125 127.0
117.27759552001953 134.0
100.04984283447266 121.0
107.11083984375 122.0
114.20584106445312 128.0
143.32656860351562 154.0
106.20843505859375 108.0
146.8568115234375 155.0
147.17796325683594 167.0
115.18875122070312 130.0
110.74179077148438 115.0
158.27337646484375 167.0
131.24659729003906 148.0
148.14508056640625 171.0
98.70879364013672 111.0
106.02063751220703 122.0
98.1567153930664 106.0
104.04217529296875 114.0
130.6595916748047 143.0
138.11090087890625 144.0
94.74256134033203 114.0
111.85360717773438 125.0
103.75032806396484 111.0
142.5801544189453 146.0
125.67876434326172 130.0
99.05325317382812 120.0
123.92413330078125 134.0
114.40253448486328 126.0
121.98628234863281 136.0
142.8917236328125 153.0
151.4833221435547 167.0
119.80447387695312 133.0
103.1722412109375 116.0
101.18955993652344 106.0
104.85364532470703 120.0
139.3541259765625 161.0
106.10032653808594 129.0
132.1578826904297 150.0
119.5133056640625 130.0
95.3084945678711 110.0
106.1390609741211 127.0
113.31790924072266 126.0
123.11833190917969 134.0
139.29248046875 144.0
98.56767272949219 114.0
89.1136703491211 111.0
112.20860290527344 134.0
118.59635162353516 128.0
141.6850128173828 158.0
99.99562072753906 110.0
144.853759765625 153.0
131.0817413330078 149.0
148.35548400878906 162.0
117.51239013671875 132.0
103.87609100341797 117.0
98.72825622558594 122.0
166.88121032714844 159.0
122.36539459228516 126.0
142.80224609375 154.0
122.35906219482422 132.0
113.35711669921875 124.0
108.12638854980469 112.0
116.8980941772461 119.0
131.83592224121094 139.0
163.2877197265625 167.0
123.36420440673828 135.0
151.74192810058594 160.0
115.1774673461914 122.0
116.5220947265625 118.0
166.17684936523438 176.0
163.45651245117188 169.0
116.87651062011719 127.0
130.0158233642578 134.0
108.2691421508789 121.0
115.827392578125 122.0
125.14156341552734 128.0
155.34263610839844 154.0
113.231201171875 108.0
158.65985107421875 155.0
160.338134765625 167.0
125.14707946777344 130.0
118.78807830810547 115.0
165.74539184570312 167.0
142.1927490234375 148.0
159.9016876220703 171.0
105.48484802246094 111.0
112.5865249633789 122.0
106.16150665283203 106.0
111.84664154052734 114.0
141.90167236328125 143.0
148.75868225097656 144.0
101.42261505126953 114.0
120.38584899902344 125.0
112.36941528320312 111.0
151.39207458496094 146.0
134.2008056640625 130.0
107.19474029541016 120.0
132.79539489746094 134.0
122.34032440185547 126.0
133.0295867919922 136.0
150.6927032470703 153.0
159.53091430664062 167.0
130.4700927734375 133.0
110.51119232177734 116.0
109.29777526855469 106.0
113.05104064941406 120.0
150.2079620361328 161.0
115.94161987304688 129.0
145.5326385498047 150.0
129.34182739257812 130.0
101.43170166015625 110.0
115.63748931884766 127.0
122.81649780273438 126.0
133.0832977294922 134.0
150.65750122070312 144.0
106.25788116455078 114.0
95.37898254394531 111.0
120.13713836669922 134.0
128.9353485107422 128.0
155.76785278320312 158.0
109.7075424194336 110.0
152.42721557617188 153.0
144.7271270751953 149.0
161.02960205078125 162.0
127.23473358154297 132.0
111.73371887207031 117.0
105.96011352539062 122.0
162.78956604003906 159.0
120.4064712524414 126.0
139.6101531982422 154.0
120.24470520019531 132.0
111.97618103027344 124.0
106.45233154296875 112.0
115.05027770996094 119.0
129.37588500976562 139.0
159.5691680908203 167.0
121.18913269042969 135.0
149.86009216308594 160.0
113.34225463867188 122.0
114.90129089355469 118.0
164.47097778320312 176.0
160.64825439453125 169.0
114.85191345214844 127.0
126.8288345336914 134.0
107.11390686035156 121.0
114.38361358642578 122.0
122.56413269042969 128.0
152.42262268066406 154.0
111.56521606445312 108.0
155.363037109375 155.0
157.43572998046875 167.0
122.86441040039062 130.0
116.60609436035156 115.0
163.6319580078125 167.0
139.29270935058594 148.0
157.24752807617188 171.0
104.4180908203125 111.0
111.14447784423828 122.0
104.33677673339844 106.0
110.36339569091797 114.0
138.7279510498047 143.0
145.7997589111328 144.0
100.35972595214844 114.0
118.95648193359375 125.0
110.68153381347656 111.0
148.95603942871094 146.0
132.170654296875 130.0
105.54428100585938 120.0
130.18728637695312 134.0
120.93938446044922 126.0
130.1687774658203 136.0
148.7920379638672 153.0
157.12245178222656 167.0
127.95928192138672 133.0
108.83193969726562 116.0
107.2786636352539 106.0
111.09059143066406 120.0
146.96282958984375 161.0
113.91893768310547 129.0
142.50860595703125 150.0
126.92179107666016 130.0
100.01962280273438 110.0
113.8489990234375 127.0
120.74462127685547 126.0
132.24697875976562 134.0
148.42613220214844 144.0
104.97875213623047 114.0
94.52415466308594 111.0
118.10774230957031 134.0
126.38383483886719 128.0
151.51544189453125 158.0
107.52631378173828 110.0
150.704345703125 153.0
141.70925903320312 149.0
158.0583038330078 162.0
124.835205078125 132.0
110.06523895263672 117.0
105.82222747802734 122.0
160.96990966796875 159.0
119.72761535644531 126.0
139.86927795410156 154.0
119.291259765625 132.0
110.73644256591797 124.0
104.174560546875 112.0
114.63632202148438 119.0
129.28871154785156 139.0
159.38067626953125 167.0
120.31988525390625 135.0
149.16098022460938 160.0
112.07813262939453 122.0
113.87657165527344 118.0
162.84034729003906 176.0
159.80157470703125 169.0
113.97377014160156 127.0
125.45584869384766 134.0
103.65779113769531 121.0
111.67066955566406 122.0
120.8391342163086 128.0
151.6248321533203 154.0
110.55765533447266 108.0
154.33544921875 155.0
155.15643310546875 167.0
121.39886474609375 130.0
115.51860809326172 115.0
162.5839385986328 167.0
136.75387573242188 148.0
156.3335418701172 171.0
104.18961334228516 111.0
109.92681121826172 122.0
102.9848403930664 106.0
109.36072540283203 114.0
138.11849975585938 143.0
145.59275817871094 144.0
99.39320373535156 114.0
117.57683563232422 125.0
109.42623901367188 111.0
147.98690795898438 146.0
131.2606964111328 130.0
104.94998931884766 120.0
129.6012420654297 134.0
117.76844787597656 126.0
128.5734405517578 136.0
147.44467163085938 153.0
156.01910400390625 167.0
125.86836242675781 133.0
107.98701477050781 116.0
106.26859283447266 106.0
110.50032043457031 120.0
146.36770629882812 161.0
111.57275390625 129.0
139.8415069580078 150.0
125.96867370605469 130.0
99.16851806640625 110.0
111.27061462402344 127.0
118.5146255493164 126.0
130.0069580078125 134.0
146.4033660888672 144.0
103.2857894897461 114.0
93.80658721923828 111.0
117.83906555175781 134.0
125.80757904052734 128.0
150.0843505859375 158.0
105.67239379882812 110.0
149.45616149902344 153.0
140.2177734375 149.0
156.94786071777344 162.0
123.73949432373047 132.0
107.83186340332031 117.0
104.12915802001953 122.0
162.81390380859375 159.0
120.49205780029297 126.0
140.7718048095703 154.0
119.9679946899414 132.0
111.50731658935547 124.0
105.34188842773438 112.0
115.52273559570312 119.0
129.932373046875 139.0
160.08836364746094 167.0
120.91886138916016 135.0
149.40472412109375 160.0
112.97943878173828 122.0
114.517822265625 118.0
164.20587158203125 176.0
161.02182006835938 169.0
114.6818618774414 127.0
127.06050109863281 134.0
105.37910461425781 121.0
112.89028930664062 122.0
122.0953598022461 128.0
151.4597930908203 154.0
111.29777526855469 108.0
155.28207397460938 155.0
155.93978881835938 167.0
122.81122589111328 130.0
116.71371459960938 115.0
163.25616455078125 167.0
138.20867919921875 148.0
157.29205322265625 171.0
104.28166198730469 111.0
110.37520599365234 122.0
103.27597045898438 106.0
110.22325134277344 114.0
138.7863006591797 143.0
146.39361572265625 144.0
99.84732818603516 114.0
118.3875732421875 125.0
110.2994613647461 111.0
149.1773681640625 146.0
131.6808319091797 130.0
105.57696533203125 120.0
130.3892059326172 134.0
119.34369659423828 126.0
130.12538146972656 136.0
148.27867126464844 153.0
156.99659729003906 167.0
127.3885726928711 133.0
108.55610656738281 116.0
107.45246887207031 106.0
111.31815338134766 120.0
147.137451171875 161.0
113.09281921386719 129.0
141.3634490966797 150.0
127.41536712646484 130.0
99.47048950195312 110.0
112.79672241210938 127.0
120.10649871826172 126.0
131.2389678955078 134.0
147.25653076171875 144.0
104.27186584472656 114.0
93.94093322753906 111.0
118.12567138671875 134.0
126.77891540527344 128.0
151.2484893798828 158.0
107.20378875732422 110.0
150.35015869140625 153.0
141.7998809814453 149.0
157.58367919921875 162.0
124.5393295288086 132.0
109.21790313720703 117.0
105.11962890625 122.0
167.59121704101562 159.0
124.14964294433594 126.0
144.72711181640625 154.0
123.63642120361328 132.0
115.37213134765625 124.0
109.12592315673828 112.0
119.13790893554688 119.0
133.45660400390625 139.0
164.2145538330078 167.0
125.13188934326172 135.0
153.5870819091797 160.0
116.49261474609375 122.0
118.57646179199219 118.0
167.7051239013672 176.0
165.4658660888672 169.0
119.41326904296875 127.0
132.55491638183594 134.0
108.36711120605469 121.0
116.88642883300781 122.0
127.32524108886719 128.0
157.39413452148438 154.0
114.73405456542969 108.0
159.61032104492188 155.0
161.2525177001953 167.0
127.5783920288086 130.0
119.983642578125 115.0
167.42596435546875 167.0
142.05084228515625 148.0
162.0400390625 171.0
107.85269165039062 111.0
114.76446533203125 122.0
108.17070770263672 106.0
113.49571228027344 114.0
143.12098693847656 143.0
151.2530975341797 144.0
103.90467834472656 114.0
122.38410186767578 125.0
114.50865173339844 111.0
153.06971740722656 146.0
135.86456298828125 130.0
108.84046173095703 120.0
134.05300903320312 134.0
122.9853744506836 126.0
134.33477783203125 136.0
152.1256561279297 153.0
160.95372009277344 167.0
132.41754150390625 133.0
112.98825073242188 116.0
110.74371337890625 106.0
114.91417694091797 120.0
151.11691284179688 161.0
116.55203247070312 129.0
145.64366149902344 150.0
131.68777465820312 130.0
102.98959350585938 110.0
116.78257751464844 127.0
123.83739471435547 126.0
135.22723388671875 134.0
151.5072784423828 144.0
107.81236267089844 114.0
97.76475524902344 111.0
122.19743347167969 134.0
131.32470703125 128.0
156.00100708007812 158.0
111.42242431640625 110.0
154.05078125 153.0
147.030517578125 149.0
162.5670623779297 162.0
129.32717895507812 132.0
112.68632507324219 117.0
108.43608856201172 122.0
165.9290771484375 159.0
122.4137191772461 126.0
142.81370544433594 154.0
121.9412841796875 132.0
113.5836181640625 124.0
107.55056762695312 112.0
117.71340942382812 119.0
130.69143676757812 139.0
160.978271484375 167.0
122.6282958984375 135.0
150.6786346435547 160.0
114.84453582763672 122.0
116.78640747070312 118.0
167.9827880859375 176.0
162.09906005859375 169.0
117.46592712402344 127.0
130.98475646972656 134.0
107.85186767578125 121.0
115.04598999023438 122.0
125.65234375 128.0
154.24722290039062 154.0
112.97999572753906 108.0
156.58042907714844 155.0
158.01812744140625 167.0
125.85147857666016 130.0
118.4492416381836 115.0
164.63754272460938 167.0
140.27532958984375 148.0
158.9596405029297 171.0
105.82037353515625 111.0
113.16648864746094 122.0
106.18988800048828 106.0
111.6824722290039 114.0
140.38673400878906 143.0
148.52511596679688 144.0
102.18653106689453 114.0
120.43315887451172 125.0
112.62728118896484 111.0
150.11546325683594 146.0
133.6493682861328 130.0
107.50519561767578 120.0
131.92898559570312 134.0
121.46943664550781 126.0
132.7759552001953 136.0
149.38706970214844 153.0
160.26544189453125 167.0
130.0318145751953 133.0
111.28562927246094 116.0
109.23006439208984 106.0
113.16145324707031 120.0
148.45611572265625 161.0
115.30287170410156 129.0
144.52516174316406 150.0
130.9677734375 130.0
101.58499908447266 110.0
114.90074157714844 127.0
122.46166229248047 126.0
132.9598846435547 134.0
148.822509765625 144.0
106.86644744873047 114.0
96.63804626464844 111.0
120.24638366699219 134.0
129.39190673828125 128.0
154.60609436035156 158.0
110.03803253173828 110.0
150.87037658691406 153.0
144.8978729248047 149.0
159.9340362548828 162.0
127.87541198730469 132.0
111.37864685058594 117.0
106.40766143798828 122.0
165.28817749023438 159.0
121.51342010498047 126.0
141.66354370117188 154.0
121.16521453857422 132.0
112.6060562133789 124.0
107.4804916381836 112.0
116.74405670166016 119.0
130.84030151367188 139.0
160.72996520996094 167.0
122.12522888183594 135.0
151.3961181640625 160.0
114.07575225830078 122.0
115.88731384277344 118.0
166.8217010498047 176.0
161.767578125 169.0
116.52928161621094 127.0
129.14474487304688 134.0
106.75479125976562 121.0
115.20117950439453 122.0
124.0669174194336 128.0
153.77247619628906 154.0
112.46907043457031 108.0
156.24600219726562 155.0
157.8682098388672 167.0
124.69414520263672 130.0
117.50590515136719 115.0
165.0475616455078 167.0
139.8512725830078 148.0
158.24630737304688 171.0
105.8570327758789 111.0
112.03489685058594 122.0
105.48542785644531 106.0
110.87488555908203 114.0
139.7783660888672 143.0
147.68389892578125 144.0
101.30400085449219 114.0
119.63792419433594 125.0
111.65499877929688 111.0
149.87652587890625 146.0
133.05348205566406 130.0
106.61260986328125 120.0
131.23330688476562 134.0
121.4329605102539 126.0
131.95138549804688 136.0
149.78201293945312 153.0
159.5726318359375 167.0
129.6316680908203 133.0
109.98313903808594 116.0
108.3983383178711 106.0
112.22569274902344 120.0
148.16453552246094 161.0
114.47503662109375 129.0
143.3932342529297 150.0
129.53366088867188 130.0
100.65513610839844 110.0
114.31497955322266 127.0
121.38511657714844 126.0
132.2211456298828 134.0
148.33023071289062 144.0
105.63910675048828 114.0
95.81739807128906 111.0
119.6480712890625 134.0
128.145263671875 128.0
153.5611572265625 158.0
108.426025390625 110.0
151.19715881347656 153.0
143.98558044433594 149.0
159.28330993652344 162.0
126.213134765625 132.0
110.7980728149414 117.0
105.55819702148438 122.0
164.22994995117188 159.0
120.9344482421875 126.0
141.29150390625 154.0
120.67806243896484 132.0
112.24169158935547 124.0
106.2255630493164 112.0
115.7772445678711 119.0
129.5949249267578 139.0
160.29769897460938 167.0
121.0725326538086 135.0
149.81353759765625 160.0
113.12077331542969 122.0
114.70731353759766 118.0
164.97105407714844 176.0
160.8061065673828 169.0
115.053466796875 127.0
127.88243103027344 134.0
106.58290100097656 121.0
113.63951873779297 122.0
122.759521484375 128.0
152.9702911376953 154.0
111.60830688476562 108.0
155.54225158691406 155.0
157.20538330078125 167.0
123.72386169433594 130.0
116.90440368652344 115.0
163.88063049316406 167.0
139.00946044921875 148.0
157.07887268066406 171.0
104.52655029296875 111.0
111.11344909667969 122.0
103.95899963378906 106.0
110.30389404296875 114.0
139.1198272705078 143.0
146.6679229736328 144.0
100.30370330810547 114.0
118.6580581665039 125.0
110.59504699707031 111.0
149.25311279296875 146.0
132.08563232421875 130.0
105.65939331054688 120.0
130.61866760253906 134.0
120.40161895751953 126.0
131.3690643310547 136.0
148.54510498046875 153.0
157.71461486816406 167.0
128.18003845214844 133.0
108.4569320678711 116.0
107.47109985351562 106.0
111.61287689208984 120.0
147.71607971191406 161.0
113.97036743164062 129.0
143.09571838378906 150.0
128.5621337890625 130.0
99.8932876586914 110.0
113.55793762207031 127.0
120.80928802490234 126.0
132.05873107910156 134.0
148.50624084472656 144.0
103.97608947753906 114.0
94.1180419921875 111.0
118.41400146484375 134.0
127.04462432861328 128.0
152.79083251953125 158.0
107.21400451660156 110.0
150.5892333984375 153.0
142.62347412109375 149.0
158.40603637695312 162.0
125.22186279296875 132.0
109.99251556396484 117.0
104.56320190429688 122.0
163.3421173095703 159.0
120.3011245727539 126.0
139.91404724121094 154.0
120.00354766845703 132.0
111.92784118652344 124.0
106.33931732177734 112.0
114.93609619140625 119.0
129.1952362060547 139.0
158.81996154785156 167.0
120.8912124633789 135.0
149.3319091796875 160.0
112.74365234375 122.0
114.622314453125 118.0
164.3160858154297 176.0
159.69947814941406 169.0
115.39710235595703 127.0
127.69320678710938 134.0
106.1181640625 121.0
114.16266632080078 122.0
122.77766418457031 128.0
152.4427490234375 154.0
111.31968688964844 108.0
154.44647216796875 155.0
156.77728271484375 167.0
123.55621337890625 130.0
116.19548797607422 115.0
162.7735137939453 167.0
138.48760986328125 148.0
156.77490234375 171.0
104.79832458496094 111.0
111.47805786132812 122.0
104.60176849365234 106.0
110.08818054199219 114.0
138.16604614257812 143.0
145.86709594726562 144.0
100.42361450195312 114.0
118.24920654296875 125.0
110.67200469970703 111.0
148.22756958007812 146.0
131.43045043945312 130.0
105.30326843261719 120.0
129.7642822265625 134.0
120.48017120361328 126.0
130.29461669921875 136.0
147.94178771972656 153.0
157.1835174560547 167.0
128.43724060058594 133.0
108.65000915527344 116.0
107.07144927978516 106.0
111.0008544921875 120.0
146.34725952148438 161.0
113.3104248046875 129.0
142.05825805664062 150.0
128.40673828125 130.0
99.62460327148438 110.0
113.24095153808594 127.0
120.22280883789062 126.0
131.41397094726562 134.0
147.65174865722656 144.0
104.05905151367188 114.0
95.0244140625 111.0
118.4542007446289 134.0
126.60453033447266 128.0
151.61915588378906 158.0
107.22431182861328 110.0
149.6256103515625 153.0
142.29312133789062 149.0
157.7791748046875 162.0
125.05347442626953 132.0
109.76338958740234 117.0
104.91352844238281 122.0
163.22616577148438 159.0
120.32696533203125 126.0
139.63125610351562 154.0
119.52912139892578 132.0
111.64360046386719 124.0
106.17647552490234 112.0
115.26439666748047 119.0
129.8705596923828 139.0
159.16995239257812 167.0
120.81575012207031 135.0
149.44540405273438 160.0
112.8456039428711 122.0
114.56430053710938 118.0
165.59811401367188 176.0
160.4047088623047 169.0
115.23186492919922 127.0
127.59949493408203 134.0
105.6259765625 121.0
113.64166259765625 122.0
122.96482849121094 128.0
152.36524963378906 154.0
111.3062973022461 108.0
154.67820739746094 155.0
156.34930419921875 167.0
123.48655700683594 130.0
116.26025390625 115.0
163.13458251953125 167.0
138.1764373779297 148.0
156.88217163085938 171.0
104.77549743652344 111.0
111.04637145996094 122.0
104.34685516357422 106.0
109.89103698730469 114.0
138.65390014648438 143.0
146.05250549316406 144.0
100.3575439453125 114.0
118.2464599609375 125.0
110.70954895019531 111.0
148.79815673828125 146.0
131.77609252929688 130.0
105.30827331542969 120.0
129.81881713867188 134.0
120.04541778564453 126.0
130.85653686523438 136.0
148.08633422851562 153.0
158.21963500976562 167.0
128.5343780517578 133.0
109.005615234375 116.0
106.96660614013672 106.0
110.8887939453125 120.0
146.88458251953125 161.0
113.10552215576172 129.0
141.8130340576172 150.0
128.22853088378906 130.0
99.55728149414062 110.0
113.10095977783203 127.0
120.16109466552734 126.0
131.17689514160156 134.0
147.1228485107422 144.0
104.65650939941406 114.0
95.02061462402344 111.0
118.2944107055664 134.0
126.69314575195312 128.0
151.81118774414062 158.0
107.31727600097656 110.0
149.7898712158203 153.0
142.04226684570312 149.0
157.59317016601562 162.0
124.99888610839844 132.0
109.50752258300781 117.0
104.45665740966797 122.0
